1 0.5353598 0.3788763 0.4923191
2 0.3813658 0.4537379 0.5266087
3 0.4193751 0.4219431 0.486708
4 0.4923055 0.4350562 0.5590682
5 0.3175357 0.4193585 0.5036259
6 0.4013979 0.3938234 0.4728312
7 0.4673459 0.4979362 0.5680878
8 0.3428445 0.4646008 0.5412397
9 0.2240982 0.4219397 0.4895063
10 0.3197987 0.4811168 0.4895156
11 0.2719217 0.39636 0.4591869
12 0.3175157 0.3570101 0.4537778
13 0.3570374 0.4377163 0.5179453
14 0.4039397 0.4064824 0.5150584
15 0.4645966 0.4219469 0.5237044
16 0.2867202 0.4297777 0.5295251
17 0.4728383 0.5266037 0.5711082
18 0.2931471 0.3887814 0.5093204
19 0.4271751 0.448363 0.51506
20 0.2595281 0.4483722 0.5324431
21 0.3522803 0.3863106 0.4867137
22 0.4090243 0.4116232 0.5237191
23 0.4350751 0.4457011 0.4839302
24 0.4350704 0.4064792 0.4591674
25 0.3358394 0.4039435 0.4867213
26 0.5007819 0.4783761 0.5208157
27 0.2656875 0.4591542 0.5150449
28 0.4646216 0.486705 0.5501244
29 0.371548 0.4430153 0.5471476
30 0.3963398 0.4271669 0.4673496
31 0.3938195 0.4564369 0.526606
32 0.4673515 0.4591606 0.5237102
33 0.3691055 0.4297928 0.5590739
34 0.2677502 0.3988617 0.4839263
35 0.2803307 0.3813738 0.4324361
36 0.5650753 0.4564488 0.5650758
37 0.3715515 0.5237044 0.5863444
38 0.2803281 0.4090448 0.5179443
39 0.3130313 0.4430169 0.5093147
40 0.3522783 0.4324229 0.4755948
41 0.4510396 0.3085316 0.4951174
42 0.4755845 0.3938333 0.5237215
43 0.3312115 0.3428047 0.4457033
44 0.3863485 0.4193369 0.4866989
45 0.2803334 0.4065041 0.526623
46 0.4116331 0.416771 0.4755948
47 0.3570563 0.3813627 0.4866917
48 0.393849 0.4090472 0.4923191
49 0.4618696 0.4430356 0.5324489
50 0.4700762 0.4618667 0.5441933
51 0.3570543 0.4245529 0.5412504
52 0.4646295 0.4895184 0.5324449
53 0.526603 0.4646074 0.5530984
54 0.5208202 0.5179182 0.5353656
55 0.2494335 0.3913124 0.5093265
56 0.4350671 0.4245681 0.5501273
57 0.4350571 0.475576 0.5353647
58 0.4039574 0.4867 0.5442009
59 0.414201 0.4564511 0.5441887
60 0.4756019 0.445698 0.5295312
61 0.3813772 0.427182 0.4979494
62 0.4728249 0.3887906 0.4894954
63 0.3988986 0.5007741 0.5412448
64 0.3063524 0.4141956 0.5064794
65 0.3475524 0.4013842 0.5150592
66 0.2931849 0.4951149 0.5121802
67 0.437721 0.4116246 0.5237191
68 0.4728447 0.4271642 0.4839126
69 0.2241077 0.4866989 0.5441881
70 0.3475483 0.5237091 0.5501273
71 0.4430403 0.4298003 0.5530984
72 0.3175311 0.4142024 0.5093417
73 0.3715666 0.4350896 0.5208353
74 0.5007777 0.4728244 0.5150386
75 0.4297939 0.3715102 0.4951256
76 0.4618651 0.4646117 0.5832885
77 0.3381643 0.3691038 0.5150709
78 0.3041234 0.4245612 0.5501244
79 0.5179244 0.4298026 0.5295312
80 0.3715589 0.4141617 0.526614
81 0.4014174 0.4457 0.5711142
82 0.4537428 0.3887708 0.4894984
83 0.2867177 0.3988483 0.5894182
84 0.2698238 0.459163 0.5560756
85 0.315283 0.4403737 0.5121905
86 0.3175288 0.3666661 0.427182
87 0.4039574 0.4839079 0.5650695
88 0.3988902 0.429805 0.5441991
89 0.4403785 0.4350416 0.5471472
90 0.3838579 0.4951111 0.5093142
91 0.5208052 0.4297959 0.5560877
92 0.2867305 0.4350497 0.5064581
93 0.4537294 0.4167498 0.4923049
94 0.299722 0.4064835 0.5179417
95 0.3570543 0.4298038 0.5590718
96 0.3522783 0.3938195 0.5093327
97 0.3428403 0.3863334 0.4728554
98 0.4951427 0.3963616 0.5620781
99 0.470109 0.4646058 0.5266092
100 0.3739898 0.4839068 0.5150533
