1 0.079051268442695 0.218404306495115 0.376438149959093
2 0.154688397159018 0.271821571929212 0.506460210462
3 0.0859466053818822 0.243408457679346 0.481153382275835
4 0.310758585243795 0.225882452668987 0.345088443365316
5 0.121965511666483 0.157838745412341 0.288876311169327
6 0.108379947208368 0.191258432246493 0.304034100426852
7 0.196536028761641 0.23938930790592 0.369034383475124
8 0.13931844031943 0.237500428990709 0.512195833186381
9 0.187788915684374 0.30185993344649 0.354576918733514
10 0.140833894568335 0.209097713512814 0.257354021523904
11 0.0620559797419054 0.280224535036634 0.467327307155984
12 0.151522760295193 0.259433656343623 0.406455110784209
13 0.187757750654617 0.30185209918033 0.411589704483584
14 0.24540956006109 0.317444638580103 0.475587511990547
15 0.143859803817116 0.286655060643076 0.646069901003013
16 0.175822749223564 0.321995528539896 0.448357137038461
17 0.137835818925734 0.231705183515559 0.49230386391168
18 0.185952879671369 0.20721576147113 0.352190719704883
19 0.119188708800967 0.237460825964262 0.359396932809828
20 0.131965426683387 0.342780566301588 0.611136243278839
21 0.0859771001183622 0.28882540196796 0.364263944373173
22 0.229806665875934 0.324293747421936 0.559070793012638
23 0.0630797129751251 0.278186503162834 0.437739532479273
24 0.130514715846907 0.261532717629276 0.481154496830843
25 0.0591211317538067 0.220245602634902 0.448353104225237
26 0.157808618746415 0.280241796613295 0.642848242528669
27 0.123390438419971 0.239438443916388 0.364239974688418
28 0.284555573828704 0.391276965349986 0.467324019324108
29 0.077950194754467 0.239429812044711 0.464589393313143
30 0.0993615810619016 0.324265865113658 0.538315017360185
31 0.0692635420158947 0.231667128462872 0.331205252302922
32 0.169169434506708 0.304097680301236 0.515051943114885
33 0.10062785987345 0.130349759693048 0.247324856471394
34 0.201908901297367 0.328812269911357 0.559067399926856
35 0.0993615810619016 0.32427892913899 0.475580096722195
36 0.187778293286251 0.227843547622557 0.386339902789725
37 0.108403379790054 0.220266500484003 0.411631641482218
38 0.112375985604443 0.310736973492054 0.544188259437247
39 0.116444094124638 0.153105385260245 0.315260700818257
40 0.00225821094350891 0.156243887747454 0.239518559793839
41 0.10709382579336 0.205496382614309 0.319785139721724
42 0.170847152273741 0.475594019094099 0.695251709289305
43 0.0993191040277527 0.145308776317367 0.340501466698726
44 0.107079531218639 0.212783340041198 0.391267069642746
45 0.121927011229851 0.201773849116097 0.331111166011636
46 0.255408727691281 0.293059434301708 0.371471146500967
47 0.112394534009004 0.259511549616673 0.503633204542078
48 0.140829722508971 0.271889923399963 0.497969023751258
49 0.0895200102607847 0.187690439568927 0.409050946217273
50 0.0871297353011633 0.340426570198337 0.526605636497708
51 0.0836043611351261 0.212804437883064 0.317505340838399
52 0.205517954634448 0.251401047380541 0.443052070837668
53 0.121983353560183 0.19297520285615 0.366626848457949
54 0.161029438695355 0.253397983926346 0.386352021872303
55 0.205540773347689 0.249248605318839 0.275964253292453
56 0.133415574010281 0.18585598266072 0.290899093148072
57 0.130523494286904 0.210971544759038 0.293088787280459
58 0.0600931491737658 0.265603862110604 0.500767153876673
59 0.159445567267144 0.317495549117254 0.470094608717039
60 0.0993713373683375 0.241433565231366 0.459184481349242
61 0.121978850942482 0.224045570814092 0.324297278583529
62 0.265645687613629 0.328805813612691 0.383790368205556
63 0.116417332091041 0.280186385861674 0.369033412371283
64 0.119158077018465 0.233606724505296 0.53537981752453
65 0.142316266598109 0.220277548894137 0.290972308217605
66 0.157846546679682 0.295348059299255 0.40645276992127
67 0.109688765205057 0.182570314049587 0.310764485149106
68 0.112375985604443 0.253376549525299 0.589423533825184
69 0.184316329752178 0.317449540677277 0.503603681196538
70 0.218424914482197 0.361765190203889 0.435036787664647
71 0.140846575727746 0.293184875732957 0.470111428305193
72 0.129076420621012 0.282358787542548 0.44301381995108
73 0.201932360611037 0.308529599146841 0.568097986294892
74 0.225994915101427 0.319697573484545 0.43503650688234
75 0.104479585873019 0.243416098016229 0.440354760870958
76 0.113731667705806 0.198293795734619 0.411631641482218
77 0.170835670832211 0.388785798351446 0.435035999661981
78 0.156271432752248 0.304041062537648 0.403916160190676
79 0.172483726523765 0.347455897819718 0.44033650232855
80 0.126151488941488 0.22784872123079 0.461896658457506
81 0.120584273228142 0.225965140056477 0.445685545930671
82 0.0980936372531407 0.326561238347803 0.556086360917215
83 0.22032253918593 0.306259589629169 0.472816288577154
84 0.2110172616142 0.284495131340951 0.352210971126195
85 0.120579777517348 0.227840997924097 0.306234765596317
86 0.120575309947294 0.290986390239567 0.58023539382113
87 0.094376649536327 0.278174759265482 0.492318221208862
88 0.124761626291991 0.201846037864161 0.301844824347173
89 0.0847764817778972 0.205409344043303 0.26552079734636
90 0.310776881250302 0.373921717042449 0.456448000443241
91 0.154692434235218 0.267704764111461 0.520821657653466
92 0.186016173262257 0.276044197466409 0.437693795480563
93 0.131965426683387 0.243393831461157 0.467326205523331
94 0.0836245084431378 0.259473803932438 0.396374951343563
95 0.149999455106374 0.259431780625408 0.383786367185844
96 0.139339268189629 0.245273681714799 0.396300165294567
97 0.151562601960227 0.220303868845084 0.481141304850329
98 0.124778850760624 0.209102809949117 0.464588826787309
99 0.170843298584605 0.361809022025543 0.559080293375015
100 0.108398636220509 0.239438443916388 0.512176196234426
