1 0.3988824 0.3888081 0.4811323
2 0.3107769 0.3937884 0.4618635
3 0.3243374 0.414179 0.4755757
4 0.3691004 0.409036 0.4618838
5 0.2636245 0.3522599 0.4457055
6 0.3475197 0.3063126 0.4013907
7 0.414178 0.4350619 0.5093165
8 0.3451773 0.3427919 0.4591456
9 0.1515384 0.3451136 0.4811189
10 0.2356086 0.3788701 0.4090589
11 0.2260043 0.2356028 0.4039502
12 0.2494189 0.2996695 0.4324361
13 0.3764318 0.3690751 0.517928
14 0.3888108 0.3381156 0.4350528
15 0.3289064 0.3288774 0.4537422
16 0.1930106 0.3040488 0.4430333
17 0.3691038 0.3838249 0.481137
18 0.3107605 0.3174576 0.4783552
19 0.3888333 0.4064647 0.4456871
20 0.2298067 0.4430067 0.4895008
21 0.2534324 0.3040668 0.4245612
22 0.3522822 0.3311751 0.437706
23 0.3311992 0.3243046 0.4728428
24 0.3988629 0.3569921 0.4537515
25 0.4141956 0.3357606 0.4350377
26 0.4193838 0.4591665 0.5093249
27 0.1983528 0.3715253 0.464591
28 0.4537435 0.4403381 0.4673277
29 0.3963466 0.3714713 0.4755902
30 0.2221878 0.3174562 0.3912896
31 0.3475018 0.39127 0.4141611
32 0.3522726 0.3546266 0.4923039
33 0.3593777 0.3197323 0.4923011
34 0.2279059 0.3888108 0.4618847
35 0.15943 0.3475096 0.4219674
36 0.414193 0.3938221 0.4979354
37 0.2718976 0.4483505 0.5620677
38 0.2514174 0.2909782 0.4457011
39 0.255461 0.3739584 0.4193317
40 0.2781988 0.3018683 0.4350571
41 0.3888135 0.2824229 0.4839004
42 0.2298157 0.3690924 0.4700775
43 0.2615428 0.2823456 0.3963066
44 0.304135 0.3862938 0.4219344
45 0.1843198 0.3288704 0.4430269
46 0.3938208 0.3618189 0.4728467
47 0.2656792 0.364205 0.4591492
48 0.2165726 0.2888154 0.4700917
49 0.2656738 0.2718506 0.4245681
50 0.3197643 0.2931554 0.4456833
51 0.3788995 0.4219381 0.512179
52 0.4839253 0.4193489 0.4811265
53 0.3963523 0.3427919 0.4867193
54 0.3838512 0.3690751 0.4537428
55 0.1912794 0.3334729 0.4510548
56 0.2355999 0.4297653 0.4783588
57 0.3813554 0.3642324 0.4618707
58 0.3522783 0.4039384 0.5208157
59 0.4116246 0.3498799 0.470089
60 0.4537489 0.3358049 0.4811395
61 0.2615612 0.3040787 0.4403703
62 0.315265 0.3594035 0.4297652
63 0.3108017 0.3988764 0.4951107
64 0.2595253 0.3838099 0.4783588
65 0.301928 0.359409 0.478369
66 0.196556 0.4297949 0.4866964
67 0.4811481 0.3888135 0.4591613
68 0.3130246 0.3715253 0.4838996
69 0.1178146 0.3570392 0.4193499
70 0.3666711 0.4141661 0.5064507
71 0.3594312 0.3863119 0.4839226
72 0.4645955 0.4839154 0.5353775
73 0.2317366 0.3334949 0.4564602
74 0.4403639 0.3913238 0.4811432
75 0.2975009 0.3522377 0.4537384
76 0.2867128 0.3618117 0.4839041
77 0.3243162 0.3220114 0.4700927
78 0.2147258 0.3522392 0.4700977
79 0.2867153 0.3451429 0.4297949
80 0.2698238 0.4673286 0.4839113
81 0.42981 0.3715298 0.4923266
82 0.3912675 0.4039103 0.4403358
83 0.3063339 0.3018948 0.4403773
84 0.2474286 0.4324302 0.4979548
85 0.2073705 0.3691038 0.4673468
86 0.3475215 0.3152227 0.4141759
87 0.3063477 0.2888317 0.4245669
88 0.3041303 0.5036143 0.5208044
89 0.3404932 0.3690778 0.4618633
90 0.3546633 0.3863228 0.5150402
91 0.4537329 0.4537524 0.506452
92 0.2474257 0.3265772 0.4618934
93 0.3937943 0.319751 0.443025
94 0.2128452 0.3715224 0.4783709
95 0.2888687 0.3642416 0.5266092
96 0.3152607 0.2866645 0.4483835
97 0.3311839 0.3739326 0.459163
98 0.3862978 0.3764381 0.51504
99 0.3289043 0.4350469 0.4755751
100 0.2454289 0.3690608 0.4350619
