1 0.123376994255958 0.210977311824467 0.456463258232791
2 0.0746113937828942 0.180837151376013 0.333494862832529
3 0.077950194754467 0.170792134144409 0.308568303431545
4 0.20736376583157 0.251340206302075 0.373978352155599
5 0.101892600784668 0.205399026530641 0.453743547048448
6 0.112385203006674 0.227785296425865 0.445670189561636
7 0.129067655463513 0.174165921334828 0.359438244653041
8 0.074621921886483 0.18948427238201 0.451068314122653
9 0.107051713436996 0.205395077782061 0.32195152795062
10 0.0630469244648213 0.26147670021252 0.349874959380614
11 0.0790616280945282 0.214659312748781 0.414152953760059
12 0.0561972062137653 0.113633004782664 0.267744766319477
13 0.192984554996127 0.269751545219991 0.403920412662259
14 0.0813041197420933 0.201862848470125 0.284560229885127
15 0.0779088235365286 0.154642062852496 0.297533350675178
16 0.0543305566647299 0.21273970227996 0.467327307155984
17 0.269774593736137 0.28881151637523 0.437719792748043
18 0.194801812075999 0.295310241137291 0.435060879558721
19 0.0968102229786252 0.182524127584068 0.361765149275005
20 0.0259023696274595 0.194668222365088 0.312960204334267
21 0.0640894008941277 0.19468815392342 0.448379104222465
22 0.116453240987658 0.196402076188069 0.275959378076581
23 0.0871347527931602 0.129029591976705 0.276082863312923
24 0.187744575745728 0.373920914060922 0.414150023353088
25 0.0779292732025358 0.203605583621009 0.331108849707556
26 0.0836194276457893 0.259443390931109 0.451072819668097
27 0.137861352393184 0.278196314520039 0.416779948965225
28 0.0768101180393294 0.2091159944547 0.386343267063567
29 0.0993330036817856 0.157783673531651 0.29754528613235
30 0.19126530215581 0.243426624449841 0.393828958484653
31 0.0403553012624822 0.124664129754383 0.222158874236642
32 0.146905387631089 0.198251002576315 0.333432589491691
33 0.157854455775495 0.214697113397422 0.396300591147507
34 0.0630852825901965 0.184305975521609 0.376443127887072
35 0.112399242107967 0.354619184898769 0.515061645501362
36 0.0836296185524276 0.220277548894137 0.443047999564576
37 0.0552965578238487 0.146854729858381 0.293145106440723
38 0.0724238665355996 0.359393266549921 0.435058026678519
39 0.087100243621121 0.180859392932981 0.396374951343563
40 0.10836623000366 0.207307508322595 0.48390839316649
41 0.0524850472554297 0.214648537072205 0.440337291911786
42 0.0801560026358111 0.225935251051297 0.451049279136862
43 0.0894807907759725 0.167380646883208 0.333472916761223
44 0.143839291010189 0.200006989072361 0.3888030435386
45 0.11642613966943 0.180862675232856 0.464604294228846
46 0.0713709852066213 0.345110649232324 0.284529563019319
47 0.0757198219344581 0.156199747082554 0.414196906347016
48 0.0943717298440709 0.205436703261035 0.342738082794637
49 0.381312186495534 0.352188912593448 0.396298655447483
50 0.0671449235992459 0.16746346873601 0.406471325035237
51 0.0931504624091407 0.187764494167907 0.31303831702298
52 0.0661219045401229 0.185993797864985 0.406501258173596
53 0.100567525900038 0.199987252643453 0.273868691410497
54 0.140801288088019 0.259445409045267 0.424551947741626
55 0.121974376420392 0.172424875801981 0.357027116232946
56 0.136344635884598 0.210941633078148 0.317437941851414
57 0.101851019696748 0.222122565912262 0.472829143516997
58 0.0871499804705105 0.249314400871196 0.391278273042654
59 0.0703051342845222 0.194675503178231 0.326516054937914
60 0.111028351278339 0.169126928284949 0.333514200675131
61 0.136352968217799 0.255365996361707 0.376427234224341
62 0.073521469272772 0.136324288813924 0.335831168315927
63 0.0956010868458066 0.21277584448302 0.391294589451885
64 0.089495279617583 0.142218275517765 0.319742199096331
65 0.156247741722317 0.233532958418432 0.424561163604185
66 0.165894650876888 0.210954850147025 0.503624212628169
67 0.151522760295193 0.218301124943393 0.315208494289345
68 0.0620290766284185 0.134849311314302 0.207271993882011
69 0.127628599736292 0.203687496294429 0.453736295834769
70 0.0980888388325798 0.20180803867973 0.361828173536475
71 0.0703051342845222 0.165851335758263 0.338160207897459
72 0.0859617211828221 0.297417443051215 0.35218797787668
73 0.0757251092869474 0.222038951610018 0.448364530376231
74 0.117783660157104 0.192889924106845 0.304051594696924
75 0.0396175543683173 0.267680746601745 0.451058281978445
76 0.0847815122042958 0.194593341115889 0.403900258276139
77 0.145338693031902 0.207310417951464 0.381344678523768
78 0.170828149252532 0.308452443659866 0.503610031797512
79 0.0691554802977967 0.179088386683246 0.456436497716917
80 0.142320280345702 0.222187798772556 0.364201111830819
81 0.192987724067697 0.194683016219733 0.261545323927958
82 0.13341985145957 0.239492888467019 0.443026945847409
83 0.0404011836624384 0.227821490935961 0.381348546395041
84 0.112371419505582 0.187722521137356 0.378891727797679
85 0.0462297496686247 0.319681017333197 0.328836092578694
86 0.042859299066993 0.167441423664536 0.35225153247285
87 0.100618261173097 0.174099023617908 0.445687918627081
88 0.115063531847751 0.220269225121018 0.461870157033414
89 0.00814787503685893 0.159365540608378 0.265549056780997
90 0.0943717298440709 0.326510915413362 0.326509932848266
91 0.0488964181499789 0.209110644641008 0.286639519842573
92 0.076820502901619 0.224040222521621 0.421935802399428
93 0.0571564048296021 0.295233790419793 0.378853491617479
94 0.0610513496796855 0.271764509166772 0.414166130836797
95 0.0955914344963733 0.165847899767699 0.328834930536594
96 0.0883109067025684 0.165844490488383 0.231719099146895
97 0.131939885412076 0.203612439044365 0.324224979899742
98 0.140793411489391 0.196442949337574 0.304063554559062
99 0.139335047523864 0.196424606528542 0.319701717849553
100 0.108403379790054 0.247400501084095 0.568087475329727
