1 0.06105135 0.1740799 0.2930978
2 0.05716746 0.1392015 0.3887867
3 0.04368695 0.2335754 0.3988241
4 0.1247366 0.207272 0.3311075
5 0.08829133 0.1658026 0.3130034
6 0.1393393 0.2202585 0.2636055
7 0.09188868 0.1609372 0.3334826
8 0.09677851 0.282362 0.4014031
9 0.08129911 0.1437211 0.3311181
10 0.06007104 0.1964709 0.3358067
11 0.1205798 0.2164959 0.3888056
12 0.07899159 0.1467385 0.2823289
13 0.04452269 0.1392675 0.2697884
14 0.1150373 0.1724414 0.3357467
15 0.07791899 0.1691202 0.3358194
16 0.139275 0.175726 0.3474756
17 0.0412342 0.1808341 0.3498642
18 0.1070701 0.2036875 0.4090437
19 0.09556781 0.164197 0.333464
20 0.0691951 0.2036669 0.3739178
21 0.1031247 0.1546099 0.3197703
22 0.08017108 0.1657495 0.3197017
23 0.1110468 0.1546725 0.3499033
24 0.09311175 0.1724029 0.5590652
25 0.06504828 0.1332371 0.3545701
26 0.02291878 0.1877413 0.257478
27 0.1083662 0.2221645 0.3788352
28 0.1178012 0.1774583 0.2317396
29 0.04707844 0.3196986 0.3938122
30 0.1290462 0.2000909 0.3063167
31 0.05619721 0.1362362 0.2931335
32 0.1110375 0.2183718 0.4298038
33 0.06604878 0.1318305 0.2909885
34 0.05908784 0.2000472 0.3451475
35 0.06613833 0.2109744 0.2975242
36 0.104456 0.2533882 0.3988681
37 0.01352939 0.006761364 0.1947948
38 0.06914587 0.1790561 0.2975112
39 0.1123359 0.2259061 0.3084837
40 0.1018075 0.1514257 0.003918751
41 0.2336401 0.2493713 0.4090158
42 0.07679985 0.1377916 0.3130116
43 0.07568872 0.1363405 0.3381562
44 0.0724343 0.1929752 0.4377079
45 0.04626441 0.1407593 0.2953551
46 0.06305231 0.1468365 0.2996407
47 0.1261932 0.1774364 0.4167467
48 0.1177378 0.1593214 0.3151783
49 0.05815153 0.1437929 0.3085165
50 0.09935675 0.157816 0.3358232
51 0.06707788 0.17918 0.3220518
52 0.08709065 0.1825606 0.2844905
53 0.04202223 0.3357407 0.4811171
54 0.07239328 0.164238 0.3197765
55 0.05155449 0.1437966 0.3788611
56 0.089448 0.1546099 0.3546464
57 0.001688916 0.1082657 0.2494022
58 0.1177338 0.1362568 0.2844504
59 0.01461312 0.008699827 0.2595062
60 0.07129932 0.1407275 0.297461
61 0.1110514 0.1609895 0.2395041
62 0.09680102 0.2108323 0.3219683
63 0.08012185 0.1982618 0.4564612
64 0.0411875 0.1642102 0.2802983
65 0.1319441 0.1912352 0.3040668
66 0.06408388 0.1453124 0.2354572
67 0.06107881 0.154555 0.1773685
68 0.1123669 0.1860195 0.4090631
69 0.05247372 0.1641188 0.280219
70 0.008467652 0.1422282 0.2888193
71 0.0661219 0.1593723 0.2823093
72 0.04538947 0.2127418 0.3937853
73 0.1438041 0.1929015 0.3569836
74 0.04624694 0.2127547 0.4783462
75 0.041955 0.106811 0.2413987
76 0.04124618 0.1929374 0.3242413
77 0.08591716 0.201838 0.3593595
78 0.06004941 0.1437242 0.3334809
79 0.07901594 0.1774186 0.3334585
80 0.04364727 0.1261356 0.4245399
81 0.009620583 0.134785 0.2975154
82 0.04199933 0.1467703 0.3690478
83 0.08949528 0.1468121 0.2888404
84 0.01082911 0.1136174 0.3220583
85 0.05430831 0.196479 0.3862989
86 0.07025314 0.1377164 0.3357447
87 0.03574944 0.1499486 0.3498392
88 0.08359446 0.1453198 0.3617912
89 0.06711335 0.0894389 0.237518
90 0.1005587 0.1422248 0.2910108
91 0.04535524 0.1347921 0.3404325
92 0.07028398 0.009073088 0.3666469
93 0.07352147 0.1593655 0.3788486
94 0.03958809 0.1530214 0.3062609
95 0.07898205 0.1422055 0.2355121
96 0.0702431 0.1741056 0.3593657
97 0.05250226 0.2221018 0.3642324
98 0.1031159 0.1406426 0.2759797
99 0.07352674 0.164238 0.3451852
100 0.05340095 0.1691039 0.3521875
