1 0.1741622 0.3427847 0.3988309
2 0.1930174 0.2739564 0.4039349
3 0.1843094 0.2996695 0.4039058
4 0.225998 0.2594715 0.4167324
5 0.2222001 0.282372 0.4064713
6 0.3062901 0.3498447 0.3690598
7 0.2615532 0.2845379 0.4350553
8 0.1610109 0.2553799 0.4193509
9 0.08242076 0.2823604 0.3666455
10 0.1912417 0.3018096 0.378851
11 0.1947983 0.2336746 0.386335
12 0.1594456 0.1859147 0.3764365
13 0.3451608 0.2909666 0.4167579
14 0.3546281 0.3739252 0.4350629
15 0.3788633 0.2824051 0.4115905
16 0.1261762 0.2974513 0.4013784
17 0.3242973 0.2931471 0.4537458
18 0.1468814 0.2533765 0.383805
19 0.2375626 0.3107105 0.3937969
20 0.1468854 0.3988483 0.419347
21 0.2147128 0.3288688 0.429797
22 0.2474115 0.3451078 0.3913036
23 0.2128515 0.2240273 0.3152504
24 0.3545938 0.280232 0.3593945
25 0.2203194 0.2336141 0.3739318
26 0.4064547 0.3427981 0.4430416
27 0.1675374 0.255416 0.3739466
28 0.3887994 0.3666661 0.4271448
29 0.2395012 0.3690848 0.4167323
30 0.1659022 0.2072029 0.39378
31 0.2910131 0.3152332 0.4430221
32 0.284565 0.2845255 0.3764071
33 0.1825736 0.255404 0.4297709
34 0.1775282 0.2697791 0.4116316
35 0.2055544 0.2953412 0.3739546
36 0.2259768 0.2316971 0.3813568
37 0.1363323 0.3764083 0.4867
38 0.1546725 0.2221299 0.44567
39 0.148394 0.2594858 0.3763858
40 0.1515228 0.2145923 0.3666203
41 0.2394929 0.2055086 0.4167446
42 0.17583 0.2866588 0.3838199
43 0.1675188 0.24332 0.3334169
44 0.2803153 0.32655 0.3912797
45 0.1792084 0.2316625 0.4013979
46 0.3107901 0.2594715 0.3690939
47 0.1530859 0.2316625 0.406467
48 0.1808969 0.2594454 0.3887645
49 0.1408215 0.2183823 0.3912672
50 0.1499599 0.1930106 0.421933
51 0.2845698 0.2259485 0.42977
52 0.3838099 0.2802678 0.4064771
53 0.2474143 0.299673 0.4483677
54 0.4090098 0.2803031 0.4324027
55 0.1843414 0.2221401 0.3763943
56 0.4115963 0.3617902 0.3988581
57 0.3358067 0.2676892 0.3739367
58 0.2165632 0.4064771 0.4783442
59 0.2824448 0.2718777 0.4537524
60 0.4116107 0.2931262 0.4141823
61 0.2803079 0.2375128 0.3594008
62 0.3197457 0.2336374 0.4167426
63 0.2091502 0.2888059 0.4323963
64 0.1484363 0.2036268 0.3838496
65 0.2336746 0.3084996 0.3739296
66 0.4013612 0.3357815 0.4167369
67 0.3311652 0.1691337 0.38629
68 0.2867153 0.3265738 0.4271511
69 0.09685308 0.3498447 0.386273
70 0.1860295 0.2355569 0.4483703
71 0.3498734 0.2781282 0.4377015
72 0.1057009 0.1877225 0.3594329
73 0.1842992 0.2414143 0.4064945
74 0.416756 0.2760505 0.4324181
75 0.1708207 0.2697596 0.3963234
76 0.15943 0.2802618 0.4591583
77 0.2055086 0.2453629 0.4350629
78 0.1136826 0.2473387 0.3912878
79 0.2474171 0.331156 0.448349
80 0.2184532 0.3129398 0.4297863
81 0.2221848 0.3666279 0.3937977
82 0.21845 0.3288623 0.4167365
83 0.2037291 0.2739199 0.432413
84 0.1546609 0.3788737 0.4219215
85 0.1515463 0.2697837 0.3838023
86 0.2888472 0.2336268 0.3428081
87 0.2997387 0.3988473 0.4013803
88 0.2203131 0.3062866 0.4193272
89 0.3288903 0.3311343 0.4564354
90 0.1791664 0.2656362 0.4700681
91 0.2953481 0.2974912 0.4245316
92 0.1499833 0.2656293 0.3739499
93 0.2298067 0.2091719 0.3764398
94 0.1377955 0.2594495 0.3311605
95 0.2001334 0.2615027 0.4618804
96 0.2434403 0.3084573 0.3937943
97 0.1530936 0.2128242 0.3594134
98 0.3288884 0.2278761 0.4065085
99 0.2375508 0.2655768 0.4537533
100 0.1276072 0.198233 0.3938221
