1 0.0894526 0.1773782 0.3084624
2 0.1484052 0.1512986 0.3666054
3 0.09931453 0.1406793 0.2996209
4 0.08354673 0.1774456 0.3474572
5 0.1233595 0.2146356 0.3545948
6 0.1484166 0.2072772 0.335795
7 0.1177298 0.185964 0.3546164
8 0.1378033 0.1964429 0.3151792
9 0.04794654 0.1877017 0.3311605
10 0.08011709 0.2146459 0.317481
11 0.129059 0.1929721 0.3594261
12 0.07459582 0.1452012 0.2996784
13 0.2165663 0.214614 0.3357858
14 0.06604878 0.18935 0.3617679
15 0.126172 0.1346533 0.2930616
16 0.06698023 0.136091 0.349847
17 0.08011709 0.1593689 0.3152178
18 0.09187931 0.1946414 0.3311085
19 0.08125539 0.179078 0.3174302
20 0.09929208 0.151435 0.2909648
21 0.08708589 0.1773757 0.3265358
22 0.09310704 0.2259458 0.293083
23 0.07238332 0.1333285 0.3358084
24 0.1947611 0.2760421 0.373961
25 0.08472308 0.1317632 0.3545717
26 0.2037126 0.2202585 0.3739559
27 0.1177837 0.1593689 0.3085459
28 0.1484363 0.2413987 0.3311438
29 0.1808969 0.2316366 0.371473
30 0.09434282 0.1466871 0.3357721
31 0.1546421 0.1807781 0.3040488
32 0.1136491 0.1929088 0.3404023
33 0.3498219 0.1288732 0.317481
34 0.1163958 0.1841857 0.3427861
35 0.08828651 0.2473211 0.3174349
36 0.1877611 0.1530598 0.3174975
37 0.07900124 0.275998 0.3641906
38 0.07785976 0.1706771 0.299642
39 0.04446156 0.170731 0.3357685
40 0.1562516 0.1756572 0.3357596
41 0.1675224 0.1577942 0.3451328
42 0.1658761 0.1561997 0.3474714
43 0.07788885 0.1545404 0.2802368
44 0.1642452 0.191155 0.3219586
45 0.08587954 0.1162988 0.2975242
46 0.1515228 0.1947154 0.326539
47 0.1096367 0.09407998 0.3474903
48 0.06704863 0.09042638 0.3152194
49 0.07241869 0.1982484 0.3474959
50 0.09557717 0.1529437 0.2996533
51 0.1642674 0.2018776 0.3569756
52 0.09679646 0.2054391 0.3641893
53 0.2615667 0.2512805 0.3788374
54 0.1378193 0.3129519 0.3714779
55 0.1137045 0.1377689 0.2974894
56 0.07559725 0.1498291 0.3498413
57 0.1912584 0.2297523 0.3641854
58 0.0542142 0.1467733 0.3404776
59 0.1792011 0.1544513 0.3988376
60 0.2221848 0.2258845 0.3666067
61 0.1123316 0.1497695 0.3040074
62 0.07242387 0.1545462 0.3522363
63 0.1578311 0.2996333 0.3937837
64 0.09430141 0.2573436 0.3714955
65 0.1233682 0.2018628 0.3714714
66 0.131873 0.2634951 0.40901
67 0.1877713 0.3427599 0.3311425
68 0.1219354 0.1609137 0.3450884
69 0.1031845 0.1561595 0.2780858
70 0.1057227 0.2109603 0.3739257
71 0.096744 0.1561231 0.3357801
72 0.06606396 0.1877645 0.3130159
73 0.06398471 0.1347642 0.3129792
74 0.1626369 0.227836 0.3594278
75 0.080161 0.1740647 0.3242252
76 0.05999241 0.2164768 0.3938066
77 0.2474199 0.1530454 0.3522363
78 0.05902452 0.1246897 0.3242686
79 0.0789964 0.237444 0.3569817
80 0.1044606 0.1876003 0.3522151
81 0.1825769 0.1807965 0.3197277
82 0.1057452 0.1808341 0.3174495
83 0.06302042 0.237415 0.3018054
84 0.07562028 0.1876093 0.3593898
85 0.1205577 0.1561859 0.3129899
86 0.08590758 0.1514288 0.2760549
87 0.09434757 0.1333212 0.3813447
88 0.1070382 0.2109315 0.3521883
89 0.1333905 0.1392564 0.321977
90 0.1290296 0.164181 0.3715053
91 0.1758015 0.1317346 0.3837875
92 0.1057544 0.1561408 0.3219806
93 0.09069752 0.1911575 0.3641975
94 0.08703995 0.170737 0.3242903
95 0.09431953 0.1690646 0.3569781
96 0.07128472 0.1421725 0.3265474
97 0.1658984 0.1674384 0.3404313
98 0.09430141 0.1483723 0.3085335
99 0.1083139 0.1576571 0.3618131
100 0.09063244 0.1690883 0.3018701
