1 0.002951733 0.1562177 0.2221673
2 0.04793555 0.09544889 0.1577837
3 0.0496962 0.1657848 0.3427466
4 0.07673129 0.1377099 0.2717897
5 0.08125068 0.1346028 0.3151923
6 0.07129442 0.1514257 0.2374956
7 0.05058866 0.116347 0.2183475
8 0.0906236 0.1740008 0.3988347
9 0.04701376 0.09911329 0.2146331
10 0.06404081 0.1175969 0.2655436
11 0.07786934 0.01246876 0.3357829
12 0.0505781 0.1377264 0.29532
13 0.05063211 0.07663931 0.2127783
14 0.0551622 0.08706717 0.145331
15 0.06711854 0.1318512 0.2823686
16 0.05908784 0.1609372 0.3311088
17 0.03646839 0.1109634 0.3265569
18 0.01170059 0.1082657 0.1877645
19 0.04533853 0.1149391 0.2780891
20 0.03130731 0.1218908 0.3085095
21 0.08358956 0.1289899 0.295316
22 0.03722599 0.1452416 0.2909743
23 0.03877729 0.113633 0.2677002
24 0.06818145 0.1275286 0.3570073
25 0.03337343 0.003673207 0.224051
26 0.05802438 0.09795831 0.3197405
27 0.0427541 0.1190932 0.345107
28 0.07021369 0.1674445 0.2823947
29 0.03419058 0.1288312 0.3522335
30 0.02671802 0.1318804 0.2221818
31 0.04284195 0.1108592 0.2931095
32 0.06104058 0.1707921 0.3642071
33 0.04448336 0.009872852 0.1757526
34 0.03724962 0.1108367 0.3641893
35 0.03349539 0.1408053 0.2240858
36 0.06198759 0.1791105 0.4064662
37 0.05428655 0.01343773 0.2473387
38 0.03641064 0.1260834 0.2221507
39 0.04968554 0.1609724 0.1659061
40 0.06501771 0.1657996 0.3450902
41 0.1275906 0.1658344 0.376383
42 0.04707289 0.08939512 0.2493915
43 0.06709797 0.1004999 0.2739655
44 0.0411818 0.09431041 0.2165421
45 0.02926567 0.139162 0.00236681
46 0.03953145 0.1452066 0.2823128
47 0.05810722 0.1191329 0.2493812
48 0.04970698 0.1275003 0.233654
49 0.0428477 0.1289602 0.2717552
50 0.04710098 0.1438156 0.3174955
51 0.02986876 0.09296421 0.3085165
52 0.0756489 0.1453235 0.2953527
53 0.03201453 0.2072237 0.3404377
54 0.07233997 0.1453016 0.2888317
55 0.0427541 0.0904947 0.2433441
56 0.006559087 0.006061847 0.2054623
57 0.04532755 0.1043219 0.3107586
58 0.06814507 0.1122981 0.2909298
59 0.06408388 0.1109432 0.2414544
60 0.06091147 0.008254012 0.002848761
61 0.03271796 0.08826284 0.1964336
62 0.04284195 0.1530562 0.3838069
63 0.03799182 0.110916 0.2259651
64 0.03492426 0.09669957 0.1740799
65 0.05998741 0.07675511 0.1083753
66 0.06103524 0.08574056 0.2054416
67 0.04365284 0.148335 0.3570116
68 0.06001787 0.12329 0.2803055
69 0.01363261 0.1203506 0.3040154
70 0.01608744 0.1391247 0.3404
71 0.0002655067 0.06901607 0.2259038
72 0.03961755 0.1641873 0.3739693
73 0.01135187 0.1303757 0.1724482
74 0.03563232 0.02659023 0.2472777
75 0.0007899257 0.06578913 0.214614
76 0.003372299 0.1003839 0.2090627
77 0.005530696 0.00236713 0.2073075
78 0.03492426 0.1261239 0.3174534
79 0.04798022 0.136243 0.3311751
80 0.004473774 0.003516524 0.2297427
81 0.01174627 0.007499898 0.276078
82 0.003457574 0.1303466 0.2296293
83 0.07787417 0.1095627 0.227724
84 0.0639509 0.1018118 0.2473874
85 0.04454584 0.1791374 0.3569944
86 0.004667336 0.07445905 0.2240768
87 0.0233798 0.09300274 0.2164722
88 0.01710815 0.01247902 0.2974154
89 0.02454268 0.08933872 0.2054492
90 0.003492116 0.002855443 0.356966
91 0.009801234 0.1347508 0.3522081
92 0.002745895 0.00574455 0.2336716
93 0.04040118 0.1347255 0.2553002
94 0.03952049 0.149846 0.3040187
95 0.01121031 0.008223374 0.2316195
96 0.04617982 0.004515492 0.2614678
97 0.001587446 0.127418 0.3427806
98 0.001714006 0.07534759 0.1708244
99 0.04283623 0.1082853 0.2931597
100 0.0245847 0.1162883 0.2335046
