1 12963.83 12640.24 12399.03
2 12835.98 12596.66 12316.08
3 12973.94 12583.05 12301.22
4 12987.79 12592.28 12326.07
5 13005.55 12761.46 12495.96
6 12505.06 12231.49 12010.67
7 12760.04 12464.07 12229.94
8 12735.15 12525.48 12325.03
9 12865.06 12654.31 12367.99
10 12906.21 12538.87 12249.06
11 12811.78 12544.09 12255.49
12 12821.88 12557.6 12324.01
13 12796.49 12556.29 12263.92
14 12670.05 12452.93 12189.83
15 12923.8 12597.83 12279.57
16 12866.64 12627.06 12412.64
17 12636.47 12427.59 12160.96
18 12550.15 12352.77 12126.76
19 12945.63 12604.42 12344.08
20 12868.46 12535.48 12260.28
21 12687.06 12465.57 12209.84
22 12841.04 12576.59 12280.3
23 12683.09 12486.84 12249.45
24 12816.31 12535.82 12296.7
25 12834.24 12564.54 12330.18
26 12741.16 12368.74 12130.94
27 12843.18 12605.31 12342.29
28 12672.59 12398.33 12147.71
29 12598.89 12305.81 12061.48
30 12635.31 12444.12 12242.21
31 12753.71 12482.18 12250.26
32 12834.81 12565.29 12278.17
33 12584.06 12327.55 12046.49
34 12822.56 12628.4 12377.51
35 12833.04 12530.4 12295.26
36 12791.71 12462.41 12195.27
37 12588.1 12393.87 12149.97
38 12840.5 12527.08 12262.22
39 12819.48 12539.26 12344.01
40 12737.38 12569.34 12278.63
41 12713.17 12467.34 12217.7
42 12950.31 12589.09 12330.55
43 12788.71 12490.15 12274.79
44 13014.21 12770.5 12492.54
45 12698.72 12411.84 12153.64
46 12961.27 12578.98 12295.68
47 12869.79 12559.28 12270.79
48 12786.71 12544.68 12278.82
49 12707.09 12464.03 12208.3
50 12757.48 12482.32 12251.83
51 12931.33 12641.75 12354.3
52 12812.96 12480.42 12240.17
53 12919.88 12460.33 12210.51
54 12851.95 12613.83 12384.68
55 12925.63 12629.6 12383.17
56 12460.23 12263.99 12019.55
57 12856.32 12593.28 12319.28
58 13084.02 12730.35 12402.59
59 12594.33 12359.99 12136.26
60 12740 12602.03 12390.78
61 12501.26 12327.71 12096.51
62 12866.25 12533.35 12220.52
63 12881.42 12630.52 12363.01
64 13084.4 12634.84 12349.04
65 12677.27 12496.07 12231.67
66 12695.17 12320.29 12038.33
67 12983.42 12689.3 12366.73
68 12825.8 12557.77 12304.89
69 12913.7 12597.52 12336.76
70 12839.77 12419.05 12147.88
71 12965.63 12593.96 12295.25
72 12946.59 12609.62 12322.77
73 12824 12453.23 12207.62
74 12606.36 12278.33 12018.6
75 12752.15 12514.54 12244.17
76 12821.85 12602.32 12323.64
77 12758.24 12494.09 12197.61
78 12904.69 12540.55 12238.02
79 12922.06 12731.39 12435.09
80 12537.74 12297.49 12028.69
81 12747.33 12481.21 12246.43
82 12727.65 12357.98 12095.55
83 12669.62 12375.15 12132.82
84 12864.93 12685.25 12417.03
85 12910.12 12680.99 12425.95
86 12873.25 12656.74 12381.71
87 12668.38 12391.13 12141.22
88 12606.69 12344.65 12105.46
89 12819.96 12495.27 12189.89
90 12649.42 12412.84 12186.48
91 12730.28 12455.62 12174.31
92 12698.73 12398.22 12162.98
93 12757.76 12551.01 12285.93
94 12599.29 12370.07 12140.97
95 12686.88 12387.53 12164.84
96 12980.89 12780.86 12505.56
97 12540.92 12406.37 12138.49
98 12724.28 12444.24 12174.95
99 12913.1 12671.85 12372.34
100 12720.52 12488.04 12227.68
