1 15076.09 14476.38 13909.91
2 15091.08 14575.33 14008.92
3 14960.39 14543.03 13939.86
4 15056.51 14689.02 14086.61
5 14959.27 14620.35 14032.02
6 15158.34 14696.97 14115.57
7 15141.31 14770.39 14171.9
8 15071.71 14582.4 13986.41
9 15059.85 14578.43 14013.64
10 15116.4 14751.17 14185.55
11 15019.31 14620.16 14026.5
12 15171.25 14597.56 13993.85
13 15029.86 14608.63 14019.8
14 14866.89 14489.63 13932.78
15 15001.36 14614.93 14035.66
16 15183.3 14710.68 14150.43
17 14588.85 14203.75 13659.58
18 15443.15 14878.5 14287.94
19 15005.82 14615.87 14096.09
20 14894.82 14519.47 13944.2
21 15189.51 14671.03 14069.84
22 15131.32 14699.1 14117.51
23 15024.07 14593.07 14028.13
24 15031.38 14674.41 14115.63
25 15178.92 14649.81 14059.22
26 15184.57 14698.15 14181.13
27 15176.69 14715.19 14104.94
28 15038.27 14580.73 14026.22
29 15100.37 14816.83 14288.19
30 14817.54 14378.99 13805.2
31 14922.74 14496.82 13934.58
32 15104.64 14699.38 14145.69
33 14854.81 14513.04 14001.79
34 15146.71 14743.95 14172.34
35 14865.23 14420.8 13854.94
36 15024.38 14696.95 14114.06
37 15006.97 14492.4 13940.87
38 14903.41 14533.73 13988.89
39 15204.58 14712.37 14128.55
40 15047.45 14572.24 13995.76
41 14803.72 14482.95 13959.72
42 15224.36 14737.43 14156.77
43 14725.56 14355.89 13774.49
44 15049.09 14663.17 14054.58
45 14902.6 14470.27 13934.35
46 14987.58 14642.7 14062.27
47 15275.98 14670.94 14088.32
48 14972.44 14666.35 14028.99
49 14971.07 14529.48 13979.94
50 14916.46 14459.39 13883.9
51 15265.64 14875.56 14310.79
52 15030.49 14665.35 14053.25
53 15301.7 14935.58 14330.03
54 14950.48 14642.56 14061.55
55 14969.03 14668.37 14070.43
56 15225.95 14736.14 14140.7
57 14815.77 14529.17 13928.73
58 15306 14945.94 14318.81
59 15031.23 14594.97 14014.94
60 14997.87 14718.49 14131.69
61 15363.69 14941.41 14287.65
62 15169.61 14758.4 14172.22
63 14995.09 14679.84 14107.03
64 14891.06 14551.87 13965.99
65 15067.56 14523.77 13962.38
66 15163.74 14559.52 14016.41
67 15119 14736.28 14116.04
68 14995 14560.16 13997.52
69 14684.22 14202.06 13679.17
70 15043.23 14516 13941.36
71 14926.55 14630.76 14065.16
72 15109.2 14659.82 14122.57
73 14838.64 14505.46 13963.11
74 15066.98 14654.97 14076.95
75 15132.79 14731.68 14156.2
76 15102.47 14705.33 14181.59
77 14908.69 14529.33 13976.72
78 15212.96 14641.84 14005.57
79 14881.52 14466.76 13911.13
80 15008.68 14496.37 13943.55
81 15074.51 14756.6 14200.85
82 14956.62 14622.6 14025.6
83 15159.29 14731.41 14157.33
84 14969.68 14616.48 14040.17
85 14894.55 14483.21 13889.93
86 14821 14314.42 13745.27
87 15121.87 14672.22 14067.02
88 15000.03 14552.43 14021.57
89 14952.2 14626.43 14038.11
90 15251.42 14919.45 14326.4
91 15097.65 14754.94 14174.26
92 15096.68 14630.77 14038.87
93 14997.3 14597.93 14019.17
94 14955.21 14451.55 13895.91
95 15344.21 14917.09 14379.24
96 15132.34 14668.37 14096.85
97 15084.26 14719.64 14127.57
98 14960.42 14686.11 14114.64
99 14988.83 14601.13 13989.92
100 15162.77 14608.93 14017.54
