1 11751.44 11462.66 11228.83
2 11642.82 11429.83 11198.77
3 11718.75 11413.12 11163.1
4 11780.71 11395.63 11185.67
5 11798.69 11578.95 11345.65
6 11313.83 11059.62 10866.15
7 11583.7 11323.8 11102.32
8 11522.59 11327.52 11130.81
9 11777.04 11576.8 11310.79
10 11631.07 11327.44 11078.08
11 11656.51 11446.16 11191.4
12 11617.09 11385.61 11194.19
13 11458.29 11256.93 11023.46
14 11447 11254.91 11045.84
15 11807.45 11479.79 11231.91
16 11680.43 11418.11 11232.92
17 11444.33 11241.4 11009.28
18 11349.6 11155.5 10955.55
19 11672.36 11352.1 11138.29
20 11669.5 11364.09 11124.34
21 11541.27 11287.67 11048.1
22 11736.23 11455.72 11195.75
23 11447.64 11230.73 11023.96
24 11623.24 11356.68 11151.27
25 11655.78 11370.91 11151.64
26 11532.26 11198.24 11000.64
27 11625.81 11391.97 11154.59
28 11557.03 11243.08 11031.8
29 11420.26 11138.87 10921.16
30 11481.53 11279.98 11108.79
31 11563.85 11320.21 11135.6
32 11579.29 11330.09 11117.37
33 11455.66 11198.91 10950.8
34 11644.67 11417.61 11208.77
35 11659.87 11335.41 11126.87
36 11602.67 11299.23 11063.49
37 11433.97 11246.19 11028.87
38 11711 11419.22 11191.54
39 11615.38 11349.83 11183.14
40 11427.43 11269.6 11057.89
41 11481.76 11290.77 11056.56
42 11684 11374.08 11136.78
43 11554.73 11280.92 11108.31
44 11851.75 11646.49 11397.67
45 11434.44 11170.01 10962.92
46 11591.26 11318.93 11093.87
47 11641.64 11376.69 11123.02
48 11631.97 11396.22 11171.47
49 11547.06 11308.69 11072.04
50 11580.22 11340.53 11136.97
51 11656.36 11466.63 11210.05
52 11621.15 11306.52 11087.8
53 11682.72 11285.68 11058.64
54 11628.53 11391.05 11201.02
55 11732.12 11447.01 11203.27
56 11358.75 11168.47 10934.71
57 11630.48 11374.92 11136.16
58 11890.04 11553.53 11260.03
59 11315.77 11133.84 10946.04
60 11614.25 11451.13 11277.6
61 11406.68 11187.71 10975.72
62 11616.3 11363.44 11083.42
63 11655.56 11442.12 11202.85
64 11846.01 11452.37 11196.6
65 11514.55 11318.18 11091.51
66 11537.33 11195.95 10946.78
67 11778.46 11490.87 11205.37
68 11599.74 11353.29 11137.61
69 11643.35 11386.9 11152.37
70 11552.91 11244.84 11001.21
71 11723.35 11429.17 11176.82
72 11657.57 11413.71 11160.78
73 11672.39 11301.3 11103.97
74 11303.92 11089.25 10870.21
75 11558.26 11359.96 11131.53
76 11698.02 11503.04 11243.75
77 11554.21 11360.02 11087.27
78 11658.23 11251.51 11014.5
79 11779.38 11617.15 11334.21
80 11342.96 11139.24 10903.09
81 11526.25 11306.76 11120.7
82 11479.79 11219.43 10973.06
83 11518.53 11221.6 10987.49
84 11704.36 11522.5 11279.6
85 11583.4 11417.38 11224.21
86 11667.3 11491.17 11285.78
87 11506.31 11284.02 11076.12
88 11468.4 11262.49 11036.07
89 11578.04 11295.5 11017.58
90 11481.94 11255.29 11050.5
91 11529.17 11308.13 11065.41
92 11521.46 11265.56 11046.35
93 11591.56 11389.72 11189.28
94 11516.94 11269.29 11038.29
95 11456.69 11206.26 11009.14
96 11851 11644.73 11401.84
97 11435.68 11296.78 11061.9
98 11487.01 11258.56 11032.44
99 11629.69 11411.28 11159.47
100 11573.93 11366.48 11109.44
