1 13647.03 13101.39 12578.53
2 13620.31 13178.01 12654.15
3 13626.44 13286.33 12730.56
4 13687.7 13355.97 12804.9
5 13735.77 13343.04 12820.97
6 13715.45 13329.44 12814.5
7 13851.86 13518.76 12989.74
8 13721.52 13290.21 12763.94
9 13743.19 13303.2 12783.97
10 13792.44 13457.95 12925.31
11 13570.32 13252.48 12769.32
12 13774.97 13222.07 12702.12
13 13622.53 13296.85 12768.12
14 13549.1 13182.04 12708.09
15 13751.62 13376.95 12848.16
16 13773.12 13372.31 12898.55
17 13282.81 12903.27 12419.11
18 14072.04 13533.36 13029.63
19 13660.12 13296.75 12834.4
20 13554.76 13209.6 12707.24
21 13777.01 13324.27 12811.88
22 13763.9 13417.02 12887.61
23 13713.67 13290.42 12787.38
24 13680.91 13382.59 12887.9
25 13760.41 13370.81 12814.29
26 13905.86 13448.41 12966.22
27 13805.36 13414.1 12850.73
28 13719.64 13264.73 12785.53
29 13742.43 13491.66 13024.9
30 13579.75 13184.21 12658.41
31 13641.87 13237.44 12718.94
32 13760.34 13434.73 12921.46
33 13541.23 13221.61 12763.73
34 13787.6 13424.38 12915.69
35 13528.03 13131.41 12609.11
36 13671.94 13375.27 12835.3
37 13632.33 13187.47 12692.12
38 13500.95 13183.56 12710.43
39 13842.65 13362.82 12847.19
40 13640.83 13227 12723.92
41 13515.16 13178.5 12711.42
42 13846.59 13405.48 12881.87
43 13403.14 13078.68 12559.4
44 13697.64 13332.52 12779.49
45 13644.4 13245.18 12788.05
46 13760.16 13393.55 12845.21
47 13924.02 13406.05 12849.92
48 13654.15 13334.92 12798.28
49 13616.02 13180.7 12716.88
50 13568.36 13203.46 12673.72
51 13802.03 13463.09 12956.03
52 13807.52 13430.17 12882.88
53 13954.99 13636.98 13098.01
54 13574.64 13303.72 12770.54
55 13631.99 13349.45 12809.17
56 13930.18 13498.25 12944.85
57 13538.49 13259.31 12737.88
58 13975.12 13673 13097
59 13650.11 13280.78 12743.42
60 13619.77 13391.72 12886.11
61 14007.89 13601.96 13045.96
62 13855.69 13469.37 12920.73
63 13689.47 13424.41 12893.73
64 13591.56 13297.62 12733.62
65 13608.88 13179.52 12674.07
66 13772.3 13184.44 12716.99
67 13838.28 13472.89 12914.43
68 13726.47 13305.29 12772.6
69 13326.83 12903.69 12436
70 13730.35 13240.67 12733
71 13665.33 13352.24 12850.04
72 13824.96 13387.72 12899.77
73 13464.59 13140.46 12664.74
74 13651.29 13302.96 12807.86
75 13757.48 13407.36 12896.45
76 13793.84 13406.79 12941.78
77 13652.86 13347.79 12851.36
78 13866.88 13333.13 12772.23
79 13544.91 13086.34 12624.32
80 13645.88 13244.67 12736.14
81 13842.82 13499.01 12989.32
82 13621.78 13286.36 12748.25
83 13834.09 13397.9 12920.56
84 13689.65 13307.23 12818.57
85 13563.93 13220.67 12683.69
86 13567.49 13073.07 12590.41
87 13833.62 13403.9 12888.26
88 13625.26 13221.45 12761.47
89 13636.41 13292.75 12787.42
90 13929.82 13637.87 13091.57
91 13830.7 13511.65 12960.49
92 13736.3 13344.49 12849.46
93 13648.2 13244.1 12753.59
94 13631.68 13168.2 12665.46
95 13984.65 13581.37 13097.24
96 13772.91 13387.83 12877.14
97 13788.39 13463.02 12898.98
98 13670.69 13412.95 12913.29
99 13639.36 13289.81 12734.84
100 13836.03 13334.31 12796.46
