1 10522.2797039576 10308.5118549414 10060.9118254289
2 10551.011976979 10320.523812451 10105.5738646101
3 10610.1477551586 10282.8982025278 10095.8367136972
4 10400.3162039083 10158.4390970025 9983.73149061017
5 10246.3664851329 10004.7379772795 9822.55143835499
6 10596.0233199178 10381.6621554034 10159.7078366652
7 10610.5473247683 10325.3055304426 10114.2792543847
8 10447.7529339096 10115.6042103046 9949.42478591714
9 10237.6668256997 10007.2810498912 9816.81039705517
10 10291.4898254153 10058.105655805 9847.97778233139
11 10075.3259383206 10116.6642626815 9899.89139985281
12 9971.95112881176 9957.95544052726 9864.43616059456
13 10474.1506094256 10175.2637092466 9990.29209583649
14 10268.5271403838 10092.6846208588 9926.74777030492
15 10399.9846245743 10265.8260322597 10087.2451191958
16 10632.3324574339 10430.0344211338 10211.1590893886
17 10397.7639120842 10112.6231572346 9947.07768076998
18 10237.5829692233 10075.7186406205 9907.06627830392
19 10456.5460453346 10247.474399264 10076.4997463353
20 10165.5919348059 9971.63342709268 9858.47886527262
21 10032.8255644406 10014.9592126478 9798.52439548805
22 10189.4576695418 10052.9509689385 9821.93251250097
23 10334.9534133524 10205.2201609179 10042.2288172785
24 10429.4925040557 10128.6382311924 9937.07668699063
25 10246.2546999592 9999.69668394729 9829.86593651605
26 10470.8979551315 10234.4606644869 10040.8652758092
27 10288.9620103877 10107.6253717311 9960.74994202725
28 10098.6559336545 10121.3003182151 9927.74418138857
29 10196.7143877005 10149.2388901891 9951.4559293862
30 10418.8028362947 10172.5599773701 9952.47528863834
31 10211.0904559737 10017.7526394485 9813.97183040827
32 10528.4314854404 10176.5370197367 9975.28741626128
33 10199.0927246758 10127.3648641504 9975.87274690784
34 10483.0039382149 10193.2953496174 9971.30020587062
35 10226.4707780352 10032.3933966511 9876.47664869711
36 10183.5942231822 10254.5883982841 10014.1071772795
37 10277.0450966538 10064.0696192343 9885.05873683552
38 10405.4534951662 10195.4830289088 9953.77072281373
39 10237.8993394777 10021.8873077759 9856.52020469262
40 10219.186544993 10023.8078924926 9825.99463546219
41 10486.8145618441 10249.9632757349 10033.8036973808
42 10535.2219329074 10298.160915674 10126.3887648542
43 10559.6960332049 10274.8455781949 10041.088596814
44 10558.049621805 10208.7674079086 9981.72454201799
45 10271.5326518908 10082.5023023004 9911.62852794502
46 10442.4998229943 10275.373373248 10054.888580476
47 10351.2780197628 10147.6714994412 9975.22021165156
48 10243.3527022788 10087.5853280688 9868.11796986364
49 10336.3238617627 10141.8526473391 9985.41593803999
50 10285.7975517493 10063.0879238471 9828.81278230393
51 10222.8979535558 10088.8980181454 9908.33658782925
52 10391.6405097174 10260.1993719971 10073.1971833673
53 9953.6558857617 9966.95586814172 9778.08800021042
54 10423.8932073398 10219.3770395398 10006.2151524593
55 10505.4867145615 10281.22521611 10020.9332433621
56 10150.7421634897 9980.60235042535 9830.87094790816
57 10108.0753704498 10165.1750653868 10010.6651368309
58 10091.0376289804 10018.3595747722 9866.07823539804
59 9986.79481599626 9968.91549349324 9933.45956867819
60 10225.9617863732 9994.82062876208 9758.67486982773
61 10559.3027202407 10282.8990500738 10114.3893916463
62 10439.9859295005 10203.3524813641 10010.0708336072
63 10430.7549818726 10134.0202507197 9956.94453229279
64 10044.4809239392 10003.3472101246 9932.56142567643
65 10316.6520176218 10075.0853820317 9931.93483337388
66 10567.1778162318 10150.4356403731 9957.8680603191
67 10453.357407016 10174.4462580896 9961.61437620874
68 10377.7711878822 10155.1952102627 9928.27896879583
69 10290.8017337205 10104.1470924337 9926.78903920001
70 10185.8605567049 10065.25830607 9910.94329781739
71 10259.1575930678 10071.5525098656 9875.57643934996
72 10379.7410911542 10140.1107650034 9953.93844966347
73 10314.3778686982 10161.0548607656 10028.3113667886
74 10304.0192568344 10065.4290311644 9883.5408128034
75 10427.6525918197 10156.4775402458 9924.50876676012
76 10467.5686802904 10216.0303836086 10011.0343428487
77 10280.4077585834 10049.6399529922 9839.94504428472
78 10281.3682699173 10143.331982152 9953.67533106065
79 10348.830354936 10161.6759960216 9962.83160581193
80 10395.2686412383 10230.3688537025 10015.8410678338
81 10431.2376216287 10197.2058048284 10017.0414156459
82 10236.6899884482 10112.8413627909 9914.27685296669
83 10232.1917485939 10061.3944748976 9870.96509088217
84 10197.6319630698 10101.4849834171 9897.56013433369
85 10125.6916349492 10145.0686473443 9955.01744227313
86 10341.4970420438 10190.4182282453 10046.5580740745
87 10408.2291735156 10187.420586221 9976.67750780484
88 10295.0273766785 10147.6165953221 9961.93281659935
89 10240.9660908094 10116.6525035961 9895.34829911347
90 10407.0967371247 10064.5362587427 9839.72149167606
91 10342.89469007 10154.7696812118 9963.38827423435
92 10288.4082826708 10109.9388353667 9923.17058036168
93 9753.65748692107 9861.8668803839 9696.51851366058
94 10033.5895042195 10066.7116792401 9899.64099046345
95 10333.5389654837 10130.3838257589 9945.59948376722
96 10570.9922496562 10343.8132996558 10128.8621585142
97 10358.9434693693 10162.6414447617 9951.83099588585
98 10339.1168003383 9969.18000259733 9795.29328584749
99 10103.6336491229 10080.9923141406 9917.74702242983
100 10493.1252835505 10311.069726281 10136.4868153495
