1 12292.71 11826.9 11364.96
2 12399.53 12011.43 11531.56
3 12242.95 11885.18 11411.04
4 12273.3 12015.54 11566.05
5 12304.78 12024.65 11558.25
6 12346.7 12010.56 11534.52
7 12458.82 12187.66 11713.69
8 12301.28 11895.68 11452.85
9 12283.74 11885.73 11420.19
10 12375.86 12080.62 11615.81
11 12305.09 12038.94 11588.81
12 12365.56 11864.49 11416.3
13 12226.76 11899.37 11447.72
14 12244.82 12049.31 11552.74
15 12301.09 11946.94 11483.74
16 12380.72 12030.48 11609.49
17 11968.39 11706.71 11278.05
18 12579.91 12163.16 11690.79
19 12277.29 11984.65 11562.63
20 12286.08 11966.84 11544.58
21 12384.14 12027.61 11561.54
22 12368.25 12049.46 11584.2
23 12218.07 11821.14 11395.75
24 12308.34 12060.18 11631.55
25 12493.53 12081.04 11593.46
26 12408.82 12031.51 11608.11
27 12432.14 12031.23 11539.9
28 12371.95 11914.29 11499.11
29 12410.82 12180.56 11762.53
30 12122.26 11764.54 11320.41
31 12171.83 11852.82 11409.55
32 12332.65 12067.61 11625.16
33 12167.61 11859.06 11456.01
34 12554.6 12199.17 11756.68
35 12180.78 11798.31 11376.44
36 12182.3 11952.66 11524.21
37 12284.61 11895.87 11473.56
38 12161.06 11884.88 11422.39
39 12250.81 11885.3 11442.36
40 12237.89 11906.57 11469.37
41 12135.9 11868.79 11472.98
42 12506.05 12128.1 11628.41
43 12091.91 11754.02 11276.39
44 12327.82 12031.93 11537.25
45 12190.32 11848.56 11431.02
46 12382.63 11970.45 11556.68
47 12434.97 12039.32 11597.24
48 12284.72 12013.53 11513.9
49 12283.57 11887.67 11437.33
50 12215.6 11838.71 11390.08
51 12466.44 12132.66 11695.39
52 12312.11 12046.67 11591.95
53 12585.93 12270.38 11812.53
54 12336.57 12058.95 11613.15
55 12276.84 12038.68 11551.34
56 12456.49 12131.13 11641.28
57 12195.46 12005.41 11514.35
58 12503.48 12232.77 11740.69
59 12217.77 11895.73 11426.64
60 12401.72 12147.16 11689.3
61 12459.29 12150.28 11651.36
62 12398.6 12099.78 11640.47
63 12267.35 12056.11 11615.65
64 12132.6 11868.3 11410.07
65 12404.65 11965.24 11523.27
66 12387.21 11895.16 11488.47
67 12416.24 12082.87 11625.1
68 12385.95 12028.71 11559.77
69 12038.6 11654.04 11248.75
70 12277.49 11857.53 11446.93
71 12339.81 12075.95 11648.15
72 12353.39 12035.44 11627.24
73 12124.96 11816.38 11409.56
74 12328.65 12045.84 11571.23
75 12396.75 12048.44 11595.79
76 12425.14 12090.27 11672.26
77 12232.29 11924.82 11485.64
78 12332.56 12013 11532.04
79 12209.77 11851.01 11412.88
80 12361.45 11936.92 11498.8
81 12320.85 12106.8 11666.24
82 12364.85 12065.47 11601.81
83 12497.55 12107.45 11667.63
84 12252.36 11971.37 11517.56
85 12265.59 11893.47 11425.19
86 12097.09 11695.25 11258.73
87 12442.38 12022.19 11542.13
88 12176.95 11809.29 11379.43
89 12253.75 12012.03 11532.19
90 12546.38 12251.23 11783.04
91 12352.63 12033.61 11574.21
92 12371.05 12010.43 11567.85
93 12262.24 11892.26 11486.35
94 12271.07 11828.33 11379.35
95 12609.55 12240.12 11836.32
96 12319.68 12023.63 11566.14
97 12367.01 12113.34 11668.54
98 12322.83 12062.25 11653.78
99 12312.39 12018.36 11558.14
100 12348.75 11878.96 11448.67
