1 10892.45 10527.96 10163.78
2 10988.17 10555.13 10177
3 10779.44 10498.04 10121.93
4 10991.06 10695.65 10343.35
5 10845.9 10609.43 10210.82
6 11000.8 10640.38 10271.2
7 11044.78 10747.28 10403.32
8 10997.17 10576.62 10211.4
9 10828.89 10569.37 10221.34
10 10938.5 10675.52 10321.02
11 10928.18 10686.05 10298.42
12 10999.65 10500.39 10117.33
13 10879.25 10572.73 10191.67
14 10878.43 10589.45 10243.6
15 10957.44 10658.63 10239.31
16 10865.69 10591.82 10270.72
17 10561.97 10310.78 9920.587
18 11156.58 10813.87 10398.71
19 10808.65 10581.33 10256.71
20 10855.78 10596.32 10216.5
21 10979.3 10671.42 10275.44
22 10988.62 10699.09 10288.59
23 10858.76 10597.78 10233.72
24 10883.11 10659.53 10268.75
25 10903.09 10615.4 10208.49
26 10975.91 10612.74 10255.38
27 10853.82 10584.1 10203.15
28 10931.76 10602.3 10217.06
29 10914.49 10672.15 10311.26
30 10777.49 10452.32 10081.32
31 10747.14 10488.08 10114.59
32 10955.69 10700.06 10320.62
33 10835.98 10517.88 10191.92
34 11095.41 10822.75 10431.11
35 10768.52 10503.21 10106.73
36 10847.06 10644.1 10274.64
37 10892.36 10494.32 10124.43
38 10681.92 10483.76 10136.13
39 10871.37 10533.82 10153.01
40 10934.19 10596.61 10217.78
41 10841.21 10510.98 10209.09
42 10948.36 10614.37 10252.43
43 10617.01 10288.24 9932.32
44 10846.41 10581.94 10176.64
45 10696.51 10445.71 10139.22
46 10854.62 10577.76 10207.9
47 10932.94 10559.87 10235.16
48 10936.59 10681.48 10328.73
49 10984.64 10551.81 10186.21
50 10749.06 10402.47 10065.85
51 11033.54 10777.94 10409.12
52 10962.12 10699.25 10273.21
53 11214.7 10968.07 10569.49
54 10932.89 10725.6 10301.51
55 10721.35 10532.97 10157.77
56 11093.84 10783.44 10379.69
57 10814.97 10618.96 10195.63
58 11089.76 10821.89 10446.93
59 10818.15 10568.64 10181.38
60 10883.26 10605.48 10209.09
61 11177.91 10858.89 10427.36
62 11100.64 10658.05 10331.96
63 10927.4 10695.61 10282.01
64 10729.18 10505.28 10065.32
65 10749.99 10476.26 10098.88
66 11003.4 10561.22 10182.42
67 11044.51 10790.15 10340.67
68 10856.04 10562.22 10181.85
69 10595.89 10255.67 9907.984
70 10799.76 10507.78 10153.7
71 10773.35 10580.62 10221.35
72 11017.67 10697.25 10341.73
73 10634.57 10474.31 10146.53
74 10969.11 10601.15 10249.11
75 11007.81 10717.14 10335.2
76 10854.07 10635.66 10278.84
77 10947.17 10650.17 10273.13
78 11007.36 10658.26 10286.11
79 10773.21 10456.35 10093.15
80 10998.73 10652.36 10285.66
81 10954.57 10686.03 10329.9
82 10898.01 10594.33 10258.03
83 11009.99 10687.68 10322.92
84 10928.63 10629.62 10285.07
85 10794.78 10485.38 10120.16
86 10848.98 10408.77 10066.61
87 11023.01 10645.73 10259.97
88 10755.89 10452.8 10113.32
89 10825.39 10550.88 10157.69
90 11076.76 10808.61 10418.4
91 10957.22 10684.45 10253.12
92 11031.13 10626.63 10294.47
93 10947.16 10621.75 10253.61
94 10788.91 10478.73 10128.37
95 11084.95 10773.9 10376.55
96 10945.17 10617.07 10258.91
97 11097 10812.05 10412.34
98 10879.76 10620.31 10268.93
99 10843.21 10542.26 10181.02
100 11028.16 10602.38 10217.07
