1 9055.287 9075.997 8931.54
2 9120.061 8977.75 8827.481
3 9219.405 8992.529 8814.574
4 9153.957 8953.432 8785.604
5 9341.638 9161.46 8961.382
6 8883.018 8680.794 8534.881
7 8990.076 8833.265 8686.862
8 9022.447 8858.171 8740.977
9 9173.464 9095.021 8894.835
10 9142.193 8897.862 8736.853
11 9178.351 8903.701 8812.31
12 9142.941 8995.147 8868.574
13 9191.029 8963.379 8834.981
14 8839.945 8702.349 8591.368
15 9260.869 8992.504 8829.772
16 9229.621 9101.547 8957.227
17 8971.624 8805.878 8647.836
18 8748.842 8777.885 8659.662
19 9165.894 8955.195 8831.726
20 9139.57 8915.488 8768.091
21 9059.045 8888.128 8754.12
22 9240.933 8989.539 8811.55
23 9086.921 8889.936 8747.049
24 9164.618 8922.964 8770.576
25 9106.034 8787.704 8732.695
26 8852.101 8717.503 8594.1
27 9127.158 8913.926 8775.232
28 9044.55 8840.404 8711.095
29 8985.035 8759.235 8591.393
30 8838.782 8859.246 8754.932
31 9093.45 8897.094 8777.632
32 9124.409 8945.456 8815.698
33 8986.029 8726.269 8678.067
34 9168.729 8978.296 8815.444
35 9136.892 8914.383 8771.81
36 9082.781 8888.624 8747.809
37 8941.096 8710.562 8653.41
38 9199.234 8963.916 8815.581
39 9173.162 9024.024 8899.738
40 9013.083 8899.622 8736.784
41 9107.781 8911.19 8742.534
42 9143.013 8926.692 8784.96
43 9053.759 8821.697 8708.813
44 9295.454 9129.479 8991.74
45 9027.08 8835.883 8700.09
46 9184.642 8964.584 8794.66
47 9240.734 8959.305 8800.734
48 9020.97 8888.944 8770.614
49 8980.034 8822.504 8649.916
50 9109.498 8931.433 8785.918
51 9186.042 9020.774 8859.93
52 9043.222 8869.925 8766.924
53 9144.859 8856.068 8682.228
54 9062.407 8962.141 8858.025
55 9155.217 8946.539 8797.68
56 8709.22 8681.927 8637.218
57 9258.039 9037.425 8856.36
58 9344.206 9097.227 8929.36
59 9058.334 8869.059 8734.533
60 8911.211 8814.028 8795.847
61 8828.664 8723.848 8588.817
62 9099.651 8936.406 8739.812
63 9169.934 9008.95 8875.14
64 9286.038 8980.219 8828.556
65 9054.373 8878.764 8731.193
66 9012.823 8716.805 8573.415
67 9210.968 9010.733 8832.017
68 9122.139 8934.127 8802.194
69 8944.137 8939.341 8828.3
70 9039.376 8887.877 8729.221
71 8997.693 8971.873 8830.173
72 9172.908 8980.399 8803.404
73 8814.886 8862.689 8728.492
74 8875.478 8666.438 8576.602
75 8893.8 8926.57 8767.651
76 8940.605 8962.065 8801.854
77 8773.268 8729.804 8694.047
78 9118.373 8902.419 8716.839
79 9171.502 9042.041 8878.584
80 8587.952 8584.568 8547.81
81 8941.888 8869.632 8811.382
82 8857.212 8904.341 8723.522
83 9119.207 8911.313 8763.878
84 9073.884 8978.12 8868.907
85 9124.467 8993.895 8850.605
86 8938.692 8946.911 8824.961
87 8917.362 8765.989 8612.004
88 8928.568 8731.422 8672.123
89 8902.349 8768.184 8629.049
90 8805.795 8784.53 8745.947
91 8892.056 8935.327 8790.333
92 8825.202 8781.435 8753.064
93 9060.552 8964.32 8804.99
94 9030.148 8876.762 8757.242
95 8855.014 8785.815 8734.06
96 9201.144 9016.141 8946.511
97 8788.15 8867.494 8724.743
98 8843.59 8888.97 8727.673
99 9202.143 9047.49 8873.415
100 8961.671 8854.405 8697.234
