1 0.695 0.767 0.793
2 0.704 0.773 0.892
3 0.684 0.759 0.842
4 0.747 0.772 0.843
5 0.705 0.732 0.846
6 0.707 0.75 0.803
7 0.696 0.729 0.836
8 0.702 0.782 0.862
9 0.694 0.737 0.813
10 0.714 0.768 0.852
11 0.739 0.754 0.849
12 0.721 0.74 0.822
13 0.686 0.738 0.796
14 0.696 0.756 0.795
15 0.706 0.735 0.819
16 0.739 0.779 0.85
17 0.643 0.764 0.821
18 0.715 0.764 0.813
19 0.72 0.744 0.819
20 0.681 0.756 0.854
21 0.708 0.736 0.851
22 0.687 0.738 0.846
23 0.699 0.746 0.848
24 0.729 0.795 0.832
25 0.69 0.718 0.831
26 0.691 0.747 0.808
27 0.716 0.793 0.854
28 0.723 0.773 0.874
29 0.692 0.801 0.871
30 0.73 0.758 0.824
31 0.674 0.769 0.805
32 0.704 0.774 0.855
33 0.68 0.738 0.812
34 0.712 0.752 0.828
35 0.682 0.773 0.799
36 0.728 0.816 0.895
37 0.671 0.749 0.826
38 0.684 0.82 0.864
39 0.706 0.775 0.795
40 0.701 0.745 0.811
41 0.774 0.783 0.855
42 0.707 0.752 0.858
43 0.694 0.727 0.797
44 0.633 0.749 0.853
45 0.651 0.719 0.833
46 0.67 0.749 0.841
47 0.721 0.762 0.838
48 0.716 0.762 0.824
49 0.698 0.772 0.837
50 0.705 0.732 0.829
51 0.685 0.728 0.832
52 0.714 0.759 0.802
53 0.689 0.795 0.842
54 0.698 0.751 0.834
55 0.662 0.747 0.836
56 0.702 0.747 0.844
57 0.658 0.718 0.817
58 0.718 0.744 0.793
59 0.675 0.728 0.82
60 0.708 0.747 0.803
61 0.705 0.735 0.815
62 0.731 0.796 0.861
63 0.7 0.772 0.848
64 0.726 0.77 0.843
65 0.708 0.739 0.842
66 0.666 0.765 0.801
67 0.673 0.76 0.78
68 0.741 0.781 0.867
69 0.702 0.766 0.824
70 0.695 0.751 0.814
71 0.656 0.728 0.835
72 0.654 0.816 0.885
73 0.807 0.753 0.86
74 0.662 0.758 0.888
75 0.654 0.722 0.76
76 0.639 0.744 0.856
77 0.752 0.815 0.861
78 0.681 0.738 0.827
79 0.67 0.741 0.863
80 0.661 0.725 0.832
81 0.663 0.722 0.796
82 0.639 0.78 0.804
83 0.695 0.723 0.767
84 0.692 0.738 0.816
85 0.677 0.766 0.866
86 0.677 0.717 0.822
87 0.648 0.731 0.829
88 0.677 0.748 0.86
89 0.736 0.78 0.876
90 0.703 0.738 0.842
91 0.653 0.778 0.825
92 0.696 0.745 0.857
93 0.666 0.765 0.884
94 0.716 0.745 0.826
95 0.697 0.738 0.791
96 0.707 0.79 0.801
97 0.648 0.719 0.796
98 0.702 0.723 0.793
99 0.664 0.739 0.842
100 0.661 0.747 0.798
