1 0.866 0.808 0.851
2 0.809 0.837 0.863
3 0.824 0.825 0.849
4 0.851 0.83 0.874
5 0.782 0.824 0.855
6 0.817 0.814 0.844
7 0.842 0.853 0.877
8 0.793 0.841 0.868
9 0.737 0.825 0.85
10 0.783 0.847 0.85
11 0.761 0.815 0.839
12 0.782 0.799 0.837
13 0.799 0.831 0.86
14 0.818 0.819 0.859
15 0.841 0.825 0.862
16 0.768 0.828 0.864
17 0.844 0.863 0.878
18 0.771 0.812 0.857
19 0.827 0.835 0.859
20 0.755 0.835 0.865
21 0.797 0.811 0.849
22 0.82 0.821 0.862
23 0.83 0.834 0.848
24 0.83 0.819 0.839
25 0.79 0.818 0.849
26 0.854 0.846 0.861
27 0.758 0.839 0.859
28 0.841 0.849 0.871
29 0.805 0.833 0.87
30 0.815 0.827 0.842
31 0.814 0.838 0.863
32 0.842 0.839 0.862
33 0.804 0.828 0.874
34 0.759 0.816 0.848
35 0.765 0.809 0.829
36 0.876 0.838 0.876
37 0.805 0.862 0.883
38 0.765 0.82 0.86
39 0.78 0.833 0.857
40 0.797 0.829 0.845
41 0.836 0.778 0.852
42 0.845 0.814 0.862
43 0.788 0.793 0.834
44 0.811 0.824 0.849
45 0.765 0.819 0.863
46 0.821 0.823 0.845
47 0.799 0.809 0.849
48 0.814 0.82 0.851
49 0.84 0.833 0.865
50 0.843 0.84 0.869
51 0.799 0.826 0.868
52 0.841 0.85 0.865
53 0.863 0.841 0.872
54 0.861 0.86 0.866
55 0.75 0.813 0.857
56 0.83 0.826 0.871
57 0.83 0.845 0.866
58 0.818 0.849 0.869
59 0.822 0.838 0.869
60 0.845 0.834 0.864
61 0.809 0.827 0.853
62 0.844 0.812 0.85
63 0.816 0.854 0.868
64 0.777 0.822 0.856
65 0.795 0.817 0.859
66 0.771 0.852 0.858
67 0.831 0.821 0.862
68 0.844 0.827 0.848
69 0.737 0.849 0.869
70 0.795 0.862 0.871
71 0.833 0.828 0.872
72 0.782 0.822 0.857
73 0.805 0.83 0.861
74 0.854 0.844 0.859
75 0.828 0.805 0.852
76 0.84 0.841 0.882
77 0.791 0.804 0.859
78 0.776 0.826 0.871
79 0.86 0.828 0.864
80 0.805 0.822 0.863
81 0.817 0.834 0.878
82 0.837 0.812 0.85
83 0.768 0.816 0.884
84 0.76 0.839 0.873
85 0.781 0.832 0.858
86 0.782 0.803 0.827
87 0.818 0.848 0.876
88 0.816 0.828 0.869
89 0.832 0.83 0.87
90 0.81 0.852 0.857
91 0.861 0.828 0.873
92 0.768 0.83 0.856
93 0.837 0.823 0.851
94 0.774 0.819 0.86
95 0.799 0.828 0.874
96 0.797 0.814 0.857
97 0.793 0.811 0.844
98 0.852 0.815 0.875
99 0.843 0.841 0.863
100 0.806 0.848 0.859
