1 0.816 0.812 0.847
2 0.779 0.814 0.84
3 0.785 0.822 0.845
4 0.804 0.82 0.84
5 0.757 0.797 0.834
6 0.795 0.777 0.817
7 0.822 0.83 0.857
8 0.794 0.793 0.839
9 0.695 0.794 0.847
10 0.743 0.808 0.82
11 0.738 0.743 0.818
12 0.75 0.774 0.829
13 0.807 0.804 0.86
14 0.812 0.791 0.83
15 0.787 0.787 0.837
16 0.72 0.776 0.833
17 0.804 0.81 0.847
18 0.779 0.782 0.846
19 0.812 0.819 0.834
20 0.74 0.833 0.85
21 0.752 0.776 0.826
22 0.797 0.788 0.831
23 0.788 0.785 0.844
24 0.816 0.799 0.837
25 0.822 0.79 0.83
26 0.824 0.839 0.857
27 0.723 0.805 0.841
28 0.837 0.832 0.842
29 0.815 0.805 0.845
30 0.736 0.782 0.813
31 0.795 0.813 0.822
32 0.797 0.798 0.851
33 0.8 0.783 0.851
34 0.739 0.812 0.84
35 0.7 0.795 0.825
36 0.822 0.814 0.853
37 0.761 0.835 0.875
38 0.751 0.77 0.834
39 0.753 0.806 0.824
40 0.764 0.775 0.83
41 0.812 0.766 0.848
42 0.74 0.804 0.843
43 0.756 0.766 0.815
44 0.776 0.811 0.825
45 0.715 0.787 0.833
46 0.814 0.801 0.844
47 0.758 0.802 0.839
48 0.733 0.769 0.843
49 0.758 0.761 0.826
50 0.783 0.771 0.834
51 0.808 0.825 0.858
52 0.848 0.824 0.847
53 0.815 0.793 0.849
54 0.81 0.804 0.837
55 0.719 0.789 0.836
56 0.743 0.828 0.846
57 0.809 0.802 0.84
58 0.797 0.818 0.861
59 0.821 0.796 0.843
60 0.837 0.79 0.847
61 0.756 0.776 0.832
62 0.781 0.8 0.828
63 0.779 0.816 0.852
64 0.755 0.81 0.846
65 0.775 0.8 0.846
66 0.722 0.828 0.849
67 0.847 0.812 0.839
68 0.78 0.805 0.848
69 0.672 0.799 0.824
70 0.803 0.822 0.856
71 0.8 0.811 0.848
72 0.841 0.848 0.866
73 0.741 0.789 0.838
74 0.832 0.813 0.847
75 0.773 0.797 0.837
76 0.768 0.801 0.848
77 0.785 0.784 0.843
78 0.732 0.797 0.843
79 0.768 0.794 0.828
80 0.76 0.842 0.848
81 0.828 0.805 0.851
82 0.813 0.818 0.832
83 0.777 0.775 0.832
84 0.749 0.829 0.853
85 0.728 0.804 0.842
86 0.795 0.781 0.822
87 0.777 0.769 0.826
88 0.776 0.855 0.861
89 0.792 0.804 0.84
90 0.798 0.811 0.859
91 0.837 0.837 0.856
92 0.749 0.786 0.84
93 0.814 0.783 0.833
94 0.731 0.805 0.846
95 0.769 0.802 0.863
96 0.781 0.768 0.835
97 0.788 0.806 0.839
98 0.811 0.807 0.859
99 0.787 0.83 0.845
100 0.748 0.804 0.83
