1 0.656 0.74 0.804
2 0.637 0.713 0.789
3 0.64 0.707 0.778
4 0.728 0.751 0.806
5 0.66 0.727 0.837
6 0.668 0.739 0.834
7 0.68 0.709 0.8
8 0.637 0.718 0.836
9 0.664 0.727 0.784
10 0.626 0.756 0.796
11 0.641 0.732 0.822
12 0.619 0.669 0.759
13 0.72 0.76 0.818
14 0.643 0.725 0.767
15 0.64 0.697 0.773
16 0.617 0.731 0.842
17 0.76 0.769 0.831
18 0.721 0.772 0.83
19 0.656 0.714 0.801
20 0.581 0.721 0.78
21 0.627 0.721 0.835
22 0.671 0.722 0.763
23 0.648 0.68 0.763
24 0.717 0.806 0.822
25 0.64 0.726 0.788
26 0.645 0.755 0.836
27 0.686 0.764 0.823
28 0.639 0.729 0.811
29 0.658 0.699 0.773
30 0.719 0.747 0.814
31 0.601 0.677 0.736
32 0.692 0.723 0.789
33 0.699 0.732 0.815
34 0.626 0.715 0.807
35 0.668 0.798 0.859
36 0.645 0.735 0.833
37 0.618 0.692 0.771
38 0.635 0.8 0.83
39 0.648 0.713 0.815
40 0.665 0.728 0.848
41 0.615 0.732 0.832
42 0.642 0.738 0.836
43 0.65 0.705 0.789
44 0.69 0.724 0.812
45 0.671 0.713 0.841
46 0.634 0.794 0.767
47 0.638 0.698 0.822
48 0.654 0.727 0.793
49 0.809 0.797 0.815
50 0.63 0.705 0.819
51 0.653 0.717 0.78
52 0.629 0.716 0.819
53 0.659 0.724 0.762
54 0.688 0.755 0.826
55 0.675 0.708 0.799
56 0.685 0.73 0.782
57 0.66 0.736 0.844
58 0.648 0.75 0.813
59 0.633 0.721 0.786
60 0.667 0.706 0.789
61 0.685 0.753 0.807
62 0.636 0.685 0.79
63 0.655 0.731 0.813
64 0.65 0.689 0.783
65 0.698 0.742 0.826
66 0.704 0.73 0.855
67 0.695 0.734 0.781
68 0.625 0.684 0.728
69 0.679 0.726 0.837
70 0.657 0.725 0.801
71 0.633 0.704 0.791
72 0.647 0.773 0.797
73 0.638 0.736 0.835
74 0.672 0.72 0.776
75 0.6 0.759 0.836
76 0.646 0.721 0.818
77 0.691 0.728 0.809
78 0.707 0.778 0.855
79 0.632 0.712 0.838
80 0.689 0.736 0.802
81 0.72 0.721 0.756
82 0.683 0.745 0.833
83 0.601 0.739 0.809
84 0.668 0.717 0.808
85 0.608 0.783 0.787
86 0.604 0.705 0.797
87 0.659 0.709 0.834
88 0.67 0.735 0.84
89 0.547 0.7 0.758
90 0.654 0.786 0.786
91 0.611 0.729 0.768
92 0.639 0.737 0.825
93 0.62 0.772 0.808
94 0.624 0.761 0.822
95 0.655 0.704 0.787
96 0.649 0.704 0.741
97 0.682 0.726 0.785
98 0.688 0.722 0.776
99 0.687 0.722 0.783
100 0.665 0.749 0.877
