1 0.677 0.772 0.825
2 0.678 0.715 0.805
3 0.61 0.704 0.785
4 0.62 0.693 0.778
5 0.656 0.714 0.804
6 0.632 0.774 0.817
7 0.616 0.738 0.802
8 0.616 0.717 0.774
9 0.598 0.678 0.763
10 0.619 0.715 0.842
11 0.535 0.712 0.827
12 0.526 0.512 0.731
13 0.645 0.694 0.775
14 0.604 0.687 0.774
15 0.635 0.717 0.784
16 0.621 0.696 0.776
17 0.688 0.666 0.755
18 0.647 0.705 0.805
19 0.653 0.717 0.827
20 0.654 0.737 0.789
21 0.522 0.735 0.786
22 0.607 0.707 0.789
23 0.642 0.7 0.789
24 0.636 0.689 0.755
25 0.68 0.72 0.812
26 0.636 0.709 0.811
27 0.591 0.673 0.78
28 0.532 0.698 0.77
29 0.511 0.677 0.747
30 0.654 0.723 0.805
31 0.661 0.715 0.818
32 0.622 0.733 0.779
33 0.628 0.666 0.749
34 0.597 0.658 0.753
35 0.649 0.695 0.795
36 0.539 0.696 0.78
37 0.614 0.692 0.791
38 0.588 0.687 0.783
39 0.679 0.695 0.828
40 0.632 0.72 0.799
41 0.604 0.692 0.767
42 0.619 0.688 0.763
43 0.634 0.703 0.81
44 0.663 0.696 0.775
45 0.628 0.684 0.786
46 0.623 0.677 0.756
47 0.612 0.667 0.75
48 0.66 0.8 0.843
49 0.656 0.713 0.785
50 0.624 0.658 0.766
51 0.626 0.734 0.8
52 0.614 0.654 0.767
53 0.552 0.707 0.781
54 0.615 0.677 0.771
55 0.658 0.726 0.802
56 0.638 0.735 0.804
57 0.518 0.669 0.791
58 0.619 0.691 0.773
59 0.549 0.548 0.746
60 0.634 0.71 0.733
61 0.674 0.716 0.797
62 0.716 0.775 0.821
63 0.573 0.688 0.767
64 0.577 0.547 0.782
65 0.696 0.711 0.78
66 0.62 0.682 0.766
67 0.63 0.674 0.763
68 0.64 0.726 0.796
69 0.647 0.675 0.746
70 0.604 0.63 0.759
71 0.68 0.692 0.776
72 0.61 0.655 0.734
73 0.623 0.77 0.845
74 0.612 0.685 0.76
75 0.627 0.677 0.742
76 0.631 0.706 0.817
77 0.639 0.71 0.759
78 0.607 0.737 0.816
79 0.671 0.752 0.803
80 0.598 0.725 0.796
81 0.638 0.727 0.791
82 0.607 0.715 0.801
83 0.6 0.65 0.766
84 0.646 0.675 0.789
85 0.57 0.701 0.757
86 0.624 0.704 0.851
87 0.578 0.759 0.807
88 0.649 0.715 0.8
89 0.664 0.733 0.787
90 0.646 0.704 0.783
91 0.662 0.717 0.813
92 0.614 0.7 0.786
93 0.556 0.699 0.757
94 0.55 0.681 0.76
95 0.629 0.69 0.807
96 0.651 0.684 0.755
97 0.612 0.724 0.787
98 0.644 0.724 0.787
99 0.511 0.72 0.784
100 0.633 0.69 0.766
