1 0.709 0.793 0.816
2 0.72 0.762 0.818
3 0.715 0.774 0.818
4 0.738 0.755 0.823
5 0.736 0.766 0.819
6 0.777 0.796 0.804
7 0.756 0.767 0.83
8 0.701 0.753 0.824
9 0.644 0.766 0.803
10 0.719 0.775 0.808
11 0.721 0.742 0.811
12 0.7 0.716 0.807
13 0.794 0.77 0.823
14 0.798 0.806 0.83
15 0.808 0.766 0.821
16 0.678 0.773 0.817
17 0.785 0.771 0.837
18 0.692 0.752 0.81
19 0.744 0.779 0.814
20 0.692 0.816 0.824
21 0.732 0.787 0.828
22 0.749 0.794 0.813
23 0.731 0.737 0.781
24 0.798 0.765 0.8
25 0.735 0.742 0.806
26 0.819 0.793 0.833
27 0.705 0.753 0.806
28 0.812 0.803 0.827
29 0.745 0.804 0.823
30 0.704 0.728 0.814
31 0.77 0.781 0.833
32 0.767 0.767 0.807
33 0.714 0.753 0.828
34 0.711 0.76 0.821
35 0.727 0.772 0.806
36 0.738 0.741 0.809
37 0.685 0.807 0.849
38 0.697 0.736 0.834
39 0.693 0.755 0.807
40 0.695 0.732 0.803
41 0.745 0.727 0.823
42 0.71 0.768 0.81
43 0.705 0.747 0.789
44 0.765 0.786 0.813
45 0.712 0.741 0.817
46 0.779 0.755 0.804
47 0.696 0.741 0.819
48 0.713 0.755 0.812
49 0.688 0.734 0.813
50 0.694 0.72 0.825
51 0.767 0.738 0.828
52 0.81 0.765 0.819
53 0.749 0.774 0.835
54 0.82 0.765 0.829
55 0.715 0.736 0.807
56 0.821 0.801 0.816
57 0.79 0.759 0.806
58 0.733 0.819 0.846
59 0.766 0.761 0.837
60 0.821 0.771 0.822
61 0.765 0.744 0.8
62 0.783 0.742 0.823
63 0.729 0.769 0.829
64 0.693 0.726 0.81
65 0.742 0.778 0.806
66 0.817 0.79 0.823
67 0.788 0.706 0.811
68 0.768 0.786 0.827
69 0.656 0.796 0.811
70 0.716 0.743 0.835
71 0.796 0.764 0.831
72 0.663 0.717 0.8
73 0.715 0.746 0.819
74 0.823 0.763 0.829
75 0.707 0.76 0.815
76 0.7 0.765 0.839
77 0.727 0.748 0.83
78 0.669 0.749 0.813
79 0.749 0.788 0.835
80 0.734 0.78 0.828
81 0.736 0.803 0.814
82 0.734 0.787 0.823
83 0.726 0.762 0.829
84 0.697 0.808 0.825
85 0.695 0.76 0.81
86 0.769 0.742 0.793
87 0.774 0.816 0.817
88 0.735 0.777 0.824
89 0.787 0.788 0.838
90 0.712 0.758 0.843
91 0.772 0.773 0.826
92 0.694 0.758 0.806
93 0.74 0.729 0.807
94 0.686 0.755 0.788
95 0.724 0.756 0.84
96 0.747 0.778 0.814
97 0.696 0.731 0.8
98 0.787 0.739 0.819
99 0.744 0.758 0.837
100 0.679 0.723 0.814
