1 0.53 0.698 0.736
2 0.61 0.655 0.699
3 0.612 0.704 0.793
4 0.639 0.686 0.761
5 0.643 0.684 0.781
6 0.634 0.695 0.744
7 0.613 0.671 0.734
8 0.651 0.709 0.816
9 0.609 0.658 0.732
10 0.627 0.672 0.758
11 0.64 0.558 0.79
12 0.613 0.686 0.772
13 0.613 0.639 0.731
14 0.618 0.648 0.691
15 0.63 0.682 0.766
16 0.622 0.701 0.788
17 0.596 0.667 0.786
18 0.556 0.665 0.717
19 0.607 0.67 0.764
20 0.589 0.675 0.778
21 0.645 0.68 0.772
22 0.597 0.691 0.77
23 0.599 0.669 0.759
24 0.631 0.679 0.799
25 0.592 0.534 0.737
26 0.621 0.657 0.783
27 0.604 0.673 0.794
28 0.633 0.705 0.766
29 0.593 0.68 0.797
30 0.583 0.682 0.736
31 0.604 0.667 0.771
32 0.624 0.707 0.802
33 0.606 0.552 0.71
34 0.597 0.667 0.802
35 0.592 0.688 0.737
36 0.625 0.712 0.819
37 0.617 0.56 0.749
38 0.596 0.678 0.736
39 0.612 0.701 0.704
40 0.628 0.704 0.794
41 0.679 0.704 0.807
42 0.609 0.65 0.75
43 0.63 0.659 0.762
44 0.602 0.654 0.733
45 0.586 0.687 0.529
46 0.6 0.691 0.766
47 0.621 0.673 0.75
48 0.612 0.679 0.742
49 0.604 0.68 0.761
50 0.609 0.69 0.782
51 0.587 0.653 0.778
52 0.638 0.691 0.772
53 0.59 0.728 0.792
54 0.635 0.691 0.769
55 0.604 0.651 0.747
56 0.543 0.542 0.727
57 0.607 0.662 0.779
58 0.631 0.668 0.77
59 0.627 0.667 0.746
60 0.624 0.548 0.531
61 0.591 0.649 0.722
62 0.604 0.696 0.81
63 0.598 0.667 0.738
64 0.594 0.656 0.709
65 0.623 0.639 0.665
66 0.624 0.647 0.727
67 0.605 0.693 0.799
68 0.623 0.676 0.765
69 0.56 0.674 0.776
70 0.564 0.687 0.792
71 0.516 0.632 0.738
72 0.6 0.703 0.806
73 0.555 0.681 0.708
74 0.595 0.583 0.749
75 0.52 0.629 0.732
76 0.532 0.659 0.729
77 0.54 0.529 0.728
78 0.594 0.678 0.782
79 0.61 0.685 0.788
80 0.536 0.533 0.74
81 0.556 0.546 0.763
82 0.532 0.681 0.74
83 0.64 0.666 0.739
84 0.627 0.66 0.749
85 0.606 0.712 0.799
86 0.537 0.637 0.737
87 0.577 0.653 0.733
88 0.566 0.558 0.773
89 0.579 0.65 0.727
90 0.533 0.531 0.799
91 0.551 0.684 0.797
92 0.53 0.541 0.742
93 0.601 0.684 0.753
94 0.6 0.694 0.776
95 0.555 0.548 0.741
96 0.608 0.537 0.756
97 0.524 0.679 0.793
98 0.525 0.638 0.707
99 0.604 0.665 0.771
100 0.579 0.671 0.742
