1 0.65 0.711 0.778
2 0.693 0.695 0.803
3 0.658 0.688 0.774
4 0.645 0.711 0.795
5 0.676 0.732 0.798
6 0.693 0.728 0.79
7 0.672 0.716 0.798
8 0.686 0.722 0.781
9 0.61 0.717 0.788
10 0.642 0.732 0.782
11 0.68 0.72 0.8
12 0.637 0.691 0.774
13 0.733 0.732 0.79
14 0.629 0.718 0.801
15 0.678 0.684 0.771
16 0.63 0.685 0.796
17 0.642 0.7 0.781
18 0.652 0.721 0.788
19 0.643 0.712 0.782
20 0.658 0.695 0.77
21 0.648 0.711 0.786
22 0.653 0.738 0.771
23 0.635 0.683 0.79
24 0.721 0.763 0.806
25 0.646 0.682 0.798
26 0.726 0.735 0.806
27 0.672 0.7 0.778
28 0.693 0.746 0.788
29 0.713 0.741 0.805
30 0.654 0.692 0.79
31 0.697 0.713 0.776
32 0.669 0.72 0.792
33 0.796 0.68 0.782
34 0.671 0.715 0.793
35 0.649 0.749 0.782
36 0.717 0.696 0.782
37 0.641 0.763 0.802
38 0.64 0.707 0.774
39 0.606 0.707 0.79
40 0.698 0.71 0.79
41 0.705 0.699 0.794
42 0.704 0.698 0.795
43 0.64 0.697 0.765
44 0.703 0.719 0.784
45 0.647 0.671 0.773
46 0.695 0.721 0.786
47 0.666 0.654 0.795
48 0.63 0.651 0.781
49 0.635 0.723 0.795
50 0.655 0.696 0.774
51 0.703 0.725 0.799
52 0.656 0.727 0.802
53 0.756 0.751 0.808
54 0.686 0.78 0.805
55 0.669 0.686 0.773
56 0.638 0.694 0.796
57 0.719 0.74 0.802
58 0.617 0.692 0.792
59 0.712 0.697 0.816
60 0.736 0.738 0.803
61 0.668 0.694 0.776
62 0.635 0.697 0.797
63 0.699 0.774 0.814
64 0.654 0.754 0.805
65 0.676 0.725 0.805
66 0.682 0.757 0.82
67 0.717 0.793 0.788
68 0.675 0.701 0.794
69 0.661 0.698 0.764
70 0.663 0.73 0.806
71 0.656 0.698 0.79
72 0.629 0.717 0.78
73 0.627 0.684 0.78
74 0.702 0.739 0.8
75 0.642 0.709 0.785
76 0.623 0.733 0.814
77 0.749 0.696 0.797
78 0.622 0.677 0.785
79 0.641 0.744 0.799
80 0.662 0.717 0.797
81 0.714 0.713 0.783
82 0.663 0.713 0.782
83 0.626 0.744 0.775
84 0.638 0.717 0.8
85 0.674 0.698 0.78
86 0.647 0.695 0.763
87 0.654 0.683 0.809
88 0.664 0.73 0.797
89 0.683 0.687 0.784
90 0.68 0.703 0.805
91 0.71 0.682 0.81
92 0.663 0.698 0.784
93 0.651 0.719 0.802
94 0.648 0.707 0.785
95 0.654 0.706 0.799
96 0.634 0.689 0.786
97 0.704 0.705 0.792
98 0.654 0.693 0.778
99 0.665 0.699 0.801
100 0.651 0.706 0.775
