1 13617.69 13416.55 13224.8
2 13507.84 13492.04 13111.53
3 13673.32 13487.02 13128.65
4 13688.33 13403.23 13106.14
5 13640.83 13626.83 13307.4
6 13148.57 13026.48 12827.76
7 13464.09 13278.42 12994.41
8 13444.01 13360.31 13098.7
9 13561.4 13522.87 13121.89
10 13616.7 13408.16 13058.57
11 13513.45 13355.53 13025.31
12 13558.34 13354.95 13158.31
13 13407.17 13438.08 13084.64
14 13276.14 13245.67 12858.89
15 13561.45 13450.84 13112.36
16 13628.96 13449.09 13247.75
17 13171.99 13352.37 13080.3
18 13197.36 13154.94 12934.08
19 13687.33 13455.26 13123
20 13442.94 13346.21 13077.93
21 13364.78 13217.31 13010.63
22 13497.65 13464.05 13106.65
23 13289.08 13276 13057.51
24 13592.04 13414.72 13157.79
25 13568.3 13418.56 13165.3
26 13298.9 13104.33 12840.97
27 13567.12 13457.39 13101.38
28 13338.97 13220.75 12872.48
29 13321.54 13141.43 12815.31
30 13258.35 13161.61 13047.87
31 13377.29 13336.58 13094.52
32 13441.51 13379.28 13006.84
33 13229.62 13197.36 12866.05
34 13533.42 13447.84 13169.25
35 13452.52 13353.66 13104.76
36 13466.31 13259.12 12926.18
37 13130.47 13199.07 12835.8
38 13535.85 13398.91 13002.47
39 13514.11 13309.12 13049.91
40 13354.81 13417.21 13051.49
41 13490.29 13279.8 13031.67
42 13670.21 13358.04 13096.35
43 13380.05 13205.8 12951.74
44 13461.04 13582.41 13304.83
45 13220.99 13290.25 12984.12
46 13605.38 13428.15 13073.71
47 13565.62 13391.34 13088.48
48 13445.69 13411.42 13146.99
49 13330.07 13352.46 12876.43
50 13429.61 13157.21 12976.45
51 13553.08 13374.52 13088.31
52 13423.58 13212.19 13016.24
53 13648.12 13295.31 13045.47
54 13500.88 13448.05 13201.92
55 13516.45 13479.2 13161.82
56 13140.86 13076.61 12856.73
57 13376.68 13415.88 13119.53
58 13885.26 13581.84 13166.96
59 13208.17 13120.32 12935.63
60 13462.44 13462.54 13260.93
61 13163.44 13102.71 12852.31
62 13645.31 13408.73 12965.04
63 13567.73 13453.57 13154.48
64 13929.81 13496.92 13133.54
65 13407.78 13315.1 13053.13
66 13260.01 13201.13 12844.1
67 13643.91 13628.84 13184.73
68 13568.29 13370.63 13098.89
69 13627.59 13479.64 13188.88
70 13499.36 13294.62 12986.98
71 13530.02 13464.78 13140.9
72 13530.58 13475.7 13088.54
73 13724.4 13304.94 13069.7
74 13197.74 13166.29 12887.14
75 13374.59 13410.09 13159.54
76 13331.38 13473.53 13109.9
77 13526.36 13338.15 13008.23
78 13527.55 13414.32 13092.14
79 13525.04 13627.44 13239.17
80 13109.24 13201.41 12788.46
81 13347.29 13290.25 13027.37
82 13264.65 13259.44 12902.89
83 13293.71 13195.96 13021.92
84 13419.12 13439.92 13232.76
85 13499.02 13587.11 13269.19
86 13423.44 13422.74 13178.25
87 13283.27 13277.37 12896.13
88 13214.13 13243.07 12888.34
89 13602.85 13374.8 12972.24
90 13320.41 13291.28 13029.37
91 13242.5 13332.17 12986.76
92 13442.45 13224.85 13010.29
93 13416.33 13448.06 13041.38
94 13369.38 13213.09 12970.82
95 13438.11 13225.49 12990.34
96 13716.92 13646.67 13381.25
97 13128.69 13365.66 12890.16
98 13435.37 13374.37 12937.54
99 13515.83 13553.66 13187.54
100 13297.86 13411.41 13020.68
