1 15846 15160.74 14547.86
2 15875.42 15321.63 14655.89
3 15720.27 15265.74 14573.85
4 15810.7 15425.18 14712.4
5 15640.51 15324.58 14625.16
6 15921.03 15396.01 14747
7 15882.36 15470.35 14745.64
8 15824.47 15321.41 14629.39
9 15776.64 15404.53 14678.7
10 15816.84 15470.05 14816.49
11 15616.54 15271.09 14648.59
12 16002.07 15308.03 14682.21
13 15771.16 15299.95 14653.64
14 15610.27 15160.06 14537.61
15 15751.07 15339.73 14636.32
16 15919.08 15438.37 14750.25
17 15356.83 14934.28 14291.65
18 16224.71 15598.45 14949.23
19 15754.81 15328.63 14724.83
20 15496.43 15219.61 14536.69
21 15924.06 15324.05 14652.16
22 15918.04 15422.77 14770.96
23 15741.21 15292.77 14676.35
24 15732.99 15327.83 14697.02
25 15916.02 15362.15 14700.49
26 15908.44 15362.27 14714.7
27 15845.36 15472.73 14778.33
28 15770.65 15268.29 14625.11
29 15799.8 15509.46 14853.63
30 15599.83 15114.75 14444.69
31 15671.55 15206.8 14554.66
32 15839.82 15398.82 14738.72
33 15616.79 15224.89 14656.51
34 15799.91 15453.61 14788.82
35 15544.14 15064.4 14461.29
36 15773.08 15397.56 14736.37
37 15755.61 15192.51 14527.73
38 15568.25 15257.22 14607.82
39 15970.74 15470.9 14772.23
40 15771.18 15289.9 14634.53
41 15583.75 15240.34 14614.79
42 15994.75 15448.21 14802.13
43 15489.41 15076.49 14440.97
44 15788.84 15392.06 14690.41
45 15556.53 15151.16 14544.85
46 15717.56 15332.74 14655.85
47 16053.2 15402.48 14749.26
48 15741.38 15373.73 14664.54
49 15778.02 15274.52 14597.51
50 15712.53 15202.9 14564.8
51 16012.15 15595.66 14965.78
52 15739.76 15331.99 14646.48
53 16040.09 15625.45 14887.45
54 15671.47 15332.33 14684.46
55 15606.63 15406.1 14739.71
56 15999.18 15445.83 14754.46
57 15545.38 15254.41 14530.7
58 16069.22 15692.76 14945.37
59 15783.09 15295.77 14645.93
60 15709.62 15396.02 14754.07
61 16115.28 15622.86 14890.86
62 15922.09 15514.94 14832.7
63 15713.75 15377.04 14745.51
64 15559.14 15239.71 14586.48
65 15753.79 15206.32 14530.4
66 15915.03 15273.56 14612.33
67 15853.48 15415.81 14716.42
68 15756.24 15277.27 14610.12
69 15424.13 14970.5 14324.39
70 15806.06 15245.54 14566.09
71 15672.26 15308.48 14650.36
72 15836.58 15325.21 14749.84
73 15563.7 15195.84 14568.43
74 15814.93 15371.8 14671.32
75 15879.35 15419.94 14777.57
76 15879.76 15412.17 14789.41
77 15627.94 15186.84 14572.38
78 15974.63 15365.94 14640.15
79 15634.91 15139.05 14517.5
80 15759.85 15177.57 14573.06
81 15768.62 15424.19 14787
82 15722.67 15407.95 14667.02
83 15898.55 15494.21 14779.76
84 15631.04 15296.99 14650.24
85 15590.67 15183.83 14504.64
86 15541.26 14988.76 14384.62
87 15849.16 15361.61 14654.87
88 15727.87 15224.99 14614.34
89 15692.67 15390.16 14682.85
90 15975.48 15645.38 14938.31
91 15840.85 15448.45 14777.19
92 15794.5 15344.98 14630.31
93 15768.24 15349.03 14661.06
94 15658.01 15143.66 14491.26
95 16075.8 15605.91 15003.61
96 15888.58 15368.78 14679.51
97 15839.54 15397.6 14767.54
98 15684.68 15393.48 14694.32
99 15744.37 15330.94 14610.69
100 15934.23 15330.06 14644.12
