1 14464.75 13873.56 13208.8
2 14468.26 14025.25 13331.56
3 14422.09 14102.65 13412.61
4 14507.16 14171.1 13481.65
5 14432.58 14115.47 13482.81
6 14535.63 14080.01 13488.93
7 14668 14328.78 13661.44
8 14547.81 14091.5 13449.33
9 14426.06 14195.92 13488.41
10 14510.53 14265.91 13601.13
11 14261.95 13946.07 13437.4
12 14608.78 14013.89 13392.35
13 14443.95 14126.99 13450.17
14 14367.18 13921.78 13338.04
15 14581.59 14145.58 13514.46
16 14499.08 14171.45 13533.13
17 14105.97 13703.41 13085.54
18 14923.25 14320.76 13682.96
19 14467.14 14114.93 13520.41
20 14238.58 13996.87 13339.02
21 14560.98 14053.17 13459.25
22 14568.33 14184.07 13589.12
23 14493.21 14061.56 13468.69
24 14475.54 14127.51 13523.22
25 14547.89 14177.41 13495.88
26 14704.86 14207.94 13601.34
27 14489.11 14296.82 13534.22
28 14526.36 14074.51 13430.17
29 14535.46 14314.5 13680.26
30 14370.67 13998.05 13321
31 14470.58 14042.33 13371.58
32 14527.35 14192.15 13543.4
33 14387.44 14009.32 13416.21
34 14483.18 14224.43 13546
35 14213.77 13920.41 13273.53
36 14488.1 14172.86 13499.46
37 14418.94 13995.91 13341.6
38 14235.24 13936.29 13389.83
39 14624.56 14138.75 13507.07
40 14363.56 13989.79 13376.41
41 14376.03 13992.28 13439.47
42 14633.03 14194.28 13557.4
43 14227.94 13930.53 13318.45
44 14456.67 14164.61 13459.07
45 14294.02 13996.31 13409.26
46 14555.59 14137.52 13462.55
47 14726 14287.1 13559.94
48 14420.57 14113.85 13478.26
49 14456.74 13942.12 13444.63
50 14419.54 14019.72 13370.95
51 14631.85 14283.94 13628.19
52 14624.22 14224 13521.89
53 14762.77 14413.55 13708.65
54 14368.22 14080.66 13429.61
55 14275.33 14203.44 13509.56
56 14700.57 14364.28 13637.57
57 14325.19 14009.66 13418.85
58 14795.05 14498.66 13770.03
59 14462.13 14038.42 13425.77
60 14389.36 14106.13 13540.38
61 14805.51 14341.39 13671.59
62 14673.32 14315.82 13617.4
63 14460.29 14238.65 13563.13
64 14305.36 14090.02 13417.6
65 14378.61 13923.12 13274.02
66 14566.05 13972.72 13344.63
67 14618.27 14231.04 13552.38
68 14518.18 14122.33 13424.8
69 13973.31 13722.51 13114.24
70 14561.74 14044.05 13378.19
71 14461.04 14119.97 13473.99
72 14671.82 14188.09 13539
73 14215.83 13889.2 13310.25
74 14457.9 14052.53 13427.99
75 14580.04 14206.43 13557.48
76 14619.24 14209.98 13585.92
77 14460 14101.82 13522.8
78 14618.19 14106.28 13431.6
79 14350.6 13826.62 13254.37
80 14414.32 14056.54 13412.82
81 14607.44 14226.45 13604.82
82 14425.5 14113.18 13413.43
83 14660.93 14129.28 13575.53
84 14402.88 14026.91 13396.47
85 14256.86 14008.76 13358.16
86 14393.59 13842.53 13242.58
87 14601.74 14141.65 13526.22
88 14398.2 14044.01 13411.07
89 14426.38 14074.64 13477.7
90 14720.4 14487.7 13750.37
91 14663.5 14316.02 13604.04
92 14501.52 14101.16 13505.93
93 14489.35 13998.43 13415.33
94 14380.67 13936.79 13277.95
95 14737.2 14321.04 13765.79
96 14600.08 14168.07 13551.44
97 14641.69 14331.21 13612.84
98 14479.93 14245.53 13537.94
99 14397.1 14104.07 13397.7
100 14616.49 14138.35 13460.44
