1 12442.07 12304.77 12036.32
2 12330.19 12390.3 12100.66
3 12324.89 12311.09 11967.53
4 12460.73 12218 12023.56
5 12443.97 12469.82 12199.95
6 12006.88 11943.36 11750
7 12282.89 12274.04 11937.87
8 12269.82 12210.68 11917.75
9 12355.84 12536.77 12200.04
10 12338.06 12207.87 11943.28
11 12453.45 12339.41 11985.41
12 12388.75 12256.19 12078.35
13 12015.64 12131.57 11864.77
14 12072.1 11973.81 11788.56
15 12421.27 12294.15 12096.77
16 12469.41 12313.85 11992.3
17 11992.97 12155.51 11933.06
18 12035.25 12036.33 11746.65
19 12376.9 12208.44 11909.47
20 12252.42 12231.75 11988.15
21 12225.45 12066.97 11901.4
22 12463.33 12369.41 12019.23
23 12050.56 11997.6 11891.07
24 12338.82 12280.61 12018.37
25 12424.72 12256.38 11976.66
26 12107.54 11998.28 11711.69
27 12379.12 12347.06 11971.03
28 12239.11 12024.48 11688.69
29 12129.84 12028.43 11754.32
30 12139.73 12041.52 11707.93
31 12188.9 12194.48 11994.22
32 12221.89 12164.92 11892.46
33 12084.06 12059.25 11798.52
34 12389.47 12258.29 12061.16
35 12363.5 12181.1 11341.03
36 12295.23 12144.84 11771.19
37 12011.88 12080.58 11801.76
38 12394.39 12360.49 11966.48
39 12308.14 12156.74 11992.09
40 12033.38 12062.17 11881.97
41 12286.25 12151.62 11911.69
42 12453.69 12208.24 11969.08
43 12141.09 11969.55 11889.34
44 12319.74 12491.58 12261.29
45 12004.63 12070.59 11731.77
46 12187.68 12200.15 11955.59
47 12387.35 12192.34 11914.17
48 12358.22 12238.93 12032.74
49 12138.74 12190.56 11704.86
50 12246.73 12017.45 11811.95
51 12284.42 12307.62 12038.19
52 12264.83 12135.33 11904.37
53 12335.83 12156.08 11734.21
54 12238.59 12249.1 12043.46
55 12276.58 12405.32 12081.8
56 12076.68 12023.49 11830.16
57 12211.64 12269.79 11995.34
58 12676.44 12431.8 12061.91
59 11873.01 11894 11704.74
60 12315.78 12384.58 12164.36
61 12084.82 12017.13 11568.57
62 12411.51 12343.86 11932.31
63 12308.67 12241.1 11992.95
64 12670.3 12350.93 12025.39
65 12274.15 12085.48 11932.55
66 12113.57 12202.76 11818.39
67 12486.02 12482.55 12089.56
68 12376.1 12191.18 11874.73
69 12309.02 12295.68 12023.31
70 12150.52 12127.44 11844.91
71 12293.93 12357.64 12052.37
72 12184.42 12316.94 12002.23
73 12568.55 12187.5 12042
74 11852.33 11947.84 11744.05
75 12166.6 12327.22 12058.9
76 12223.04 12444.53 12070.75
77 12369.9 12279.76 11949.74
78 12268.07 12108.96 11849.93
79 12355.21 12569.26 12161.52
80 11865.93 12066.77 11712.86
81 12130.49 12093.62 11809.96
82 11977.5 12217.71 11949.63
83 12157.62 12104.08 11912.06
84 12275.79 12383.84 12120.52
85 12199.88 12322.49 12071.39
86 12235.59 12205.98 12112.61
87 12140.39 12162.17 11923.9
88 12005.75 12240.74 11942.21
89 12264.8 12262.65 11856.61
90 12211.19 12154.01 11955.29
91 12099.06 12241.59 11950.56
92 12175.25 12089.79 11902.34
93 12283.99 12285.07 11973.19
94 12245.94 12144.07 11852.98
95 12187.98 12085.31 11856.25
96 12591.29 12576.06 12300.59
97 12009.35 12287.36 11891.82
98 12237.81 12207.82 11974.67
99 12224.96 12248.16 12054.92
100 12113.34 12380.36 11888.05
