1 11231.5910484676 11273.0873573967 10865.5436710763
2 11369.1753323978 11316.880062063 10965.2728488755
3 11115.5566747374 11099.2671163344 10833.316371229
4 10992.4268945304 11030.1241535868 10911.9132420932
5 10874.468996457 10888.9413034277 10615.2567766606
6 11193.5475605826 11317.4741817998 10931.7322351514
7 11257.595202304 11321.5938957629 10840.8588811861
8 11132.2845220962 11106.5163287869 10517.1246255435
9 10850.9741365656 11034.3400551783 10808.6135971454
10 10887.5257918372 10937.191056997 10652.7110747335
11 10634.4268641976 11088.1675430526 10754.3173780472
12 10481.3347207508 10620.8238837013 10774.4535747124
13 11154.6413895684 11101.4966656386 10903.5348860052
14 10705.7162322608 11010.6476866609 10868.5031923515
15 11000.7309190841 11097.1450756313 10880.8598159971
16 11248.0708387911 11459.3649454978 11186.2784104621
17 11266.434368585 11046.5848477727 10778.2291029223
18 10753.2086449725 10853.0567685594 10792.9742818958
19 11127.644717206 11091.3025441184 10881.2422660643
20 10764.2584724203 10768.6576391759 10631.9596115237
21 10536.3934402693 11071.3341386867 10570.8033278582
22 10679.0236639983 10988.5385768153 10675.3638377688
23 10993.1444369773 11083.7278618333 10807.7799274425
24 11042.0791401324 10916.7699826485 10796.5598550366
25 11032.2196401734 10854.4759215125 10689.6949834742
26 11080.7989338788 11179.3014519326 10940.1809426134
27 10807.9591152768 10994.2649588796 10954.1733433838
28 10650.781279771 10948.2145763321 10750.8668149043
29 10667.6167633142 10963.307448988 10874.6432038902
30 11134.9125271078 11057.4597948038 10809.6700952118
31 10938.0292686537 10954.0721643578 10632.1575003764
32 11208.5653401836 11146.7678174218 10844.5045365236
33 10735.4631889214 10820.6694815461 10818.569716384
34 11052.4397258427 11235.1162283359 10902.5261652837
35 10848.9692176095 10799.0917464838 10716.5860306082
36 10642.92691617 11087.7163171643 10853.9319361099
37 10808.0023620169 10959.841221321 10779.2200774093
38 10894.3875744847 11243.3481229003 10894.3013770453
39 11120.1656082927 10997.3946281407 10820.2190248683
40 10844.5918887213 10996.1137967842 10773.6441947847
41 10954.7818029755 11119.6488527545 10892.214543656
42 11128.0021104733 11172.4582705708 11025.4939691353
43 11181.8174449135 11289.2782234314 10951.1124217484
44 11411.7234603287 11042.6922805342 10885.1236989947
45 10950.2226586672 10931.2338464258 10882.3701931213
46 10958.865617272 11094.9346436977 11002.4025725726
47 10938.7411200727 10995.2333292648 10858.740150112
48 10961.952118181 11036.11437254 10708.3815610881
49 10990.7767406364 10985.6391176204 10774.0777571823
50 10983.1051311242 10843.7591519547 10696.7163325479
51 10827.3699305661 11037.8241250433 10812.1355225106
52 10887.8229640537 11114.6141213151 10994.1250846805
53 10461.5049408852 10800.2454875427 10659.9305179585
54 11024.0277004005 11191.7718516059 10962.3658832437
55 11166.57364086 11243.5445627029 10887.4932833094
56 10883.2273948826 11020.2682644143 10736.4228075362
57 10663.2620445285 11135.7088015334 10958.9301065348
58 10640.9998401303 10810.3920562695 10726.1968537354
59 10556.0111512943 10655.8494842882 10826.8623950705
60 10998.2178502361 11059.0570105046 10671.739473299
61 11263.4073499144 11201.4675635626 10844.1900401934
62 11346.1465150336 11187.1339948032 10830.301044388
63 10928.0886668619 11093.8486549413 10915.9985630482
64 10613.7108061078 10720.3778132736 10910.4155820395
65 11128.8123268648 10912.7295184919 10813.4171987513
66 11263.2599501058 11089.5701325626 10883.2183933782
67 11177.9206675179 11022.1972605061 10861.8368600404
68 11016.1637905166 11060.0709595016 10769.0529491573
69 10985.6838650928 11068.5319166972 10707.8655358415
70 10736.7647606946 10721.1672626148 10712.6991220861
71 11143.5944304838 11146.4459458314 10820.6363994497
72 10925.7214957179 10941.1761745114 10819.838303945
73 10924.5298836134 11092.6170056116 10869.8009115837
74 10778.8835652678 10785.9942642774 10499.8840880373
75 11090.5938188792 11067.6719822699 10858.6540644861
76 11078.1659266856 11150.0246784067 10891.5745017314
77 10921.4998306111 11008.6395049062 10726.5449047656
78 10905.4181767872 11125.6743880171 10837.8255293626
79 11032.0909978506 11016.0570085316 10702.2155423908
80 10885.3460123704 11256.2554150988 10938.3776938389
81 11065.3354450899 11066.7240956054 10835.2700865504
82 10775.1540004215 11130.0396206701 10836.4810095818
83 10754.6836797715 10977.2363326077 10692.8533975052
84 10790.4839410986 10803.5322790877 10724.7702951213
85 10670.2192930859 10917.8657324813 10518.1290790382
86 10918.1579297362 11121.1386412637 10798.2830433225
87 10841.1666913038 11212.5886891266 10905.1888011798
88 10922.9635720682 11012.6678235942 10784.2085378453
89 11005.0031957581 11049.0230575065 10731.0930351839
90 11048.4739432204 10939.9252857704 10714.9389494507
91 10988.426633443 10968.0081695083 10813.7288658698
92 10931.3412129701 10983.2599371996 10844.9965417675
93 10295.8915699887 10796.9490324249 10611.3969532093
94 10601.2087896381 10813.4465177311 10700.1895158249
95 10924.8291983164 11043.0174893563 10918.2896395664
96 11245.6900155087 11316.1312795627 11082.6284599472
97 10850.4562238887 11108.2284861147 10827.221104946
98 10952.3909765512 10791.5765569924 10483.2062809999
99 10651.3976502675 11050.3220252268 10704.0925378429
100 11121.1473644425 11206.6363113966 11010.9776902543
