1 13079.44 12729.87 12099.04
2 13226.12 12943.85 12298.59
3 13023.01 12769.51 12152.02
4 13104.16 12815.69 12273.01
5 13072.56 12851.57 12273.32
6 13232.48 12940.25 12267.13
7 13258.81 13032.03 12361.38
8 13074.43 12719.27 12164.62
9 12975.21 12875.19 12161.56
10 13212.44 12983.24 12348.38
11 12955.77 12790.87 12297.12
12 13168.15 12673.09 12159.32
13 13088.97 12732.46 12165.58
14 13122.59 12981.44 12273.4
15 13167.36 12712.71 12168.38
16 13081.91 12912.6 12298.99
17 12870.81 12625.33 11994.72
18 13390.05 13102.49 12457.03
19 13135.29 12876.96 12281.54
20 12977.26 12870.92 12247.08
21 13182.43 12829.45 12234.61
22 13225.46 12980.81 12319.62
23 13067.55 12629.53 12113.49
24 13182.52 12911.45 12302.61
25 13264.67 12945.12 12340.98
26 13297.29 12896.06 12291.56
27 13119.94 12896.1 12275.62
28 13272.15 12779.5 12165.79
29 13249.22 13090.54 12459.26
30 12906.45 12610.12 12068.94
31 13059.07 12728.42 12107.05
32 13178.19 12866.78 12318.78
33 12984.32 12710.1 12183.68
34 13252.77 13045.66 12457.75
35 12957.07 12588.98 12051.52
36 12992.44 12703.48 12237.57
37 13029.43 12805.28 12195.99
38 12858.53 12729.37 12134.34
39 13030.76 12796.63 12138.17
40 12960.9 12765.63 12249.48
41 13033.86 12707.05 12238.61
42 13300.71 13011.96 12386.97
43 12907.34 12733.73 12085.91
44 13159.24 12991.55 12300.93
45 12954.82 12652.52 12078.51
46 13223.36 12708.18 12231.79
47 13197.95 12892.09 12380.57
48 13121.34 12901.1 12230.91
49 13047.23 12715.45 12239.2
50 13063.5 12578.91 12181.92
51 13346.65 12956.75 12454.65
52 13167.15 12839.23 12245.99
53 13392.62 13090.06 12449.62
54 13226.26 12882.72 12331.91
55 13030.86 12934.29 12288.56
56 13371.7 13114.69 12409.32
57 13043.9 12802.72 12219.84
58 13325.29 13153.01 12444.7
59 13077.66 12691.31 12137.77
60 13243.7 12960.91 12382.63
61 13343.73 12913.04 12317.21
62 13296.12 12963.95 12411.91
63 13101.32 12891.78 12357.56
64 12820.14 12686.49 12111.39
65 13214.83 12862.21 12224.32
66 13323.14 12763.44 12189.23
67 13284.93 12801.32 12325.66
68 13242.28 12925.18 12230.82
69 12756.56 12585.62 11952.57
70 13186.84 12684.23 12215.83
71 13214.2 12873.19 12344.12
72 13037.99 12771.68 12324.27
73 12921.2 12626.55 12103.85
74 13206.27 12903.18 12282.26
75 13211.95 12897.48 12279.18
76 13228.58 12952.5 12413.73
77 13066.57 12773.5 12197.44
78 13060.66 12827.84 12278.8
79 13043.59 12715.22 12141.91
80 13199.86 12795.16 12209.82
81 13102.32 13008.79 12382.58
82 13187.21 12977.46 12303.7
83 13351.26 13013.63 12401.11
84 12969.81 12772.52 12230.3
85 12978.54 12752.97 12135.53
86 12995.13 12447.84 11924.6
87 13310.17 12910.4 12221.48
88 12984.83 12659.84 12101.95
89 13137.36 12955.47 12253.2
90 13316.34 13096.41 12534.4
91 13243 12859.91 12280.77
92 13086.14 12799.88 12267.13
93 13112.08 12622.09 12200.42
94 12970.1 12636.43 12108.75
95 13388.88 13058.01 12547.57
96 13235.54 13014.24 12317.05
97 13128.45 12895.31 12415.82
98 13194.53 12799.48 12286.78
99 13132.11 12924.21 12277.63
100 13101.98 12684.63 12137.15
