1 11628.75 11392.51 10961.23
2 11884.68 11514.55 11009.87
3 11479.17 11345.01 10934.83
4 11778.75 11483.57 11154.8
5 11628.79 11492.1 10937.3
6 11832.18 11482.56 11039.84
7 11848.82 11536.63 11040.66
8 11850.54 11439.62 10979.25
9 11432.83 11467.32 11009.05
10 11685.06 11558.03 11108.04
11 11592.86 11540.71 11081.89
12 11792.23 11367.18 10915.54
13 11794.55 11467.37 10941.26
14 11627.54 11471.82 11015.39
15 11781.83 11549.22 11009.7
16 11568.86 11507.28 11066.21
17 11264.4 11133.55 10695.6
18 11893.55 11697.22 11179.99
19 11673.99 11494.5 11092.27
20 11590.24 11416.9 10881.93
21 11744.64 11522.65 11055.41
22 11778.41 11652.79 11126.03
23 11554.9 11475.65 11040.78
24 11746.15 11504.83 10949.99
25 11620.36 11557.8 11029.79
26 11891.98 11442.11 10970.58
27 11602.27 11362.3 10960.4
28 11778.73 11498.64 10977.2
29 11786.76 11624.47 11056.86
30 11521.65 11364.45 10881.62
31 11565.09 11367.12 10899.29
32 11736.22 11652.91 11113.59
33 11828.52 11356.66 10969.81
34 11805.27 11731.49 11208.21
35 11522.67 11514.87 10910.11
36 11777.39 11436.18 11038.54
37 11608.38 11475.14 10940.35
38 11346.28 11361.37 10933.17
39 11580.12 11352.55 10957.57
40 11789.77 11544.16 11016.94
41 11772.23 11269.77 11058.13
42 11872.52 11400.8 11024.17
43 11392.81 11188.04 10780.82
44 11654.34 11458.92 10950.02
45 11382.17 11223.63 10816.56
46 11709.24 11357.17 10941.12
47 11767.32 11409.02 11067.73
48 11708.37 11551.51 11064.08
49 11744.46 11418.98 10972.79
50 11632.17 11213.58 10876.46
51 11896.01 11696.86 11203.26
52 11776.99 11586.31 11046.04
53 12137.01 11994.22 11297.47
54 11717.91 11735.51 11070.34
55 11524.39 11327.71 10901.77
56 11877.78 11625.49 11171.38
57 11704.75 11559.91 10965.18
58 11831.84 11703.02 11261.18
59 11723.66 11530.97 10920.99
60 11804.86 11517.11 10966.83
61 12022.91 11751.91 11199.84
62 11856.76 11465.64 11094.54
63 11784.17 11750.82 11097.44
64 11476.52 11564.45 10878.64
65 11434.01 11363.93 10831.66
66 11839.73 11483.34 10952.34
67 11872.79 11827.31 11123.71
68 11692.92 11390.27 10953.7
69 11417.51 11158.2 10700.08
70 11557.33 11365.67 10929.46
71 11582.05 11403.17 11000.88
72 11710.02 11465.39 11097.64
73 11364.59 11260.4 10870.88
74 11798.2 11466.33 10964.31
75 11785.43 11576.81 11113.87
76 11556.95 11596.28 11043.08
77 11907.92 11465.6 11051.2
78 11696.23 11393.66 11099.52
79 11502.4 11379.38 10876.76
80 11747.85 11562.8 11076.04
81 11810.18 11526.98 10987.98
82 11765.66 11381.59 11029.63
83 11762.67 11749.13 11121.81
84 11647.34 11529.34 10983.24
85 11553.12 11255.37 10882.82
86 11685.54 11208.13 10827.67
87 11782.48 11467.9 11057.73
88 11509.24 11357.71 10889.72
89 11622.68 11335.44 10928.71
90 11906.84 11633.84 11178.14
91 11844.68 11559.7 11043.62
92 11843.36 11468.91 11084.14
93 11792.49 11527.87 11080.23
94 11496.1 11279.52 10857.55
95 11803.08 11643.42 11146.24
96 11693.06 11473.46 11052.66
97 12000.58 11656.14 11203.37
98 11694.7 11307.23 10953.97
99 11635.65 11398.08 10938.35
100 11820.87 11408.95 10967.47
