1 9603.563 9967.36 9558.229
2 9776.337 9905.988 9706.582
3 9886.346 9959.613 9652.041
4 9843.189 9841.512 9711.99
5 10103.78 10226.89 9712.445
6 9582.646 9564.991 9184.298
7 9656.391 9701.037 9607.038
8 9870.888 9829.517 9596.677
9 9901.982 10126.83 9848.692
10 9788.298 9875.059 9557.718
11 9920.734 9647.156 9600.969
12 9874.61 9930.879 9819.287
13 9803.992 9854.576 9740.508
14 9557.687 9373.972 9201.522
15 9872.901 9860.177 9791.28
16 9950.545 10112.58 9938.353
17 9547.256 9721.36 9540.406
18 9407.718 9630.366 9378.449
19 9788.077 9867.51 9782.933
20 9671.668 9780.143 9663.987
21 9773.268 9700.378 9712.086
22 9861.661 9986.062 9735.201
23 9647.679 9690.126 9580.686
24 9791.737 9870.17 9657.414
25 9757.112 9540.875 9717.678
26 9464.559 9516.359 9455.666
27 9887.023 9783.515 9635.454
28 9769.724 9727.582 9535.894
29 9632.267 9817.335 9450.086
30 9508.617 9648.552 9483.216
31 9742.626 9843.864 9593.769
32 9758.012 9775.438 9615.361
33 9599.557 9470.317 9569.169
34 9811.036 10003.41 9728.675
35 9667.032 9730.179 9484.939
36 9792.114 9817.404 9631.509
37 9561.635 9467.941 9439.168
38 9928.039 9914.551 9667.241
39 9867.014 9920.92 9290.67
40 9644.745 9814.458 9622.907
41 10002.69 9805.149 9655.961
42 9755.485 9758.643 9727.491
43 9718.822 9578.122 9559.332
44 9832.722 9879.971 9806.259
45 9447.359 9885.451 9425.227
46 9807.533 9996.577 9729.477
47 9923.354 9752.582 9619.893
48 9624.998 9762.277 9570.129
49 9611.292 9748.597 9605.687
50 9734.423 9734.09 9630.562
51 9791.142 9938.022 9673.877
52 9695.596 9602.056 9507.83
53 9786.159 9934.617 9607.568
54 9760.241 9744.259 9723.464
55 9826.061 9897.293 9719.482
56 9364.163 9408.519 9323.698
57 9836.098 9964.678 9759.464
58 10047.36 9948.225 9829.8
59 9629.313 9676.308 9596.506
60 9637.733 9603.421 9594.459
61 9498.043 9526.422 9481.909
62 9719.378 9852.952 9530.211
63 9781.261 9876.981 9716.944
64 9933.183 9855.107 9640.878
65 9767.858 9578.633 9161.994
66 9698.425 9648.126 9468.566
67 9837.858 10003 9787.578
68 9815.818 9750.232 9680.71
69 9562.532 9937.765 9836.787
70 9470.977 9962.114 9658.776
71 9569.896 9894.023 9647.787
72 9688.738 9974.763 9703.996
73 9422.315 9776.621 9458.746
74 9447.328 9440.056 9574.475
75 9477.885 9942.519 9779.165
76 9540.816 9971.287 9774.253
77 9402.156 9442.879 9410.724
78 9634.956 9784.319 9674.383
79 9730.08 10001.81 9768.462
80 9159.158 9299.515 9512.848
81 9585.823 9645.341 9749.836
82 9399.498 10015.81 9712.947
83 9783.331 9807.601 9786.41
84 9700.606 9709.39 9750.613
85 9692.388 9952.55 9774.443
86 9545.272 9802.166 9623.558
87 9407.243 9826.228 9546.695
88 9400.112 9453.867 9627.071
89 9460.409 9707.09 9617.12
90 9465.188 9547.208 9682.853
91 9414.964 9916.912 9654.768
92 9450.471 9517.83 9539.351
93 9666.242 10013.91 9759.009
94 9700.403 9840.606 9751.357
95 9564.457 9545.613 9612.819
96 9865.807 9751.787 9922.569
97 9374.074 9968.873 9690.134
98 9466.617 9987.761 9666
99 9787.779 9952.604 9833.651
100 9477.128 9917.729 9665.881
