1 1.526839 0.807039 0.5923029
2 1.340675 0.7024651 0.5608897
3 1.522111 0.7636506 0.5559513
4 1.53131 0.77037 0.5792873
5 1.517508 0.7674837 0.4801362
6 1.253037 0.6488113 0.4271136
7 1.52543 0.7007981 0.487697
8 1.418908 0.7020638 0.6361589
9 1.454296 0.5942496 0.5035568
10 1.70029 0.7693998 0.5401378
11 1.284876 0.6605017 0.4894665
12 1.348731 0.7065928 0.5331993
13 1.409812 0.6753068 0.580171
14 1.375694 0.7542246 0.5671071
15 1.333597 0.7093329 0.4727792
16 1.491924 0.7161995 0.7380895
17 1.358047 0.6777231 0.4574556
18 1.139334 0.6196188 0.4465048
19 1.387931 0.7167047 0.5379496
20 1.375864 0.702372 0.5336244
21 1.350971 0.7050045 0.4750513
22 1.505515 0.7438769 0.5204755
23 1.324868 0.6750028 0.5721487
24 1.424575 0.6456205 0.6226151
25 1.525645 0.7653459 0.6933882
26 1.464104 0.7596491 0.615749
27 1.432343 0.7122317 0.6080896
28 1.350372 0.6690565 0.4311673
29 1.469503 0.578172 0.5156384
30 1.254957 0.693884 0.415936
31 1.456182 0.6739049 0.58292
32 1.43658 0.7330368 0.6148818
33 1.257309 0.6285295 0.4475506
34 1.428559 0.7349686 0.5105343
35 1.446869 0.6736157 0.5045407
36 1.360306 0.7081295 0.6273811
37 1.370218 0.7490478 0.4851856
38 1.434718 0.663257 0.6022528
39 1.34885 0.676649 0.6353141
40 1.157623 0.7348336 0.5257486
41 1.34851 0.6676673 0.4511903
42 1.50557 0.7942117 0.494651
43 1.496326 0.8046253 0.6160081
44 1.447177 0.8122543 0.544221
45 1.470152 0.7139517 0.4642904
46 1.685803 0.7664588 0.6038735
47 1.491424 0.7930283 0.5315159
48 1.508103 0.7226777 0.4824622
49 1.531037 0.7150343 0.5905562
50 1.579311 1.109643 0.4924846
51 1.372922 0.6795932 0.4711893
52 1.30942 0.7576129 0.5243616
53 1.464556 0.7001153 0.6917608
54 1.437639 0.7263906 0.4782276
55 1.679591 0.7761815 0.6690151
56 1.291592 0.6363667 0.4789069
57 1.245919 0.7148494 0.4510394
58 1.570362 0.7399889 0.5616248
59 1.31378 0.7241695 0.5381258
60 1.444342 0.727871 0.5668646
61 1.365232 0.695198 0.5048917
62 1.405606 0.7457912 0.688169
63 1.503251 0.7523836 0.537478
64 1.829553 0.8340156 0.6688016
65 1.376981 0.7014422 0.5476449
66 1.448889 0.6161441 0.515676
67 1.585481 0.778727 0.5572903
68 1.426664 0.7301681 0.5189078
69 1.576734 0.7150434 0.5118487
70 1.255551 0.6898284 0.4798637
71 1.511967 0.7676195 0.4858321
72 1.699367 0.7164467 0.6744359
73 1.478174 0.7458809 0.4580758
74 1.33326 0.6861959 0.5113369
75 1.387115 0.6127647 0.4446841
76 1.624236 0.7773202 0.5572685
77 1.402891 0.5425131 0.4119844
78 1.530094 0.820803 0.5941221
79 1.548986 0.7944245 0.5746059
80 1.32729 0.7019763 0.5199225
81 1.418982 0.6677878 0.4753601
82 1.515329 0.6635939 0.630629
83 1.235727 0.6336818 0.5978853
84 1.50268 0.7345615 0.5686992
85 1.617986 0.8053356 0.6191024
86 1.429294 0.7266635 0.5335144
87 1.447075 0.7521387 0.5868807
88 1.324685 0.7048301 0.5299138
89 1.447538 0.5640181 0.4353184
90 1.438775 0.7600179 0.5447064
91 1.583627 0.7456621 0.5922303
92 1.481294 0.7427398 0.4509211
93 1.604037 0.726068 0.4984121
94 1.277449 0.684531 0.5807246
95 1.00839 0.6148116 0.4070056
96 1.345268 0.6404792 0.6019884
97 1.17797 0.6470357 0.5050909
98 1.455532 0.7366816 0.5442546
99 1.444852 0.7425395 0.4470151
100 1.275879 0.6599488 0.4625955
