1 0.9037297 1.00817 0.7792911
2 1.54086 1.212294 0.9885963
3 0.516999 1.040817 0.8188865
4 1.978962 1.269587 0.8521763
5 1.735653 0.8859665 0.7367722
6 1.41066 1.127593 0.9732314
7 1.663299 1.083507 1.004398
8 1.2917 1.07808 0.7430153
9 1.987604 1.043978 0.8818563
10 1.857167 0.9049834 0.8697157
11 1.042473 1.096112 0.9002118
12 1.551906 1.129856 0.9333323
13 1.617939 1.24319 0.9251899
14 1.857415 1.012682 0.8189122
15 1.248956 1.45795 0.9699257
16 2.033341 1.131108 0.9995129
17 1.207339 0.8632531 0.7698674
18 1.381915 1.194782 1.022862
19 1.992576 1.065835 0.8424832
20 1.691844 0.9622651 0.7694475
21 1.831008 0.8744947 0.7966538
22 1.77594 1.041175 0.86274
23 1.953066 1.566019 0.7189608
24 1.7661 0.9537437 0.8260695
25 1.078367 1.131747 0.9234366
26 0.7342077 0.9070421 0.8335487
27 1.550506 1.481185 1.168636
28 2.632128 1.193335 0.8764514
29 1.485863 1.056321 0.9160458
30 1.726692 0.9636488 0.7960292
31 1.89801 0.9397711 0.8308975
32 1.492358 0.8439575 0.6820169
33 1.658873 0.9756011 0.8112378
34 2.324372 1.465613 0.9472862
35 2.002992 1.188431 1.035945
36 1.41436 1.047466 0.7445814
37 2.114785 1.337144 0.8531321
38 1.801626 0.9199404 0.8628015
39 1.531268 0.9161465 0.8537615
40 1.833718 0.9593227 0.8821002
41 1.797705 0.9975273 0.7629419
42 2.397286 1.189966 0.8695672
43 1.878793 0.9409471 0.7594495
44 1.301957 1.077111 0.7767153
45 1.772179 0.9775522 0.8896044
46 1.460011 1.275337 1.089926
47 1.595158 1.436686 0.9693586
48 2.159179 0.954639 0.7139577
49 1.43457 1.224494 0.7004384
50 1.963265 1.650112 0.8445724
51 1.934713 1.197746 0.861685
52 1.823133 1.024899 0.8803774
53 0.8445875 0.9540177 0.9368451
54 1.917381 1.136042 0.7663447
55 2.126169 1.06073 0.9118192
56 2.092866 1.091354 0.8550575
57 1.334853 0.8111219 0.6713719
58 2.131913 1.049077 0.8334326
59 1.813338 1.120808 0.8136772
60 2.148988 1.179668 0.9399594
61 1.326017 1.014139 0.840393
62 1.724046 1.104646 0.7664018
63 1.924535 0.9616622 0.7603845
64 1.347124 0.9043838 0.8918834
65 2.033017 1.104665 0.8820761
66 1.42066 1.458947 0.983747
67 1.792463 1.123083 0.9085322
68 1.200428 1.115809 0.9778235
69 1.255273 0.9750888 0.8564071
70 1.899447 1.280773 0.882907
71 1.779411 0.8355545 0.8149859
72 1.761788 0.9561626 0.9233455
73 1.889344 0.9602663 0.8810164
74 1.071599 1.149064 0.8788337
75 0.7707053 0.9864128 0.7937822
76 2.151819 1.133255 0.8920635
77 2.13724 1.01486 0.7858405
78 0.7529815 0.9012074 0.7645055
79 2.041911 1.155497 0.9645077
80 1.925717 1.11349 0.9225876
81 1.082683 0.8979606 0.8542422
82 0.9282151 1.027753 0.9091567
83 2.293521 1.166041 0.8911879
84 1.414203 0.9225932 0.7994558
85 1.57487 1.368054 0.9283972
86 1.770452 1.011006 0.7628685
87 1.860517 1.115946 0.918645
88 0.665066 0.7808397 0.7714651
89 2.31752 1.035442 0.7449262
90 0.9004614 1.167912 0.8499408
91 1.929575 0.926099 0.7544289
92 1.66792 1.066713 0.7764772
93 1.303495 0.9437816 0.5111865
94 1.936715 1.00793 0.9170206
95 2.107779 1.446353 0.8912977
96 1.815967 0.997966 0.8664748
97 0.9857498 1.001501 0.6935986
98 1.988402 0.9698927 0.6927619
99 0.8022348 0.9734198 0.8692902
100 1.491686 0.8973218 0.9068052
