1 1.29019 0.6199308 0.4817184
2 1.247198 0.6421175 0.484355
3 1.304309 0.7048241 0.4959897
4 1.305478 0.6673666 0.5371368
5 1.306245 0.6482028 0.3985693
6 1.092581 0.5903179 0.4147267
7 1.423699 0.5931129 0.5204861
8 1.390744 0.6688821 0.6289051
9 1.424843 0.5427891 0.3866907
10 1.388748 0.683018 0.4786773
11 1.203875 0.6233844 0.4947166
12 1.269067 0.6634329 0.4091079
13 1.282291 0.616712 0.4471137
14 1.285278 0.7427592 0.5213642
15 1.21933 0.6866874 0.4563174
16 1.401658 0.6627593 0.6238747
17 1.357907 0.6545711 0.4485642
18 1.162945 0.5409864 0.4740521
19 1.315475 0.6856028 0.5557187
20 1.303649 0.6735293 0.4950932
21 1.194798 0.6373529 0.4076383
22 1.540389 0.7748308 0.660935
23 1.23696 0.6155356 0.4609583
24 1.265057 0.6254976 0.4448268
25 1.352918 0.7177899 0.5660597
26 1.403611 0.7301519 0.5107479
27 1.357952 0.7039671 0.4377516
28 1.238158 0.6292436 0.5166437
29 1.401266 0.6080298 0.483133
30 1.308519 0.6709606 0.4398677
31 1.389578 0.619871 0.4968075
32 1.249414 0.6367448 0.5098027
33 1.258183 0.6130744 0.3906521
34 1.473148 0.7201645 0.4816179
35 1.353755 0.5935231 0.5177292
36 1.229033 0.6207144 0.5200162
37 1.401153 0.6974436 0.4272989
38 1.33926 0.6568149 0.5330555
39 1.292655 0.6498911 0.5695472
40 1.101827 0.6478018 0.4804208
41 1.197486 0.5912357 0.4038354
42 1.324153 0.6651112 0.4676353
43 1.370842 0.6976142 0.4257268
44 1.524489 0.7859183 0.580716
45 1.473733 0.667192 0.4728794
46 1.334296 0.6311397 0.3839888
47 1.313985 0.7062089 0.4485652
48 1.380374 0.6575452 0.5055111
49 1.475909 0.6893848 0.4834411
50 1.405663 0.6923073 0.4110142
51 1.274553 0.5988719 0.4227091
52 1.102752 0.6767285 0.4429652
53 1.316198 0.6863357 0.6476542
54 1.254902 0.6365808 0.4421048
55 1.603711 0.7240825 0.5836416
56 1.287712 0.6128386 0.3917248
57 1.219258 0.6401324 0.3810582
58 1.426609 0.7296821 0.5556302
59 1.218161 0.6264792 0.4574278
60 1.474509 0.6926353 0.5416676
61 1.338442 0.6680508 0.4659114
62 1.334364 0.6713729 0.4640251
63 1.3781 0.6715209 0.3933433
64 1.541612 0.7279781 0.5816167
65 1.328674 0.6578977 0.3356418
66 1.425741 0.7084119 0.4111459
67 1.425179 0.7460636 0.5219741
68 1.338093 0.6787726 0.4672439
69 1.585592 0.6633437 0.4490733
70 1.158711 0.624459 0.416123
71 1.491469 0.7056525 0.4836157
72 1.457177 0.7593356 0.5681599
73 1.226105 0.7177959 0.4593162
74 1.149232 0.6027952 0.453766
75 1.315623 0.6470989 0.4253791
76 1.538035 0.7496113 0.5320363
77 1.324073 0.6177615 0.383243
78 1.439204 0.7666489 0.5963006
79 1.497714 0.7149743 0.5361393
80 1.213655 0.6592645 0.4501552
81 1.248721 0.583624 0.4630732
82 1.265842 0.6727839 0.4037854
83 1.176341 0.5790978 0.4303042
84 1.444061 0.748261 0.5535914
85 1.428805 0.7219663 0.4822892
86 1.313822 0.7391598 0.4623118
87 1.368533 0.6946576 0.4500617
88 1.300182 0.6888834 0.4786365
89 1.296581 0.5040188 0.358689
90 1.461628 0.7022622 0.4906194
91 1.532252 0.702867 0.5689841
92 1.276077 0.6305463 0.3564657
93 1.617972 0.7292406 0.5370229
94 1.325577 0.667822 0.5532893
95 0.9238724 0.5476639 0.3742687
96 1.451536 0.6160222 0.5860001
97 1.341235 0.6364073 0.4131397
98 1.092 0.6153008 0.4512523
99 1.156178 0.6182594 0.3585797
100 1.304514 0.7435272 0.477828
