1 2.63699 1.288433 1.139237
2 2.8157 2.496895 1.184817
3 1.057967 1.279705 1.062045
4 2.686499 1.353993 1.124038
5 1.948212 1.075847 1.002944
6 2.343726 1.40369 1.164492
7 2.23406 1.306999 1.107541
8 2.608384 1.350451 1.036972
9 2.529224 1.28358 0.9873072
10 2.394508 1.530512 1.041634
11 2.416141 1.509843 1.165102
12 2.728196 1.270993 1.098336
13 2.359507 1.552716 1.223007
14 2.25731 1.361872 1.153052
15 2.098777 1.35887 1.129766
16 2.729017 1.643386 1.177397
17 1.172051 1.053542 0.9437309
18 1.778087 1.489369 1.358177
19 2.691705 1.926938 1.071361
20 2.008143 1.1961 0.9460804
21 1.399982 1.25647 1.212026
22 1.611564 1.283552 1.041395
23 2.318661 1.456599 1.016245
24 1.534076 1.135758 1.039779
25 1.926085 1.418421 1.171969
26 1.78332 1.221348 1.108855
27 1.690112 1.33873 1.150671
28 2.70494 1.288193 1.086606
29 2.092388 1.36061 1.110803
30 2.292093 1.163871 1.004858
31 1.877296 1.194059 0.9827122
32 2.517657 1.432143 1.089494
33 2.358453 1.782387 0.9983305
34 2.614825 2.690181 1.038483
35 2.388033 1.313528 1.155203
36 2.030428 1.165229 1.048377
37 2.564888 1.272569 1.087043
38 2.268364 1.972208 1.044198
39 2.436566 1.353912 1.193028
40 2.431842 1.343184 1.197947
41 2.329945 1.161085 1.024699
42 2.322775 1.848579 1.130592
43 2.334784 1.077095 0.916572
44 2.423401 1.494313 1.115174
45 2.256673 1.472244 1.038937
46 2.334821 1.588569 1.056891
47 2.655232 1.9406 1.327066
48 2.488352 1.228291 0.9523195
49 2.427265 2.338125 1.045072
50 2.740585 2.694373 1.171344
51 2.66429 1.286202 1.124951
52 2.299713 1.176263 1.004591
53 1.053826 1.147789 1.13449
54 1.19476 1.213725 0.9383959
55 2.442314 1.246118 1.094267
56 2.834664 2.007665 1.161522
57 1.989964 1.073792 0.8808695
58 2.965554 1.325475 1.073414
59 2.662488 2.369949 1.136575
60 2.322564 1.258496 1.007983
61 2.218121 1.407292 1.244825
62 2.512411 1.187244 0.9722463
63 2.620755 1.230328 1.039757
64 2.151525 1.152322 1.071482
65 2.037795 1.173785 1.043225
66 2.550715 1.434664 1.244226
67 2.46235 1.42882 1.099448
68 2.330362 1.526597 1.072125
69 2.491751 1.168361 1.015565
70 2.478859 1.271394 1.073252
71 2.685776 1.232962 0.9882227
72 2.309625 1.343445 1.09271
73 2.297861 1.144337 0.9727188
74 2.439685 1.157981 1.069734
75 1.063239 1.279711 1.062031
76 2.502913 1.885866 1.109657
77 2.31063 1.293903 1.067389
78 1.257381 1.598597 1.224655
79 2.30711 1.17155 1.052504
80 2.349408 1.202271 1.067534
81 1.732883 1.326621 1.2144
82 2.015166 1.150974 1.081273
83 2.601139 1.303721 1.023389
84 1.712691 1.290278 1.124667
85 2.449978 1.290834 1.044144
86 2.358431 1.314654 1.093822
87 2.131274 1.241625 1.127288
88 1.710141 1.198669 1.02881
89 2.788276 1.25997 0.9972628
90 1.347244 1.352725 1.131931
91 2.321825 1.307094 1.027246
92 2.032915 1.300762 0.9221334
93 1.933118 1.142409 0.9050493
94 2.098962 1.176111 1.073515
95 2.545931 2.301247 1.191478
96 2.533238 1.452242 1.225838
97 2.431884 1.359835 1.070837
98 2.46204 1.162457 0.9939745
99 2.136034 1.324561 0.9861052
100 2.403181 1.380117 1.201143
