1 1.295961 0.5859178 0.3816695
2 1.327451 0.6356847 0.4095567
3 1.285727 0.693223 0.4047942
4 1.170404 0.5957657 0.3682891
5 1.225362 0.6154554 0.3387417
6 1.245894 0.5910058 0.3972563
7 1.148183 0.5446073 0.2900584
8 1.157088 0.5682827 0.476457
9 1.179176 0.5729137 0.33099
10 1.466167 0.6057333 0.4858213
11 1.09766 0.5835272 0.365972
12 1.100214 0.5671252 0.3374933
13 1.194528 0.5889308 0.3657968
14 1.004444 0.5416269 0.3603606
15 1.04248 0.5913732 0.356844
16 1.128364 0.6119306 0.5568509
17 1.178426 0.5577474 0.2630042
18 1.129268 0.5832058 0.4851309
19 1.182696 0.5911949 0.379005
20 1.059841 0.5735559 0.302316
21 1.02253 0.606968 0.3449221
22 1.27235 0.6451622 0.4555704
23 1.264036 0.6856528 0.3952143
24 1.092981 0.5643592 0.4468774
25 1.141161 0.6567247 0.4337963
26 0.9160854 0.5802784 0.3181969
27 1.457036 0.6501008 0.4696023
28 1.074198 0.56457 0.4128163
29 1.093993 0.400496 0.291436
30 0.9946659 0.5631453 0.2948463
31 1.280176 0.609366 0.4658714
32 1.206528 0.6297613 0.5064887
33 1.000439 0.5571698 0.3713859
34 1.327738 0.6180731 0.3606897
35 1.223744 0.5882103 0.3072427
36 1.134246 0.5154349 0.4216452
37 0.8000541 0.537055 0.2984049
38 1.204787 0.5706385 0.4445166
39 1.153744 0.5220576 0.4447649
40 0.93899 0.5908856 0.5557606
41 1.098248 0.5750979 0.351941
42 1.467255 0.671167 0.3482809
43 1.147046 0.6144786 0.3705471
44 1.416784 0.6679624 0.5556309
45 1.254423 0.645239 0.3497809
46 1.353205 0.6271032 0.374386
47 1.176443 0.6417407 0.3819105
48 1.135882 0.55386 0.3880409
49 1.346395 0.6627126 0.4449822
50 1.377155 0.6532955 0.4862135
51 1.167962 0.5726417 0.3473211
52 1.059834 0.6025574 0.3825309
53 1.28556 0.5717245 0.4561256
54 1.016304 0.6258173 0.4001209
55 1.293883 0.6584546 0.4639915
56 0.992338 0.5138802 0.3259827
57 0.7659305 0.6011414 0.3188076
58 1.05016 0.6202817 0.4350495
59 0.9320033 0.5371325 0.3736682
60 1.271617 0.6345186 0.3846312
61 1.272073 0.589957 0.3732967
62 1.164317 0.6034365 0.4559899
63 1.169617 0.5840279 0.4048658
64 1.259892 0.6595981 0.3824317
65 1.257729 0.5266455 0.423004
66 1.180943 0.6774901 0.363434
67 1.410957 0.6497338 0.3772926
68 1.094824 0.6058266 0.4362188
69 1.474414 0.6513274 0.4148281
70 1.060443 0.6286727 0.3943926
71 1.448104 0.7081405 0.5021968
72 1.541915 0.6706269 0.4263154
73 1.277495 0.6469331 0.3971266
74 1.138076 0.5516874 0.3462691
75 1.303534 0.6027306 0.3374695
76 1.744346 0.7419259 0.4771231
77 1.189534 0.5713415 0.3035008
78 1.293593 0.6151045 0.4778754
79 1.266903 0.5654453 0.4073664
80 0.9724273 0.5900217 0.4994248
81 0.7432284 0.5977786 0.4235235
82 1.265838 0.5374053 0.3938949
83 1.045965 0.5382918 0.3606141
84 0.9305743 0.6034033 0.399153
85 1.51551 0.6539981 0.5193868
86 1.294931 0.6909094 0.4859542
87 1.421567 0.6510559 0.3809703
88 1.014963 0.5927799 0.3714214
89 1.376049 0.6016206 0.3725407
90 1.157765 0.6315686 0.4838454
91 1.353151 0.5661125 0.3923847
92 1.234595 0.6852056 0.3435248
93 1.499453 0.6266266 0.4314402
94 1.293173 0.5867599 0.3844313
95 0.9961083 0.5536302 0.3488402
96 1.188053 0.6406682 0.4746212
97 1.128776 0.542287 0.4205537
98 1.238401 0.6528759 0.5581231
99 1.246247 0.5974511 0.3327449
100 1.211105 0.5614624 0.3500888
