1 1.448532 1.110681 1.019342
2 2.148438 1.263523 0.961116
3 0.9530688 1.227156 0.9865022
4 2.293681 1.271341 1.058787
5 2.045447 1.154578 1.001836
6 1.664405 1.137402 0.9236196
7 2.042626 1.323183 1.108068
8 2.480325 1.212791 0.940226
9 2.362023 1.211183 0.8279185
10 2.368494 1.458037 1.017491
11 1.992082 1.242382 0.9624278
12 0.9683888 1.251969 1.121259
13 2.246735 1.146254 1.075693
14 2.017885 1.353295 1.153319
15 2.549062 1.389834 1.062078
16 2.341804 1.340661 1.082766
17 0.7790497 0.8407264 0.7663177
18 2.025569 1.450778 1.238641
19 2.273106 2.178669 1.056399
20 1.952212 1.026722 0.8395162
21 1.458134 0.9609426 0.9643064
22 1.36762 1.066525 0.9041751
23 2.112561 1.29123 0.9447384
24 0.8846358 0.9567942 0.8999195
25 1.403847 1.122627 1.087719
26 1.576214 1.150597 1.014843
27 1.700477 1.31873 1.124743
28 2.068916 1.218149 1.006289
29 2.076182 1.115851 0.8908788
30 2.321271 1.198122 1.015507
31 1.842745 1.177541 0.9335315
32 2.217721 1.304272 0.9809598
33 2.201768 1.216461 0.9333992
34 2.276939 2.05806 0.9496702
35 2.261493 1.24972 1.035096
36 1.046743 1.069236 0.8678645
37 2.295904 1.130531 0.9794462
38 2.150402 1.056531 0.9271098
39 2.046538 1.316746 1.098734
40 2.150083 1.187094 1.042067
41 1.796856 1.130624 0.9390477
42 2.605502 1.308885 0.9878774
43 2.007568 0.9443881 0.8441425
44 2.115816 1.128699 0.9658579
45 2.235104 1.438281 1.044076
46 1.893239 1.446717 1.211631
47 0.8958307 1.311979 1.229415
48 2.409917 1.095047 0.8733354
49 2.444931 1.746966 1.002131
50 2.692648 1.226852 0.9593863
51 2.00778 1.08248 0.9931809
52 1.272582 1.19554 1.058765
53 0.9902531 1.086347 1.056959
54 1.721562 0.9872167 0.8432335
55 2.082804 1.110877 0.9569595
56 2.49519 1.257286 1.065888
57 1.763885 1.033017 0.7565753
58 1.275536 1.29761 0.9143305
59 2.368779 1.175323 0.8813837
60 2.006683 1.429553 0.8371907
61 2.710411 1.318214 1.181472
62 2.725386 1.219486 0.9666774
63 2.452637 1.160193 0.898311
64 1.896899 1.084653 0.9591262
65 1.763286 1.04338 0.8342967
66 2.472578 1.396647 1.072281
67 1.057187 1.224894 1.112875
68 2.226453 1.123742 0.9694327
69 2.144676 1.031874 0.9161063
70 2.462633 1.343304 1.111743
71 2.36547 1.136576 0.9828548
72 2.144242 1.277063 1.100577
73 2.371613 1.042055 0.9166357
74 2.062824 1.152731 0.9152031
75 1.083632 1.140909 0.9731203
76 2.5688 1.274403 1.032555
77 2.398264 1.160099 0.8968023
78 0.9002414 1.225406 1.091498
79 2.255429 1.443079 1.095513
80 1.577047 1.15877 0.877309
81 1.370015 1.331415 1.174499
82 1.02689 1.016229 0.9157752
83 2.816089 1.235548 0.960916
84 1.58182 1.168661 1.023056
85 1.281101 1.103586 0.963232
86 2.329053 1.417163 1.070946
87 2.057463 1.390902 0.9520562
88 1.141952 0.965688 0.8648894
89 2.536844 1.167368 0.8952157
90 2.434496 1.240529 1.038448
91 2.346972 1.269418 0.9187276
92 1.548936 1.018718 0.7982477
93 1.590908 1.041709 0.8669947
94 2.23431 1.311669 0.9242225
95 2.439905 1.799939 1.086334
96 2.111052 1.169188 1.024738
97 2.403994 1.173801 1.051261
98 2.305241 1.098275 0.91419
99 0.9029006 1.263909 0.9582828
100 2.279911 1.299489 1.149241
