1 2.088337 0.8022227 0.6591231
2 1.457532 1.401719 0.9888167
3 0.8802264 1.49261 0.6992574
4 1.598895 2.034582 0.7088563
5 1.777817 0.8040123 0.6846505
6 1.576987 1.426947 0.8951374
7 0.6555582 0.9513454 0.8193282
8 1.74569 1.405616 0.7783873
9 1.631828 0.796252 0.6002981
10 1.655058 1.312998 0.5798033
11 0.9571406 0.9223673 0.6905325
12 0.6699251 0.9397897 0.7871445
13 1.468183 0.8819025 0.8537427
14 1.300309 0.8521357 0.8215864
15 1.623079 0.8804112 0.8151022
16 1.664136 0.6755122 0.6953183
17 1.286754 0.8617286 0.6945646
18 1.235223 1.086327 0.9118315
19 1.940111 0.8384026 0.7100483
20 1.394949 0.8385234 0.6836821
21 2.042574 0.9314497 0.7265219
22 0.3268719 1.021497 0.507764
23 1.500285 0.7982496 0.6042611
24 1.154265 0.7389465 0.6778664
25 1.480345 1.121053 0.8233649
26 1.479047 0.6971178 0.5806834
27 1.289613 1.217092 0.5102669
28 2.245224 1.010016 0.6543549
29 1.498605 0.9194862 0.633303
30 0.9288794 0.8547911 0.6446727
31 0.5380294 0.6683452 0.5489114
32 0.6746921 0.9699422 0.794254
33 1.656008 0.8513291 0.7885744
34 1.863796 1.183566 0.7761002
35 1.641886 0.9442279 0.6803225
36 1.487659 0.9042661 0.7031234
37 1.875404 1.050315 0.815431
38 1.389712 0.6805662 0.6576976
39 1.612413 1.90754 0.9120994
40 1.745601 0.8827146 0.7893716
41 1.557919 1.079684 0.5663623
42 1.412149 0.8835226 0.5851832
43 1.399282 0.6938979 0.4255342
44 0.7039146 1.202225 0.7005684
45 1.487409 0.7470222 0.6377849
46 1.343088 0.9927941 0.7025652
47 1.066475 1.467535 0.7361157
48 2.007164 0.9467992 0.6965505
49 2.320687 1.068526 0.8470909
50 2.032425 1.504154 0.7471839
51 0.9879998 1.02274 0.6131216
52 1.042043 1.056469 0.6459336
53 1.133024 1.008226 0.8734915
54 1.417238 0.8331148 0.739935
55 1.369933 0.7967611 0.6288233
56 1.548613 1.201707 0.9670858
57 1.374894 0.8643852 0.5555328
58 0.6461051 1.02565 0.6524428
59 1.518639 0.7432302 0.6195145
60 0.9741388 0.7477255 0.4943087
61 1.763374 1.141922 0.9250575
62 2.314547 2.13206 0.7884496
63 1.159672 0.9448417 0.6750622
64 1.445129 0.7449789 0.5331532
65 1.039487 1.046062 0.5926723
66 1.386721 1.354091 0.9483973
67 0.6822063 0.8941206 0.6912502
68 0.9332915 1.700324 0.5495758
69 1.628881 0.8401314 0.6754241
70 1.571293 1.036322 0.7215796
71 1.721868 0.8563349 0.5090902
72 1.948796 1.23131 0.7236307
73 2.035071 0.8055089 0.5943573
74 0.6182397 0.923436 0.7183823
75 2.133164 1.034692 0.8686847
76 0.7330375 1.095599 0.8484177
77 1.048793 0.9856864 0.6834629
78 1.226611 1.884482 0.7961168
79 0.6964463 0.6900195 0.5883806
80 1.464798 0.9619641 0.8968646
81 1.664833 0.9224284 0.9508722
82 1.250016 0.8721468 0.6157584
83 2.07983 1.008974 0.6095882
84 1.261145 1.056909 0.9866655
85 1.463136 1.419028 0.7128232
86 0.8625371 1.106158 1.056594
87 1.614714 1.697266 0.6236214
88 0.8650286 0.8144847 0.5433995
89 0.9609987 1.001581 0.6607275
90 1.098126 1.530354 0.6552735
91 1.686481 1.068683 0.6076181
92 1.584973 0.9280834 0.5053495
93 1.495163 0.7437078 0.434156
94 1.29645 0.679897 0.6594312
95 1.920359 1.342549 0.8828826
96 1.248241 0.8831715 0.8135264
97 1.941357 0.961858 0.6961914
98 1.513857 1.011816 0.4954713
99 1.022767 1.438081 0.7621661
100 1.323844 1.454668 0.9933225
