1 1.119278 0.6141675 0.3589781
2 1.133757 0.5854021 0.391022
3 0.9497013 0.5108834 0.3572005
4 0.8516724 0.491889 0.3221107
5 1.049777 0.480761 0.2547126
6 0.8746588 0.4659109 0.3051651
7 1.212857 0.5391703 0.282649
8 0.9465914 0.5174936 0.494844
9 0.902728 0.4314766 0.2315818
10 0.9727447 0.5455866 0.3164278
11 0.9510244 0.511058 0.343037
12 1.03283 0.5396237 0.3519454
13 1.147216 0.5988908 0.3508939
14 0.6198387 0.4037987 0.2878557
15 1.13334 0.5832545 0.3709441
16 1.459705 0.6255951 0.5239845
17 0.9114581 0.5064514 0.290747
18 0.7422935 0.4685921 0.3141512
19 0.9996482 0.546166 0.3023571
20 1.090228 0.4978487 0.253362
21 1.009601 0.5675761 0.2575848
22 1.280538 0.6304719 0.4333913
23 1.180785 0.5906533 0.3160929
24 1.102334 0.5830674 0.2721816
25 1.003339 0.4013699 0.3233679
26 0.8561682 0.4788351 0.253933
27 0.941178 0.5578946 0.3825823
28 0.7483213 0.450661 0.313543
29 0.9742886 0.4525047 0.3110105
30 0.8037341 0.5280377 0.3274999
31 1.166239 0.5902946 0.4128626
32 0.962005 0.5501598 0.3998154
33 1.072857 0.469108 0.3142549
34 1.27296 0.6201119 0.4840093
35 1.178974 0.633948 0.3936311
36 0.8871557 0.4631456 0.3419169
37 1.210355 0.4820824 0.2635923
38 1.107025 0.506557 0.3173511
39 0.9657093 0.5378872 0.411944
40 0.9673287 0.5372692 0.4404131
41 1.136385 0.6045201 0.3640721
42 1.11942 0.601255 0.3037463
43 0.860823 0.5123469 0.3334607
44 1.054492 0.4652197 0.2700342
45 1.357685 0.5322598 0.4993414
46 1.059887 0.5156655 0.311924
47 1.162111 0.6461085 0.3528064
48 1.102197 0.4815174 0.251002
49 1.174551 0.5337893 0.336174
50 1.277234 0.5497048 0.2592681
51 1.294085 0.5036199 0.2975887
52 1.056575 0.581517 0.4798757
53 1.130391 0.4331492 0.2987582
54 1.054645 0.6073064 0.3928442
55 1.062456 0.5405882 0.384768
56 0.8965019 0.4044643 0.341519
57 1.058765 0.5746037 0.3281421
58 1.080346 0.5696852 0.3643272
59 1.34792 0.6245059 0.3942615
60 0.9324696 0.4114344 0.5048948
61 1.061816 0.5628138 0.267011
62 0.9454454 0.5809467 0.5131311
63 1.219526 0.5501525 0.3812013
64 1.36172 0.6719049 0.3615939
65 0.986628 0.5144514 0.2542897
66 1.096374 0.5398562 0.2815534
67 1.165578 0.522634 0.3809765
68 1.07322 0.512558 0.251541
69 1.209542 0.5578342 0.3588547
70 1.285429 0.5105854 0.3160373
71 0.9442372 0.5810881 0.3083164
72 1.201428 0.5703692 0.3395919
73 1.021522 0.573046 0.3397107
74 0.9577782 0.4378192 0.2749862
75 0.9866201 0.5361391 0.3271412
76 0.8180536 0.4912053 0.2513925
77 0.8506717 0.4236856 0.2822508
78 1.235059 0.637878 0.349838
79 1.283643 0.5393094 0.4170379
80 0.8441685 0.4141404 0.2371918
81 0.6321086 0.3502612 0.3105558
82 1.09765 0.598856 0.3367343
83 0.9722094 0.5664534 0.3761378
84 0.7688036 0.5209133 0.30584
85 1.325141 0.6445583 0.4088123
86 0.9274987 0.5681915 0.3985035
87 0.9804802 0.5325096 0.2939327
88 1.483669 0.3377871 0.3733756
89 0.929506 0.435935 0.259498
90 0.7760797 0.4561073 0.4286512
91 0.8599038 0.5079636 0.4193101
92 0.8024004 0.4954657 0.4773564
93 1.233059 0.4440163 0.3451457
94 1.21312 0.5801897 0.4595145
95 0.7415448 0.4080111 0.3199061
96 0.8742443 0.4386871 0.2862639
97 0.9725127 0.4809737 0.2838039
98 0.8870993 0.597311 0.3912459
99 1.289218 0.582253 0.2982701
100 1.387061 0.5759587 0.2591514
