1 0.00120293 8.930124e-05 0.0004419783 0.0003461479 0.0007494792 0.0008394909 0.002988187 0.0002364532 0.002008039 0.001565136 0.001544088 0.004433359
2 2.448281e-05 0.0004819504 0.001365659 0.0003798561 0.001547571 0.0008707795 0.0001510385 4.440399e-05 0.0004342468 0.0001853652 0.0003140062 0.0003328409
3 0.0003519534 0.0008917468 0.000748981 0.000863555 6.12726e-05 0.0004376272 0.0003106401 0.001097169 0.00130173 0.0006249089 0.003222382 0.001616511
4 0.001311128 0.001054144 5.93831e-05 0.0005901757 0.0007683249 0.0002504632 0.001161298 0.0007335584 0.001687847 0.0008727376 0.002306967 0.001996408
5 0.0005140494 0.0007058919 0.001260643 0.0005802672 0.0004694286 0.003096307 0.001816038 0.0001803291 0.001490925 0.001268644 0.001472276 7.868038e-05
6 0.0006373834 0.0002853933 0.002012726 0.0003057263 6.751304e-06 3.925837e-05 0.0003549084 0.000821537 0.0023763 0.0006465319 0.0006487655 0.003896631
7 0.001052366 0.0008340021 0.002964262 5.154435e-05 0.000497914 0.0003011613 0.002396374 0.0002254132 0.0005773983 0.0008255765 0.001094482 0.005687026
8 0.0008581987 0.0002344938 0.001121271 0.0001693349 0.0009715749 0.0002154288 0.00150159 0.0001339809 0.001154875 0.0009254031 0.00183075 0.003411083
9 0.0006158837 0.001328747 1.36087e-05 3.96959e-05 0.0003632265 0.001971009 0.0005201788 0.0003651843 0.0006933605 0.001879719 0.002428275 0.001157649
10 0.0005005848 0.0004694367 0.0005900339 0.0002055598 0.00106007 0.001922091 0.0004044641 0.0009652997 0.003124792 0.0008191901 0.0001848322 0.001955174
11 0.0006363602 9.581069e-05 0.001788381 0.0002483818 0.0001466928 0.0001032805 0.002512767 0.0002404661 0.001554982 0.0006388069 0.0001426414 0.0008503653
12 0.001687283 9.455592e-05 0.001618041 2.452988e-05 0.001328273 0.0009902836 0.0001966179 0.0004254272 0.0009353588 0.0007145091 0.00415637 0.004536537
13 0.0001324623 6.660742e-05 0.0003916633 0.0009382508 0.002159879 0.002115138 0.0002115525 0.0005859456 0.000405587 0.000961821 0.0001008384 0.0007500713
14 1.322438e-05 0.0005535594 0.001582768 0.0004556437 0.0008085078 0.0009410155 0.0005402176 0.0008021695 0.002061796 0.0002952314 0.002053304 0.003133467
15 0.0003238626 3.857553e-05 0.000157413 0.000544836 0.001846283 0.000361723 0.0002819815 0.0007505515 0.0009573661 0.002089767 0.00158318 0.007281998
16 0.0002356941 0.0001736721 0.0005234865 0.000390143 0.001317147 0.0009054481 0.002851426 0.001126781 0.002541809 0.0003375066 0.001387468 0.002786368
17 0.0004071829 0.0003558154 8.377071e-05 0.0001477221 9.257153e-05 0.000305482 0.002573975 7.295692e-05 0.000959332 0.0005921458 0.002281784 0.001353602
18 0.0005667041 3.492326e-06 0.00068872 0.0003574383 0.001265793 0.0007737562 0.002073531 0.0001504479 0.001079382 0.001569662 0.001476418 0.005075567
19 0.001852938 0.0005139946 0.001693899 0.0001665216 0.001136982 0.0009737193 0.001370492 0.0006937464 0.001465792 0.0007917522 0.001081853 0.001402741
20 0.0004476881 0.0001285986 0.001330768 0.0002054347 5.646559e-05 9.852381e-06 0.0005702687 3.590611e-05 0.0004261086 0.0004933237 0.001826884 0.002587184
21 0.0008924324 0.0001488592 0.002044509 9.895841e-05 0.001237072 0.0001933873 0.001917681 0.0005014724 0.0005354709 0.0009009339 0.0004265996 0.00250248
22 0.001641322 3.998287e-05 0.0009041031 9.556943e-05 0.0002049986 0.001242114 0.00135336 0.001120067 0.0008896902 0.001454404 0.0007907755 0.00119207
23 0.0003263275 0.0006765735 5.468057e-06 0.0004224274 0.001017412 0.001624109 0.002192442 0.0007819719 0.000332545 4.534727e-05 0.001938834 0.002024195
24 0.000943325 0.0002073807 0.001586669 0.0007413107 0.0007542848 0.001425351 0.0003608672 0.0008276449 0.00267737 0.0003117014 0.003787023 0.003591944
25 0.000806228 0.0002485269 2.811422e-06 0.0009234758 0.0008710513 0.0002407048 0.003300939 0.001386339 0.0004379406 0.001496001 0.001368739 0.004704396
26 0.0001833139 0.0004148164 0.0005050513 0.0001961394 0.0002084323 0.0007776922 0.0003495436 0.0001790079 0.0003011786 2.778089e-05 0.0002908475 0.0003387928
27 0.0008328225 0.0005015866 0.000548725 0.0006982556 0.001151648 0.0009968445 0.003280851 0.0009115164 0.0005239098 0.00123164 0.001221084 0.001864177
28 0.001739991 0.0002818527 0.001405186 5.524135e-05 0.000939206 0.001041794 0.0005065528 0.0002054829 0.0008449114 0.0003552863 0.001318354 0.002710214
29 0.0003781269 2.290201e-05 0.000172774 0.000301476 0.0007390573 0.0004454587 0.002870042 0.001637744 0.001467455 0.0007499573 0.004625997 0.002282957
30 0.001248869 0.0002185301 0.0009700259 0.0001005584 0.00111757 0.0004793035 0.002661106 0.001274769 0.001575358 0.000190368 0.0001780376 0.0004670779
31 0.0005779188 0.00037263 0.002065593 8.007046e-05 0.0005522991 0.0006499284 0.003454876 0.0003515528 4.88851e-06 0.001047712 0.00441552 0.002754118
32 0.002027637 0.0002322742 3.79394e-05 7.509474e-05 3.969408e-05 0.001264856 0.0008971189 3.757148e-05 0.0001268955 0.001121932 0.002114398 0.0008036376
33 0.0009476101 0.000608048 7.762328e-05 5.864495e-05 6.136765e-05 0.001893176 0.001922724 0.0002313797 0.001907961 0.0004533379 0.001292422 0.001495821
34 0.00100998 0.0001068586 0.0009144292 0.0002846361 0.001344345 0.001622579 0.0005755485 0.000607888 0.001491898 0.0003003215 0.001537409 0.0001130199
35 0.001488344 0.0001621383 5.856187e-05 0.0003243282 0.0003424532 0.0004088052 0.0007069226 1.948638e-05 0.001095634 0.000801236 0.0002469611 0.002242991
36 0.0002573985 0.0001865784 0.001993171 0.0001678616 0.0002889976 0.0008795733 0.0006203197 0.000492198 0.001660379 0.001361642 0.002538287 0.00235343
37 0.002442566 0.0004092591 0.0006517731 0.0002980547 0.000563296 0.0001229778 0.0001550802 0.001742615 0.0008506497 0.000398383 0.002616411 0.002487948
38 0.001689611 1.947932e-05 4.336692e-05 0.0006600684 0.0009116005 0.001681908 0.001860364 0.0006129494 0.001588569 0.001062008 0.000818108 0.003623442
39 0.0008020132 0.0005805087 0.0008593221 0.0002559053 2.741958e-06 7.182619e-05 0.0002296152 0.0005370737 0.0001787771 0.0002882522 0.001027864 0.0003710953
40 0.0006143868 0.0003509633 0.0003319374 0.0007243448 0.0009956673 0.0002744572 0.004388385 0.0003585076 0.0003325865 0.0004827604 0.001947565 0.0005316547
41 0.001762023 0.0005279112 0.0009916061 0.0004959953 0.0009685974 0.00102167 0.0005939643 0.001902743 0.0008205956 0.003390429 0.002817613 0.0007034138
42 0.0008652815 0.0005310854 0.001113972 0.0002871317 0.0005256321 0.0001273932 0.0004953651 0.001071481 0.0001185127 0.0004690653 0.003494715 0.003480298
43 0.0001592642 0.0005923313 1.81181e-06 0.0006500102 0.0004649449 0.0004531874 0.001769211 6.711218e-05 0.002623508 0.001480081 0.0009216786 0.003420906
44 0.0001119477 0.0003488084 0.0003494163 0.0003235788 0.0004057657 0.0009434148 0.002717827 0.0007966109 0.004438541 0.001933697 0.002680804 0.004444403
45 9.44633e-05 5.520341e-05 0.001353945 6.872091e-05 0.0009595955 0.0006300867 0.001272831 0.000135327 0.0004151027 0.0002650164 0.00353066 0.0002281786
46 0.001872815 0.0009768557 0.0001314034 0.0003221791 0.002440516 0.001835076 0.001668879 0.0009113789 0.0008765223 4.352258e-06 0.000812687 0.003918987
47 0.0002179741 0.0001026613 0.0002453243 0.000313504 0.0006401321 0.0003472285 0.0004571956 0.0002611346 0.0004600047 0.0001053447 0.001462929 0.0004805577
48 0.0002616508 0.0001462446 0.001041461 0.00039411 8.621701e-05 0.001207196 0.00143785 0.0001536542 0.0002711218 0.0004667166 0.002501969 0.001373713
49 0.0002884163 0.0005300697 0.000882095 3.990877e-05 0.002263952 0.0001433691 0.00081592 0.0003503016 0.002025029 0.001791928 0.001699799 0.001383547
50 0.0003263486 0.0008609029 0.0007078979 0.000266208 0.000673695 0.001178741 0.002303104 0.0008902298 0.002175215 0.0004583449 0.0002542339 0.004102773
51 9.019567e-05 8.121279e-05 0.0009811158 0.0007787345 0.001508935 0.000973031 0.000362241 0.001501289 0.001745739 0.001016853 0.001911929 0.001775179
52 0.001086828 0.0003047446 0.001148934 0.0005633619 0.001137219 8.985091e-05 0.000791709 0.001400559 0.001241141 3.002162e-05 0.001661887 0.0006775344
53 0.0002132483 0.0008268122 0.001415719 0.0006495251 0.0003038664 8.688178e-05 0.001738249 0.0004372256 0.0007911811 4.248947e-05 0.002654867 0.001769541
54 0.0004965098 0.0003728258 0.001238232 0.000312517 4.510385e-05 0.0005286508 0.0006209602 0.0004387236 0.0008220475 0.00164801 0.001715938 0.002383889
55 0.001099241 0.0001265604 0.0009174925 0.0004175784 0.0001770151 0.0002519467 0.001840433 0.0008355853 0.002548265 0.000882543 0.002204808 8.277893e-05
56 0.0003455701 4.092647e-05 0.000466687 0.0006307476 0.000960367 0.002927016 0.002852258 0.0004710016 0.0006657412 0.001410061 0.001239999 0.001998947
57 0.000873158 0.0002215736 0.001212578 0.0006211732 0.0005506832 0.0005876552 0.002405226 8.064761e-05 0.0008525609 0.0005062881 0.001774648 0.001943921
58 3.345355e-05 0.0003218948 0.001345219 5.156398e-05 0.0001697095 0.001354813 0.003442213 0.00107591 0.0010788 0.0001394387 0.001085089 0.001358268
59 4.277533e-05 0.0005523563 0.00231632 0.0003086557 0.0009114932 0.0007145186 0.001914668 0.0007243878 0.002664137 0.0001477944 0.004629718 0.004108257
60 0.0006466409 0.0005387215 0.0007167714 0.001075013 0.001124026 0.0002068385 0.002271469 0.0002968839 0.001624674 0.0005394037 0.0008498792 0.001899475
61 0.0007776733 5.011236e-05 0.0003282829 0.0003510564 0.0002176469 0.001297709 0.0006038456 0.000220524 0.0005931262 0.0009032361 0.000328073 0.001681614
62 0.00034471 0.0007047546 0.0001739888 0.0006646506 0.0007850324 0.001067727 0.001459537 0.0005531568 0.0004743388 0.0007300847 0.0006925095 0.0005591036
63 0.0007190979 0.0005072462 0.001028575 0.0006369909 0.0001536336 0.0009975483 0.001013608 0.001030767 0.002703748 0.001442288 0.0001369667 0.001099334
64 0.0007365398 0.0001547689 3.946242e-06 0.0001908481 0.00031323 0.0002261511 0.002401809 0.0003394003 0.003666303 0.0001011684 0.00302771 0.0004014697
65 9.437335e-05 0.0002971275 0.001026534 0.0002324833 0.001770774 0.001144135 0.002239577 0.0008730659 0.003266466 0.0004165263 0.002008676 0.004241708
66 0.0008423938 0.0004892133 0.0006841299 0.001025673 4.524323e-05 0.001706935 0.001040169 0.0001551908 0.0006142261 0.0002051637 0.0003937293 0.001211537
67 1.875359e-05 0.0008178804 0.0004589665 0.0006719738 0.0001282306 0.0005403677 0.0009945845 0.000224272 0.0002212562 0.0004151079 0.001278131 0.001584767
68 0.0006900745 4.812884e-05 4.407575e-05 0.0001223106 0.001249212 0.001168745 0.001179818 0.0005312904 0.001634206 0.0005982955 0.0006331753 0.0003308463
69 0.0003905011 0.0004474012 0.000557747 0.0002076076 0.0003061591 0.0005126783 0.002260844 0.0002365356 0.002604237 0.0006799903 0.00116935 0.003033821
70 0.0004153809 8.16492e-05 0.0007993954 4.652365e-05 0.000594131 0.0007272703 0.0007560452 0.001745648 0.001093312 0.001064956 0.0007073469 0.002505828
71 0.0005138127 0.000304885 0.001910857 0.001142347 5.663391e-06 0.002446778 0.0003346853 0.0007632273 0.001477605 0.000614414 0.002124747 0.0002644667
72 0.0004099894 5.180974e-05 0.0005620094 7.320878e-05 0.0009624242 0.00134485 0.002693675 0.0002429378 0.001157897 0.001001157 0.001878218 0.001013213
73 0.0007534967 0.0005952239 0.001457555 3.453715e-05 0.0001277919 0.001892363 0.0002279203 0.0001075644 0.001738817 0.0005764078 0.0001288838 0.002743079
74 0.0007030404 0.0002779116 0.001627997 0.0008326093 0.0002933168 0.001300949 0.0007130789 0.000111851 0.0003513861 0.0004115872 0.0009369381 0.0004144711
75 0.001079129 0.0001359558 0.0001222848 0.0006144082 0.000450748 0.0006841369 0.00121384 0.001125684 0.0004604406 0.002720872 0.0003845177 0.002606854
76 0.0001144762 0.0004001849 0.0005292044 0.0001064852 0.002528543 0.0001385417 0.00524718 0.001878948 0.000314126 0.000919163 0.007119688 0.003883108
77 0.0002225175 0.0002450032 0.0004312834 7.704584e-05 0.0008041377 0.0004801433 0.0008646448 0.0008444721 0.001427028 0.001532552 0.003100818 0.0007665929
78 0.0005965044 2.975878e-05 0.0006418754 0.000315337 0.0003080137 0.001842445 0.002742977 0.0004928131 0.002702108 0.0002021016 0.00193727 0.0008614758
79 0.0003185599 2.590858e-05 0.001243269 4.727312e-05 0.0001547054 1.595546e-05 0.0003353651 0.0003290849 0.0009509214 0.0001116934 0.0009542079 0.0009552264
80 0.0003731363 0.0002720403 0.0008822197 0.000205058 0.001056291 0.0004659946 0.0006428913 1.326421e-05 0.002068556 0.001564918 0.003395404 0.001325244
81 0.0001757033 0.0003690106 0.0001298629 0.0003130401 0.0008834735 0.001422894 0.001379026 0.0004044632 0.00223076 0.001236696 0.001333434 0.004735713
82 0.0006085829 0.0007312647 0.0008410562 0.0008452588 0.0001433095 0.002318621 0.002522047 0.001567956 0.0004189245 0.0001677249 0.005522029 0.006224158
83 0.0003681021 0.0001183571 0.001344368 0.0002803165 4.355556e-05 0.000780436 0.001590182 0.0002355971 0.00128316 0.001434422 0.002673382 0.001051364
84 0.0009535929 0.0002779859 0.0007414514 0.0001673977 0.0008819421 0.0008357337 0.002884523 0.0007399344 0.00241491 0.0001789106 0.0009580564 0.000722784
85 0.0002765488 0.000404787 0.001475469 0.0007467676 3.238406e-05 0.001066042 0.003771055 0.0003005165 0.001469621 0.0002563702 0.001356463 0.003872999
86 0.001121422 0.0006178854 0.001034852 2.173671e-05 0.001317765 0.0002491701 0.003921986 0.0003441569 0.00122027 0.0005963209 0.0007941828 0.001315636
87 0.00220503 0.0001892532 0.0004322118 0.0003589397 0.0001740034 0.002451623 0.001188898 0.001059541 0.002532508 0.001586361 0.0004008549 0.001259122
88 0.001303495 2.789136e-06 0.0009261703 8.880593e-05 0.001179112 0.001307306 0.0007160355 0.000611731 0.0001235236 0.001723965 0.0007510495 0.003405238
89 0.0003299594 0.0002200716 0.0002895688 0.0001404831 0.0002709644 0.000460058 0.003275413 0.0007259788 0.0009877872 0.001036512 0.0006706427 0.0002869111
90 0.0006011183 0.0003248374 0.001127549 0.0001600401 0.0004587863 0.0008623289 4.660326e-05 2.2802e-05 0.001767145 9.32063e-06 0.0002865319 0.0004037477
91 0.001343344 0.0006426102 0.0002381564 0.0002414411 0.000758848 0.00461206 0.001535399 0.0002573942 0.0008136608 0.0003340398 0.0001237647 0.0009849463
92 0.0005371044 0.0002286138 0.0009959791 0.0002932307 0.0003143098 5.359441e-05 0.001625545 0.0001029767 0.001669265 0.0003913941 0.0008900511 0.001166293
93 0.0002663958 0.0005835346 0.001572082 0.0006487047 0.0002851227 0.0002317228 0.0004650676 0.0006893117 0.0001562287 0.0003829916 0.001519152 0.0008986328
94 0.001875906 0.0001712124 0.0006549849 3.19224e-05 0.001050265 0.0001867047 0.001529286 0.0005347573 0.003403039 2.588396e-05 0.0008615564 0.0008689543
95 0.000407297 4.024587e-05 0.001675333 0.0003764505 0.001047736 0.001342347 0.001363802 0.0007927813 0.001398879 0.001962734 0.001111813 0.003035067
96 0.0002464684 0.0004401658 0.0002196303 0.0001621662 0.0006620061 0.0008083472 0.0002936916 0.0005621824 0.001266257 0.0002998756 0.0002431272 0.0006730201
97 0.001259948 5.455475e-05 0.0009356745 0.0002815703 0.0003602797 0.0001498263 0.0009540855 0.0009640963 0.001080415 0.0005290417 0.004088667 0.001355998
98 0.0009731293 0.0005680847 0.001268727 0.0002456255 0.001205879 0.0002905929 0.0002725115 0.000855751 0.0008979864 0.0004765127 0.002090257 0.0004300565
99 0.001194024 0.000442388 0.0006888578 0.0004829987 0.0002558949 0.000507372 0.0009310431 1.461942e-05 0.002897994 0.0003959294 0.0003922328 0.0006624025
100 0.000149039 0.0001405815 0.001364985 0.0004143332 0.000193382 0.002029938 0.0001172826 7.390306e-05 0.0003713598 0.0002277295 0.001987151 0.0009527349
