1 0.1249006 0.02711431 0.02711431 0.1931371 0.07472736 0.1234694 0.1234694 0.1363444 0.3710652 0.1227506 0.1227506 0.01079116
2 0.09540005 0.08685033 0.08685033 0.2339886 0.1712452 0.0194504 0.0194504 0.03108788 0.08510326 0.02569832 0.02569832 0.071624
3 0.02635779 0.1527349 0.1527349 0.06582727 0.06485721 0.08333126 0.08333126 0.2825235 0.1677137 0.25143 0.25143 0.06392543
4 0.07227703 0.03987862 0.03987862 0.1927522 0.3081493 0.1491527 0.1491527 0.03852132 0.2158067 0.01195823 0.01195823 0.2021033
5 0.0344935 0.06093532 0.06093532 0.2099329 0.1773615 0.04106532 0.04106532 0.09855232 0.1985632 0.03709076 0.03709076 0.1181957
6 0.03132757 0.01012486 0.01012486 0.1378381 0.3054931 0.07723991 0.07723991 0.1513158 0.1935313 0.03078647 0.03078647 0.1845041
7 0.1261673 0.02744942 0.02744942 0.1005763 0.5644944 0.08417686 0.08417686 0.04009231 0.4108932 0.1285011 0.1285011 0.3495867
8 0.05982738 0.06503539 0.06503539 0.01106547 0.0108531 0.1566626 0.1566626 0.3948926 0.00985628 0.03165662 0.03165662 0.06655424
9 0.004961391 0.07592325 0.07592325 0.04532574 0.4987745 0.1977763 0.1977763 0.001629071 0.3682032 0.3024274 0.3024274 0.07576705
10 0.03645756 0.1131588 0.1131588 0.156987 0.2272419 0.0822504 0.0822504 0.05279906 0.7828281 0.2737739 0.2737739 0.3456576
11 0.03745969 0.1136956 0.1136956 0.05823027 0.2706336 0.1415873 0.1415873 0.5211551 0.005195878 0.2431233 0.2431233 0.2683848
12 0.03831036 0.03156209 0.03156209 0.1682876 0.02804697 0.02407325 0.02407325 0.03601135 0.01500702 0.05095536 0.05095536 0.03584621
13 0.1762069 0.05254667 0.05254667 0.001711665 0.04097793 0.004567896 0.004567896 0.2050553 0.1314894 0.01488519 0.01488519 0.2279649
14 0.09425532 0.1051251 0.1051251 0.0676342 0.05421067 0.07813947 0.07813947 0.01320013 0.2454568 0.1427309 0.1427309 0.1848882
15 0.07018417 0.0493995 0.0493995 0.2101229 0.1330598 0.1108638 0.1108638 0.3102963 0.1439449 0.1167541 0.1167541 0.2433977
16 0.04792169 0.01601755 0.01601755 0.03664976 0.1246726 0.006699379 0.006699379 0.08287143 0.3928973 0.3239797 0.3239797 0.07668911
17 0.0364084 0.02717308 0.02717308 0.01545006 0.01745867 0.04321689 0.04321689 0.2343608 0.2724552 0.1728651 0.1728651 0.4222044
18 0.03239012 0.1150132 0.1150132 0.3262925 0.04978627 0.01444692 0.01444692 0.214205 0.3087938 0.006079677 0.006079677 0.3237938
19 0.05995286 0.05851582 0.05851582 0.2934337 0.06797275 0.07815436 0.07815436 0.07084481 0.04326247 0.08557053 0.08557053 0.120052
20 0.1504572 0.0004669232 0.0004669232 0.235521 1.29239 0.4740315 0.4740315 0.1685366 0.1658184 0.06340007 0.06340007 0.2108595
21 0.04237775 0.1508104 0.1508104 0.06331743 0.2372103 0.2386465 0.2386465 0.04590756 0.02656613 0.1187886 0.1187886 0.3876395
22 0.1272701 0.03002236 0.03002236 0.2979897 0.04157799 0.09428829 0.09428829 0.2856669 0.3588187 0.1388824 0.1388824 0.2837518
23 0.1839259 0.03900051 0.03900051 0.3632103 0.06772663 0.1990847 0.1990847 0.1079815 0.05735234 0.1369948 0.1369948 0.1021447
24 0.01941888 0.1012721 0.1012721 0.3602955 0.08849798 0.05563729 0.05563729 0.05817985 0.1134192 0.1961163 0.1961163 0.2676141
25 0.2267183 0.04267609 0.04267609 0.1884941 0.06856224 0.07232389 0.07232389 0.2005713 0.05583224 0.03031299 0.03031299 0.2312123
26 0.09755078 0.03674586 0.03674586 0.089376 0.8354409 0.4528027 0.4528027 0.3197879 0.149595 0.02834903 0.02834903 0.05343011
27 0.02714456 0.05834385 0.05834385 0.1508023 0.2750774 0.4341607 0.4341607 0.4800004 0.1554999 0.1887558 0.1887558 0.01655731
28 0.07861647 0.01493702 0.01493702 0.01433831 0.1788424 0.08445918 0.08445918 0.05747117 0.6253263 0.4619699 0.4619699 0.09720081
29 0.03082303 0.03086133 0.03086133 0.001817288 0.3625544 0.01933801 0.01933801 0.2426931 0.09888819 0.04431972 0.04431972 0.1880296
30 0.1524134 0.05707187 0.05707187 0.04357713 0.2045619 0.1196064 0.1196064 0.3254745 0.07719278 0.0611008 0.0611008 0.2130659
31 0.1760324 0.1688293 0.1688293 0.373764 0.5855881 0.04083892 0.04083892 0.2009484 0.2188186 0.100779 0.100779 0.3709947
32 0.06286075 0.04643725 0.04643725 0.03482079 0.5338589 0.1733184 0.1733184 0.1361079 0.1152777 0.178017 0.178017 0.1773587
33 0.1968674 0.1300034 0.1300034 0.09294585 0.5384352 0.09426015 0.09426015 0.4515766 0.2320645 0.05348719 0.05348719 0.2299932
34 0.03654431 0.05473538 0.05473538 0.02671137 0.009239533 0.05401113 0.05401113 0.0345077 0.2299172 0.1615713 0.1615713 0.351359
35 0.01713751 0.03686545 0.03686545 0.2559624 0.001171277 0.04819558 0.04819558 0.145622 0.01066616 0.2206223 0.2206223 0.4000025
36 0.03534912 0.1364663 0.1364663 0.03895113 0.4225467 0.06930811 0.06930811 0.03666046 0.0750378 0.1172932 0.1172932 0.2020122
37 0.05158611 0.05536247 0.05536247 0.1152349 0.04215598 0.3420852 0.3420852 0.2202009 0.07393755 0.0147352 0.0147352 0.1942742
38 0.1259773 0.1001949 0.1001949 0.03168061 0.2560085 0.5962058 0.5962058 0.9239816 0.08340342 0.3034266 0.3034266 0.468228
39 0.1327501 0.1518807 0.1518807 0.06165068 0.06655481 0.04484705 0.04484705 0.1360384 0.01677185 0.01986482 0.01986482 0.03291892
40 0.0425163 0.07114215 0.07114215 0.06484929 0.01853397 0.08047164 0.08047164 0.2223925 0.2768496 0.05234851 0.05234851 0.2311561
41 0.1338622 0.05377566 0.05377566 0.09931455 0.1034489 0.08108875 0.08108875 0.4135372 0.2313458 0.08748632 0.08748632 0.2009626
42 0.1160564 0.01944132 0.01944132 0.09072309 0.4087913 0.373584 0.373584 0.1810814 0.03020077 0.1841421 0.1841421 0.1324053
43 0.03945582 0.01136428 0.01136428 0.1135159 0.06785766 0.1789119 0.1789119 0.03135582 0.115864 0.06531979 0.06531979 0.1032624
44 0.08276122 0.06885922 0.06885922 0.02501636 0.1910329 0.1865701 0.1865701 0.08677387 0.01401779 0.1946304 0.1946304 0.1738574
45 0.1133124 0.05091572 0.05091572 0.3158889 0.2900837 0.004096144 0.004096144 0.0002254597 0.05296522 0.0358664 0.0358664 0.0866344
46 0.01434435 0.1186902 0.1186902 0.03538941 0.3570593 0.04998042 0.04998042 0.5838109 0.2106455 0.2903094 0.2903094 0.267112
47 0.0133446 0.03124676 0.03124676 0.1770676 0.09946926 0.009879167 0.009879167 0.3021721 0.1374478 0.1331313 0.1331313 0.3112774
48 0.03775443 0.01791607 0.01791607 0.001310802 0.4116119 0.277483 0.277483 0.2738058 0.1068628 0.04244682 0.04244682 0.3169264
49 0.06150574 0.08845914 0.08845914 0.008848232 0.0426641 0.03461093 0.03461093 0.3517132 0.2546325 0.1264503 0.1264503 0.2439777
50 0.1052499 0.02960431 0.02960431 0.2169107 0.5332042 0.127969 0.127969 0.1308589 0.2761941 0.1613833 0.1613833 0.2439243
51 0.01317011 0.02834943 0.02834943 0.3050876 0.1157549 0.1321552 0.1321552 0.01413452 0.3843597 0.06569354 0.06569354 0.3318763
52 0.1160723 0.01980589 0.01980589 0.1024897 0.2647269 0.007439123 0.007439123 0.08328041 0.1994237 0.0002674106 0.0002674106 0.4792619
53 0.0415657 0.155965 0.155965 0.1752565 0.02404772 0.2367665 0.2367665 0.2239 0.1907884 0.0680202 0.0680202 0.146222
54 0.1121653 0.02809256 0.02809256 0.07760683 0.08121836 0.1190312 0.1190312 0.07817758 0.2036672 0.05995658 0.05995658 0.05486255
55 0.09395751 0.02723022 0.02723022 0.09300653 0.1810257 0.1483806 0.1483806 0.01861327 0.02592994 0.1385314 0.1385314 0.1802098
56 0.20986 0.05727361 0.05727361 0.2030892 0.1408913 0.0898334 0.0898334 0.04745933 0.04894246 0.05720457 0.05720457 0.003858754
57 0.1782028 0.0009743144 0.0009743144 0.2705862 0.3380668 0.2221929 0.2221929 0.1246683 0.2874207 0.1766286 0.1766286 0.1037911
58 0.02495492 0.0396577 0.0396577 0.01369738 0.2458699 0.1363727 0.1363727 0.2182656 0.2827876 0.1852899 0.1852899 0.2004532
59 0.03705037 0.07783226 0.07783226 0.1611126 0.1457892 0.1588868 0.1588868 0.1733917 0.1578844 0.1009901 0.1009901 0.4309161
60 0.03277976 0.006975867 0.006975867 0.04108531 0.02236163 0.2578703 0.2578703 0.04874275 0.1190213 0.1587768 0.1587768 0.4306632
61 0.1050401 0.148591 0.148591 0.1473443 0.395188 0.1299216 0.1299216 0.2371032 0.1095638 0.1947636 0.1947636 0.2306947
62 0.05688939 0.05667418 0.05667418 0.09759109 0.4534592 0.1637073 0.1637073 0.01246796 0.1251031 0.1708241 0.1708241 0.3284506
63 0.03651739 0.1230603 0.1230603 0.2517898 0.6483499 0.04115909 0.04115909 0.2243298 0.0914185 0.04797274 0.04797274 0.157681
64 0.2029587 0.03943499 0.03943499 0.4541572 0.731126 0.2038235 0.2038235 0.00968058 0.1675099 0.06791128 0.06791128 0.3522404
65 0.1443963 0.08586855 0.08586855 0.1073975 0.3383775 0.04282323 0.04282323 0.1202018 0.1735794 0.1516702 0.1516702 0.2108547
66 0.2458275 0.09646899 0.09646899 0.1142661 0.1344485 0.07580347 0.07580347 0.06157562 0.4655775 0.004468681 0.004468681 0.312774
67 0.06825286 0.01283889 0.01283889 0.08087155 0.02565112 0.04927043 0.04927043 0.02836923 0.2787971 0.1412974 0.1412974 0.02779572
68 0.0209776 0.09600121 0.09600121 0.109691 0.4002224 0.2230864 0.2230864 0.1048185 0.08341615 0.1221828 0.1221828 0.2740313
69 0.1721019 0.02183348 0.02183348 0.2124614 0.3027743 0.07136987 0.07136987 0.2303318 0.2332732 0.1423272 0.1423272 0.1437948
70 0.08463951 0.01191423 0.01191423 0.01411782 0.5862189 0.1157908 0.1157908 0.3263388 0.02228826 0.1934539 0.1934539 0.1547774
71 0.05826959 0.01354728 0.01354728 0.1010472 0.151667 0.02936657 0.02936657 0.1755569 0.2256177 0.03606444 0.03606444 0.2991834
72 0.06915003 0.09429257 0.09429257 0.09105105 0.5499309 0.1775405 0.1775405 0.2999868 0.2911865 0.05318128 0.05318128 0.2193929
73 0.2650354 0.01527147 0.01527147 0.224266 0.0199679 0.238033 0.238033 0.004937065 0.02714592 0.04804511 0.04804511 0.111676
74 0.05674341 0.04423032 0.04423032 0.01963169 0.06847946 0.01651152 0.01651152 0.162076 0.00721201 0.07177515 0.07177515 0.06250939
75 0.0136772 0.06185544 0.06185544 0.0135171 0.003008443 0.09000216 0.09000216 0.37648 0.08605043 0.1833874 0.1833874 0.1791361
76 0.0809499 0.01167606 0.01167606 0.2255206 0.6564886 0.3296555 0.3296555 0.09907694 0.109827 0.1733899 0.1733899 0.3009125
77 0.04439159 0.1086614 0.1086614 0.3951756 0.4057298 0.003346291 0.003346291 0.3524701 0.02287667 0.2628508 0.2628508 0.3429975
78 0.0052365 0.05071535 0.05071535 0.07883771 0.6268705 0.02398055 0.02398055 0.4435566 0.1071205 0.1175104 0.1175104 0.1907395
79 0.1340303 0.02514778 0.02514778 0.1385666 0.3958662 0.1057473 0.1057473 0.1709646 0.1886046 0.06559085 0.06559085 0.08210002
80 0.2226239 0.03486704 0.03486704 0.3166158 0.6268267 0.1232991 0.1232991 0.004892428 0.4111944 0.1553283 0.1553283 0.2387985
81 0.1207471 0.06568149 0.06568149 0.1930708 0.1072133 0.3606717 0.3606717 0.6506327 0.03376132 0.008254496 0.008254496 0.2572979
82 0.1750055 0.01874953 0.01874953 0.02728937 0.7236415 0.3122021 0.3122021 0.2594516 0.02804891 0.1881544 0.1881544 0.2793209
83 0.1394357 0.08366708 0.08366708 0.1063625 0.5602143 0.1665942 0.1665942 0.1152414 0.3270837 0.03176589 0.03176589 0.2593304
84 0.220908 0.02373317 0.02373317 0.07928116 0.08609859 0.01665175 0.01665175 0.114678 0.4752467 0.1766213 0.1766213 0.05220942
85 0.09227255 0.09023565 0.09023565 0.04243129 0.1260158 0.2212581 0.2212581 0.3842912 0.01047459 0.1261081 0.1261081 0.1958219
86 0.1388151 0.01026033 0.01026033 0.2436173 0.1824189 0.004799299 0.004799299 0.452883 0.2181168 0.05240197 0.05240197 0.1067113
87 0.03358683 0.003475148 0.003475148 0.1228186 0.07180888 0.1856336 0.1856336 0.2624355 0.1130178 0.02050471 0.02050471 0.132569
88 0.2759101 0.1326533 0.1326533 0.2289311 0.4683017 0.1281435 0.1281435 0.2712065 0.1749298 0.1155235 0.1155235 0.09564894
89 0.02932343 0.008847403 0.008847403 0.08322201 0.7783433 0.01495942 0.01495942 0.3628105 0.1539299 0.01784253 0.01784253 0.08260339
90 0.1057087 0.1391699 0.1391699 0.1085324 0.2913776 0.1919142 0.1919142 0.3350103 0.046745 0.1447661 0.1447661 0.2285064
91 0.2879221 0.0432571 0.0432571 0.280422 0.141879 0.0963024 0.0963024 0.1004889 0.1345213 0.1740871 0.1740871 0.1198306
92 0.1420534 0.07014372 0.07014372 0.06207174 0.1896575 0.05217047 0.05217047 0.1542104 0.06617819 0.1498129 0.1498129 0.09003324
93 0.02070178 0.05377456 0.05377456 0.08420804 0.1119176 0.033554 0.033554 0.1975658 0.01454872 0.169167 0.169167 0.09683372
94 0.02146012 0.02418481 0.02418481 0.07186913 0.432882 0.0272008 0.0272008 0.4991193 0.1724782 0.1636501 0.1636501 0.1305572
95 0.04760062 0.06163412 0.06163412 0.2599378 0.01222992 0.01722761 0.01722761 0.3728563 0.196683 0.0004237937 0.0004237937 0.3569399
96 0.14152 0.0786703 0.0786703 0.1264508 0.1342099 0.1310335 0.1310335 0.3297873 0.2146143 0.2325449 0.2325449 0.1037995
97 0.08371011 0.01930051 0.01930051 0.04778956 0.1075458 0.2156594 0.2156594 0.09887822 0.2396708 0.01042857 0.01042857 0.2929737
98 0.151282 0.06524762 0.06524762 0.07338351 0.05251654 0.1061658 0.1061658 0.009203393 0.205693 0.2437426 0.2437426 0.2443164
99 0.1506807 0.06876033 0.06876033 0.1891334 0.4619123 0.2094119 0.2094119 0.4603383 0.1675427 0.04916518 0.04916518 0.01043272
100 0.06212735 0.01296481 0.01296481 0.1820238 0.1251971 0.018893 0.018893 0.02207862 0.1874502 0.09488005 0.09488005 0.09391902
