1 0.009715919 0.02793194 0.213903 0.1738316 0.08686204 0.09036302
2 0.2513379 0.1453899 0.3903126 0.2498564 0.3314402 0.2028865
3 0.09284162 0.1767504 0.12348 0.10849 0.2673741 0.3293975
4 0.00880115 0.05215344 0.007399881 0.07663386 0.05736309 0.0003309742
5 0.1327901 0.06965981 0.2039758 0.04648976 0.07901529 0.1303709
6 0.02474713 0.06734063 0.3864948 0.3431776 0.1826196 0.3857047
7 0.06080682 0.09793321 0.1560257 0.323362 0.1764283 0.1577183
8 0.04516225 0.01313596 0.1272805 0.03903545 0.04381635 0.1474079
9 0.04438421 0.008691131 0.4624276 0.3559956 0.4098732 0.4127011
10 0.1793779 0.1096175 0.09911834 0.01309085 0.3036515 0.1288886
11 0.05402212 0.01085265 0.2275847 0.07179607 0.2035665 0.09341158
12 0.1120131 0.1000355 0.1890769 0.3366886 0.2590913 0.1424904
13 0.03053584 0.113104 0.08010547 0.171151 0.0431359 0.1963543
14 0.1785612 0.1663811 0.0118836 0.1661323 0.09380632 0.04107323
15 0.2884448 0.1909145 0.2025326 0.208779 0.1890534 0.198758
16 0.1982603 0.01798635 0.02276049 0.2377985 0.1501734 0.228336
17 0.05124671 0.1597405 0.1042098 0.2422522 0.02530142 0.008428001
18 0.1375622 0.07899864 0.2616616 0.3545584 0.01528351 0.04171645
19 0.145987 0.05078557 0.06251491 0.02368108 0.1838395 0.2129301
20 0.01404659 0.04163696 0.1460902 0.3176605 0.1577589 0.0396631
21 0.2403903 0.359608 0.113081 0.1338511 0.1163395 0.09281984
22 0.07322121 0.2313835 0.2936203 0.2147033 0.2348565 0.1464134
23 0.06221674 0.1087587 0.1488992 0.2677905 0.3892995 0.2858733
24 0.1425018 0.2853011 0.1298139 0.2998489 0.1841444 0.09095882
25 0.1508539 0.1021765 0.2667249 0.1974078 0.05033456 0.0271762
26 0.0393831 0.2183586 0.5287988 0.2206372 0.2225066 0.366158
27 0.008787624 0.2653391 0.1554766 0.06188697 0.1365865 0.03157774
28 0.1688388 0.4210362 0.2479104 0.2643028 0.3254892 0.1019912
29 0.06812625 0.1501322 0.05990062 0.08387188 0.1272327 0.1433232
30 0.2016589 0.09701052 0.1495716 0.02481505 0.1088185 0.1950615
31 0.09272114 0.3688437 0.3230694 0.372486 0.005792265 0.2923713
32 0.1223463 0.1752138 0.2328032 0.04545321 0.1132222 0.09654827
33 0.02441497 0.01239619 0.1206516 0.3716418 0.1715619 0.04753823
34 0.06233889 0.02933964 0.2581354 0.2352873 0.1817276 0.3665374
35 0.1726561 0.2702453 0.4283596 0.5927697 0.1549705 0.0563194
36 0.08609353 0.07202755 0.04122718 0.2196004 0.1438267 0.08785461
37 0.1692453 0.1434092 0.3284426 0.2625711 0.08376811 0.2499499
38 0.0957647 0.08754107 0.09401446 0.1390618 0.0184045 0.1576394
39 0.001915695 0.04122445 0.03919539 0.06696037 0.1298944 0.1144401
40 0.1230802 0.04755455 0.5317681 0.59167 0.1416001 0.02502904
41 0.1451951 0.04210189 0.4487136 0.3910256 0.008430169 0.03824844
42 0.1896271 0.06051036 0.1975521 0.1884298 0.1327482 0.06914739
43 0.1287153 0.2320036 0.2719284 0.1524668 0.08298193 0.212091
44 0.06274431 0.1039397 0.03316499 0.04366426 0.1629185 0.03878581
45 0.04962981 0.2895491 0.2318988 0.04435755 0.4317076 0.3054416
46 0.1118031 0.2077147 0.243364 0.08139554 0.19626 0.1731249
47 0.002448495 0.1231659 0.2277911 0.02291379 0.1258187 0.2449939
48 0.3232891 0.1969653 0.1636862 0.1360541 0.1507927 0.2532315
49 0.04478686 0.2980958 0.1774037 0.2820755 0.09263838 0.07618908
50 0.003641185 0.06430126 0.2912455 0.2337016 0.1445181 0.09112291
51 0.1133173 0.1830556 0.1575595 0.008124906 0.03803102 0.03879763
52 0.06421924 0.07420968 0.1655857 0.01633051 0.2329633 0.3560673
53 0.09608996 0.19874 0.5271242 0.4466656 0.127323 0.2302153
54 0.1855356 0.2376169 0.08612774 0.0889992 0.2361157 0.2075612
55 0.06170507 0.05090817 0.2662006 0.2977721 0.02120294 0.1958845
56 0.2567435 0.006834095 0.03177398 0.06049192 0.2645908 0.2490858
57 0.1140411 0.03923664 0.526326 0.2887889 0.2435474 0.1286192
58 0.2230803 0.2809362 0.2694926 0.1808967 0.04612548 0.09997081
59 0.1371013 0.2768475 0.1863965 0.2552753 0.1446993 0.2901623
60 0.008070449 0.05837189 0.2886656 0.3732193 0.1366377 0.2355901
61 0.02374959 0.0934627 0.06116059 0.0851527 0.04990053 0.09494157
62 0.0977215 0.1178229 0.005011116 0.155279 0.1276725 0.1735833
63 0.06916648 0.2168688 0.1614376 0.06984463 0.1246755 0.06375728
64 0.1947011 0.09087125 0.384534 0.09498479 0.1124576 0.0685792
65 0.1115783 0.2462509 0.3864564 0.6464441 0.7761384 0.705971
66 0.1259045 0.06875373 0.01578352 0.07589748 0.4960328 0.3065956
67 0.1767301 0.2597106 0.4047985 0.1983714 0.04978386 0.009483199
68 0.2120867 0.02811626 0.3310687 0.01779023 0.111241 0.09852316
69 0.1952615 0.04201074 0.4742476 0.4235863 0.0597404 0.04022177
70 0.1452029 0.07947031 0.1147821 0.1034857 0.2960558 0.2409391
71 0.0412882 0.1805714 0.2839915 0.2315972 0.1471801 0.0915732
72 0.1734034 0.03978453 0.1769923 0.1274304 0.1750466 0.3792539
73 0.2383312 0.2056901 0.400723 0.1949553 0.3084651 0.3859213
74 0.05849527 0.1596379 0.367658 0.4696651 0.3743126 0.4390535
75 0.1369765 0.1342463 0.2387427 0.25087 0.2133977 0.01986726
76 0.2251721 0.1264838 0.6912509 0.6492238 0.1394103 0.1100227
77 0.05536442 0.06760088 0.3433973 0.06328334 0.1047844 0.02126899
78 0.04959072 0.05349749 0.199294 0.4148936 0.248659 0.2505395
79 0.2368549 0.1929161 0.123976 0.1570519 0.1617428 0.2093334
80 0.09338954 0.2430499 0.07619774 0.16215 0.4017161 0.3543347
81 0.04451866 0.1959069 0.2733671 0.1542334 0.1964829 0.2346479
82 0.05040002 0.1026025 0.2454201 0.1726182 0.2054258 0.003016616
83 0.2605678 0.07765738 0.2602601 0.3326387 0.03992153 0.2755615
84 0.2061183 0.1733155 0.1196955 0.2074552 0.2018632 0.1366565
85 0.005550905 0.1729685 0.189501 0.1884988 0.01119404 0.02933222
86 0.07913964 0.0305833 0.002812595 0.1425802 0.05748809 0.1225763
87 0.05731989 0.06555881 0.1895254 0.07720167 0.3186396 0.1825223
88 0.08677251 0.2001908 0.2305247 0.12405 0.2236237 0.003203111
89 0.1384262 0.007461701 0.3544645 0.06186862 0.1210905 0.09698975
90 0.2551437 0.2770291 0.06514349 0.2311799 0.3348772 0.3203733
91 0.01921974 0.178043 0.07270685 0.0593815 0.1012123 0.2167524
92 0.1919719 0.09272461 0.004490626 0.1735553 0.1381093 0.1197722
93 0.1609575 0.1549806 0.2478578 0.2604155 0.006036095 0.141704
94 0.004558564 0.1948938 0.3249501 0.2296265 0.2085974 0.3230088
95 0.1646619 0.4568098 0.08505777 0.006769798 0.07179057 0.3719349
96 0.1441159 0.08371054 0.009909813 0.3090198 0.0142792 0.09721859
97 0.03861645 0.07261139 0.1860833 0.2705167 0.318794 0.04753883
98 0.02204814 0.02106114 0.2486968 0.09956764 0.08689686 0.09401394
99 0.2528616 0.2694797 0.0455712 0.1867674 0.2105058 0.2590576
100 0.02860809 0.0753284 0.06556247 0.01032637 0.1745451 0.207886
