1 0.0004012264 0 0 0 0 0 0 0.0004053361 0 0 0 0 0 0 0.002506863 0 0 0 0 0 0 0.001046512 0 0 0 0 0 0 9.351718e-05 0 0 0 0 0 0 0.008491424
2 0.001247773 0 0 0 0 0 0 0.0004718641 0 0 0 0 0 0 0.00212614 0 0 0 0 0 0 0.0009904075 0 0 0 0 0 0 0.004742956 0 0 0 0 0 0 0.003278067
3 0.002291281 0 0 0 0 0 0 0.001581521 0 0 0 0 0 0 0.0004449557 0 0 0 0 0 0 0.003910146 0 0 0 0 0 0 0.0007694108 0 0 0 0 0 0 0.002590958
4 0.002427017 0 0 0 0 0 0 8.437468e-05 0 0 0 0 0 0 0.001186603 0 0 0 0 0 0 0.0008807494 0 0 0 0 0 0 0.000339906 0 0 0 0 0 0 0.0006122384
5 0.001538627 0 0 0 0 0 0 5.869104e-05 0 0 0 0 0 0 0.001090961 0 0 0 0 0 0 0.0001153429 0 0 0 0 0 0 0.0002949583 0 0 0 0 0 0 0.0004926142
6 0.002390522 0 0 0 0 0 0 0.0009424319 0 0 0 0 0 0 0.001287296 0 0 0 0 0 0 0.003840782 0 0 0 0 0 0 0.003261322 0 0 0 0 0 0 0.0009515384
7 0.002559458 0 0 0 0 0 0 0.0001173564 0 0 0 0 0 0 0.0001547213 0 0 0 0 0 0 0.002969071 0 0 0 0 0 0 0.0001779571 0 0 0 0 0 0 0.005463547
8 0.004194736 0 0 0 0 0 0 0.0007394509 0 0 0 0 0 0 0.003494459 0 0 0 0 0 0 0.001752183 0 0 0 0 0 0 0.002573074 0 0 0 0 0 0 0.008042914
9 0.001814318 0 0 0 0 0 0 0.0004872514 0 0 0 0 0 0 0.002928266 0 0 0 0 0 0 0.0009593429 0 0 0 0 0 0 0.003679587 0 0 0 0 0 0 0.007840672
10 0.000315596 0 0 0 0 0 0 0.0006048913 0 0 0 0 0 0 0.002234236 0 0 0 0 0 0 0.003502622 0 0 0 0 0 0 0.005118654 0 0 0 0 0 0 0.0006282432
11 0.003407277 0 0 0 0 0 0 0.0005172318 0 0 0 0 0 0 0.003637422 0 0 0 0 0 0 0.002158859 0 0 0 0 0 0 0.002724625 0 0 0 0 0 0 0.004293426
12 0.001752332 0 0 0 0 0 0 0.0004769383 0 0 0 0 0 0 0.004917182 0 0 0 0 0 0 0.001298562 0 0 0 0 0 0 0.0004910251 0 0 0 0 0 0 0.001252207
13 0.002852147 0 0 0 0 0 0 0.001312826 0 0 0 0 0 0 0.003877935 0 0 0 0 0 0 0.005434083 0 0 0 0 0 0 0.0004669828 0 0 0 0 0 0 0.008016938
14 0.0004026111 0 0 0 0 0 0 8.110118e-05 0 0 0 0 0 0 0.0009030828 0 0 0 0 0 0 0.002131523 0 0 0 0 0 0 0.001424767 0 0 0 0 0 0 6.161541e-05
15 0.001430873 0 0 0 0 0 0 0.001718864 0 0 0 0 0 0 0.003464363 0 0 0 0 0 0 0.004952727 0 0 0 0 0 0 0.002563415 0 0 0 0 0 0 0.0003741793
16 0.0009124993 0 0 0 0 0 0 0.001093974 0 0 0 0 0 0 0.001426267 0 0 0 0 0 0 0.004035159 0 0 0 0 0 0 0.002576438 0 0 0 0 0 0 0.000733154
17 0.003462041 0 0 0 0 0 0 0.0008664087 0 0 0 0 0 0 0.0002083353 0 0 0 0 0 0 0.001113435 0 0 0 0 0 0 0.0005319443 0 0 0 0 0 0 0.003787991
18 0.001508304 0 0 0 0 0 0 0.001091386 0 0 0 0 0 0 0.001524333 0 0 0 0 0 0 0.003915627 0 0 0 0 0 0 0.001178985 0 0 0 0 0 0 0.00118777
19 0.001896058 0 0 0 0 0 0 0.0003882663 0 0 0 0 0 0 0.002773871 0 0 0 0 0 0 0.004437208 0 0 0 0 0 0 0.003616263 0 0 0 0 0 0 0.00135423
20 0.001705096 0 0 0 0 0 0 0.0001782815 0 0 0 0 0 0 0.002335375 0 0 0 0 0 0 0.002201873 0 0 0 0 0 0 0.005561283 0 0 0 0 0 0 0.001118826
21 0.001867637 0 0 0 0 0 0 0.001063194 0 0 0 0 0 0 0.002238531 0 0 0 0 0 0 0.001310674 0 0 0 0 0 0 0.003381642 0 0 0 0 0 0 0.005052675
22 0.002123971 0 0 0 0 0 0 0.0001009082 0 0 0 0 0 0 0.0003041821 0 0 0 0 0 0 0.0005061956 0 0 0 0 0 0 0.001146923 0 0 0 0 0 0 0.005589277
23 0.00068403 0 0 0 0 0 0 0.0001236905 0 0 0 0 0 0 0.0008826228 0 0 0 0 0 0 0.0002052283 0 0 0 0 0 0 0.005472073 0 0 0 0 0 0 0.000252515
24 0.001117975 0 0 0 0 0 0 0.001660482 0 0 0 0 0 0 0.0003780103 0 0 0 0 0 0 0.001592571 0 0 0 0 0 0 0.001486381 0 0 0 0 0 0 0.007686125
25 0.0006870036 0 0 0 0 0 0 0.0006937276 0 0 0 0 0 0 0.0004011318 0 0 0 0 0 0 0.002428078 0 0 0 0 0 0 0.001808265 0 0 0 0 0 0 0.0006488795
26 0.00284048 0 0 0 0 0 0 0.0009495478 0 0 0 0 0 0 0.0007025826 0 0 0 0 0 0 0.002417073 0 0 0 0 0 0 0.0008521146 0 0 0 0 0 0 0.01157388
27 0.0005335988 0 0 0 0 0 0 0.001118707 0 0 0 0 0 0 0.001654189 0 0 0 0 0 0 0.004031789 0 0 0 0 0 0 0.006051853 0 0 0 0 0 0 0.001193671
28 9.950284e-07 0 0 0 0 0 0 0.0007979921 0 0 0 0 0 0 0.001874837 0 0 0 0 0 0 0.0005559881 0 0 0 0 0 0 0.002708649 0 0 0 0 0 0 0.004214157
29 0.001279594 0 0 0 0 0 0 0.0007285578 0 0 0 0 0 0 0.002522515 0 0 0 0 0 0 0.0007273033 0 0 0 0 0 0 0.001001062 0 0 0 0 0 0 0.001400089
30 0.0001527117 0 0 0 0 0 0 0.001338885 0 0 0 0 0 0 0.003353387 0 0 0 0 0 0 0.003904803 0 0 0 0 0 0 9.721333e-05 0 0 0 0 0 0 0.005179643
31 0.0006209429 0 0 0 0 0 0 0.002074603 0 0 0 0 0 0 0.003149565 0 0 0 0 0 0 0.0048688 0 0 0 0 0 0 0.00856111 0 0 0 0 0 0 0.002807081
32 0.0008179015 0 0 0 0 0 0 0.0006805825 0 0 0 0 0 0 0.0002843165 0 0 0 0 0 0 0.004494112 0 0 0 0 0 0 0.002115894 0 0 0 0 0 0 0.001026104
33 0.0006385981 0 0 0 0 0 0 0.001387463 0 0 0 0 0 0 0.003300427 0 0 0 0 0 0 0.002644321 0 0 0 0 0 0 0.0005521124 0 0 0 0 0 0 0.00473001
34 0.003183195 0 0 0 0 0 0 0.001793207 0 0 0 0 0 0 0.0001736028 0 0 0 0 0 0 0.003054342 0 0 0 0 0 0 0.00394974 0 0 0 0 0 0 0.002203007
35 0.001070655 0 0 0 0 0 0 0.0002652236 0 0 0 0 0 0 0.0007429466 0 0 0 0 0 0 0.0002035828 0 0 0 0 0 0 0.0005707769 0 0 0 0 0 0 0.00664553
36 0.002587708 0 0 0 0 0 0 0.0005932578 0 0 0 0 0 0 0.001718804 0 0 0 0 0 0 0.001313937 0 0 0 0 0 0 0.003988913 0 0 0 0 0 0 0.004234357
37 0.003316274 0 0 0 0 0 0 0.001793714 0 0 0 0 0 0 0.001102041 0 0 0 0 0 0 0.006112821 0 0 0 0 0 0 0.004758572 0 0 0 0 0 0 0.01163433
38 0.001003017 0 0 0 0 0 0 0.0007883737 0 0 0 0 0 0 0.000717733 0 0 0 0 0 0 0.0005749334 0 0 0 0 0 0 0.003288742 0 0 0 0 0 0 0.002238675
39 0.002735713 0 0 0 0 0 0 0.0002324595 0 0 0 0 0 0 0.002100159 0 0 0 0 0 0 0.0003314953 0 0 0 0 0 0 0.001808787 0 0 0 0 0 0 0.002829184
40 0.001136482 0 0 0 0 0 0 0.001540145 0 0 0 0 0 0 0.001682917 0 0 0 0 0 0 0.0006005339 0 0 0 0 0 0 0.001130962 0 0 0 0 0 0 0.003280487
41 0.0003683364 0 0 0 0 0 0 0.0001010301 0 0 0 0 0 0 0.001598218 0 0 0 0 0 0 0.000624602 0 0 0 0 0 0 0.00099747 0 0 0 0 0 0 0.0007354263
42 0.000228216 0 0 0 0 0 0 6.795178e-05 0 0 0 0 0 0 0.0004419609 0 0 0 0 0 0 0.0005636747 0 0 0 0 0 0 0.003045165 0 0 0 0 0 0 0.00365775
43 0.0005399593 0 0 0 0 0 0 0.0007707351 0 0 0 0 0 0 0.000481415 0 0 0 0 0 0 0.002933578 0 0 0 0 0 0 5.784102e-05 0 0 0 0 0 0 0.003235874
44 0.0001728643 0 0 0 0 0 0 0.0005905184 0 0 0 0 0 0 0.003343608 0 0 0 0 0 0 0.0008280911 0 0 0 0 0 0 0.001423822 0 0 0 0 0 0 0.0002279586
45 0.0003979195 0 0 0 0 0 0 0.0008457942 0 0 0 0 0 0 0.0001340587 0 0 0 0 0 0 0.000421805 0 0 0 0 0 0 0.001551343 0 0 0 0 0 0 0.0005786305
46 0.001284688 0 0 0 0 0 0 0.001232846 0 0 0 0 0 0 8.885561e-05 0 0 0 0 0 0 0.0005265065 0 0 0 0 0 0 0.0009347519 0 0 0 0 0 0 0.001519489
47 0.001096105 0 0 0 0 0 0 0.001272616 0 0 0 0 0 0 0.0002025944 0 0 0 0 0 0 0.001724229 0 0 0 0 0 0 0.003192353 0 0 0 0 0 0 0.002065566
48 0.001860632 0 0 0 0 0 0 0.0008186881 0 0 0 0 0 0 0.001774662 0 0 0 0 0 0 0.001267461 0 0 0 0 0 0 3.022381e-05 0 0 0 0 0 0 0.000572605
49 0.0001146235 0 0 0 0 0 0 0.0006200624 0 0 0 0 0 0 0.00157365 0 0 0 0 0 0 0.002903509 0 0 0 0 0 0 0.003496533 0 0 0 0 0 0 0.002606064
50 0.0002739651 0 0 0 0 0 0 0.0004632992 0 0 0 0 0 0 0.003160053 0 0 0 0 0 0 0.0009547337 0 0 0 0 0 0 0.004349778 0 0 0 0 0 0 0.002402835
51 0.002723145 0 0 0 0 0 0 9.512322e-05 0 0 0 0 0 0 0.001396835 0 0 0 0 0 0 0.001731717 0 0 0 0 0 0 0.00436307 0 0 0 0 0 0 0.001628226
52 0.001162319 0 0 0 0 0 0 0.0002249523 0 0 0 0 0 0 0.003389372 0 0 0 0 0 0 0.002268781 0 0 0 0 0 0 0.006442305 0 0 0 0 0 0 0.001375014
53 0.0002783074 0 0 0 0 0 0 0.0004152763 0 0 0 0 0 0 0.001791165 0 0 0 0 0 0 0.0001133338 0 0 0 0 0 0 0.006265979 0 0 0 0 0 0 0.003657752
54 0.001859427 0 0 0 0 0 0 0.001628021 0 0 0 0 0 0 0.0003597794 0 0 0 0 0 0 0.000819697 0 0 0 0 0 0 0.001361449 0 0 0 0 0 0 0.001539819
55 0.003365847 0 0 0 0 0 0 0.0007668328 0 0 0 0 0 0 0.004656721 0 0 0 0 0 0 0.001969059 0 0 0 0 0 0 0.003683844 0 0 0 0 0 0 0.003246065
56 0.0003160239 0 0 0 0 0 0 0.001828651 0 0 0 0 0 0 2.625308e-05 0 0 0 0 0 0 0.001608039 0 0 0 0 0 0 0.001594811 0 0 0 0 0 0 0.001470221
57 0.001699357 0 0 0 0 0 0 0.001379674 0 0 0 0 0 0 0.001189609 0 0 0 0 0 0 0.00154518 0 0 0 0 0 0 0.0002851825 0 0 0 0 0 0 0.003098329
58 0.0001026743 0 0 0 0 0 0 0.0004980693 0 0 0 0 0 0 0.001606917 0 0 0 0 0 0 0.001060729 0 0 0 0 0 0 0.001291821 0 0 0 0 0 0 0.003509688
59 0.0005329547 0 0 0 0 0 0 0.0002844233 0 0 0 0 0 0 0.00050733 0 0 0 0 0 0 0.001489424 0 0 0 0 0 0 0.001300277 0 0 0 0 0 0 0.0006647527
60 0.004548926 0 0 0 0 0 0 0.0001808655 0 0 0 0 0 0 0.001413705 0 0 0 0 0 0 0.002501901 0 0 0 0 0 0 0.000132214 0 0 0 0 0 0 0.003814757
61 0.0004241835 0 0 0 0 0 0 0.001337678 0 0 0 0 0 0 0.0008417214 0 0 0 0 0 0 0.000653703 0 0 0 0 0 0 0.003473155 0 0 0 0 0 0 0.006595794
62 0.002073056 0 0 0 0 0 0 0.0008423399 0 0 0 0 0 0 0.002605182 0 0 0 0 0 0 0.0002056396 0 0 0 0 0 0 0.000926329 0 0 0 0 0 0 0.00091293
63 0.0001563013 0 0 0 0 0 0 0.002281647 0 0 0 0 0 0 0.002180889 0 0 0 0 0 0 0.001905314 0 0 0 0 0 0 0.001265435 0 0 0 0 0 0 0.004197885
64 0.0005592264 0 0 0 0 0 0 0.0005299465 0 0 0 0 0 0 0.005981714 0 0 0 0 0 0 0.0004488798 0 0 0 0 0 0 0.002706656 0 0 0 0 0 0 0.001961304
65 0.0005657027 0 0 0 0 0 0 0.0007657461 0 0 0 0 0 0 5.132952e-06 0 0 0 0 0 0 0.002980551 0 0 0 0 0 0 0.0005769947 0 0 0 0 0 0 0.006168091
66 0.001586555 0 0 0 0 0 0 0.0006350965 0 0 0 0 0 0 2.160298e-05 0 0 0 0 0 0 0.002602241 0 0 0 0 0 0 0.001779765 0 0 0 0 0 0 0.001417453
67 0.002274343 0 0 0 0 0 0 0.0005048851 0 0 0 0 0 0 0.0003818513 0 0 0 0 0 0 0.0003797874 0 0 0 0 0 0 0.002685965 0 0 0 0 0 0 0.004610553
68 0.0009816527 0 0 0 0 0 0 0.0009552618 0 0 0 0 0 0 0.002313088 0 0 0 0 0 0 0.001443362 0 0 0 0 0 0 3.557945e-05 0 0 0 0 0 0 0.004248023
69 0.0009170271 0 0 0 0 0 0 0.0009355025 0 0 0 0 0 0 0.003378843 0 0 0 0 0 0 0.003289108 0 0 0 0 0 0 0.004295469 0 0 0 0 0 0 0.002143993
70 0.001220828 0 0 0 0 0 0 0.001000272 0 0 0 0 0 0 0.001712716 0 0 0 0 0 0 0.0009090348 0 0 0 0 0 0 6.253972e-05 0 0 0 0 0 0 0.005702084
71 0.0007130626 0 0 0 0 0 0 0.002294383 0 0 0 0 0 0 3.364896e-05 0 0 0 0 0 0 0.003619796 0 0 0 0 0 0 0.002768431 0 0 0 0 0 0 0.004620626
72 0.0009053837 0 0 0 0 0 0 0.0004906933 0 0 0 0 0 0 0.0005385186 0 0 0 0 0 0 0.0003278646 0 0 0 0 0 0 0.003418208 0 0 0 0 0 0 0.004029022
73 0.0016761 0 0 0 0 0 0 0.0001575663 0 0 0 0 0 0 0.001339555 0 0 0 0 0 0 0.002168244 0 0 0 0 0 0 0.003631827 0 0 0 0 0 0 0.0004728612
74 0.002942044 0 0 0 0 0 0 0.0002966902 0 0 0 0 0 0 0.002865749 0 0 0 0 0 0 0.002357493 0 0 0 0 0 0 0.0009723003 0 0 0 0 0 0 0.002251637
75 0.002127691 0 0 0 0 0 0 0.0007063186 0 0 0 0 0 0 7.358059e-05 0 0 0 0 0 0 0.002474632 0 0 0 0 0 0 0.002441324 0 0 0 0 0 0 0.006284996
76 0.001576309 0 0 0 0 0 0 0.001050099 0 0 0 0 0 0 0.002800447 0 0 0 0 0 0 0.004363114 0 0 0 0 0 0 0.0009767182 0 0 0 0 0 0 0.004071775
77 0.0008598187 0 0 0 0 0 0 0.001331856 0 0 0 0 0 0 0.001886336 0 0 0 0 0 0 0.002467945 0 0 0 0 0 0 0.000188399 0 0 0 0 0 0 0.0003619842
78 0.0008543085 0 0 0 0 0 0 0.0009647257 0 0 0 0 0 0 0.001162803 0 0 0 0 0 0 0.003182036 0 0 0 0 0 0 0.007495435 0 0 0 0 0 0 0.008776565
79 0.001026801 0 0 0 0 0 0 0.0004042905 0 0 0 0 0 0 0.0008248884 0 0 0 0 0 0 0.001344735 0 0 0 0 0 0 0.001454897 0 0 0 0 0 0 0.002084251
80 0.0001966991 0 0 0 0 0 0 0.0009054181 0 0 0 0 0 0 0.002073771 0 0 0 0 0 0 0.0002511152 0 0 0 0 0 0 0.002880883 0 0 0 0 0 0 0.0002553351
81 0.0004148293 0 0 0 0 0 0 0.001117208 0 0 0 0 0 0 0.000107906 0 0 0 0 0 0 0.00251747 0 0 0 0 0 0 0.002831661 0 0 0 0 0 0 0.00681506
82 1.048418e-05 0 0 0 0 0 0 0.001239835 0 0 0 0 0 0 0.001653613 0 0 0 0 0 0 0.004319726 0 0 0 0 0 0 0.002855668 0 0 0 0 0 0 0.002949897
83 0.001997663 0 0 0 0 0 0 0.0009319825 0 0 0 0 0 0 0.001758887 0 0 0 0 0 0 0.002859535 0 0 0 0 0 0 0.0003794431 0 0 0 0 0 0 0.005302825
84 0.003221347 0 0 0 0 0 0 0.002095585 0 0 0 0 0 0 0.002067293 0 0 0 0 0 0 0.006309269 0 0 0 0 0 0 0.001056332 0 0 0 0 0 0 0.004829048
85 0.0009995563 0 0 0 0 0 0 0.0006857724 0 0 0 0 0 0 0.003216639 0 0 0 0 0 0 0.0004495897 0 0 0 0 0 0 0.005295199 0 0 0 0 0 0 0.004046029
86 0.002646796 0 0 0 0 0 0 0.0003549992 0 0 0 0 0 0 0.001884846 0 0 0 0 0 0 0.003785073 0 0 0 0 0 0 0.0006768321 0 0 0 0 0 0 0.002602525
87 0.002429194 0 0 0 0 0 0 0.0002483107 0 0 0 0 0 0 0.0001141021 0 0 0 0 0 0 0.001436865 0 0 0 0 0 0 0.002088796 0 0 0 0 0 0 0.00160395
88 6.045381e-05 0 0 0 0 0 0 0.0003567625 0 0 0 0 0 0 0.001712417 0 0 0 0 0 0 0.001907494 0 0 0 0 0 0 0.001877331 0 0 0 0 0 0 0.006942508
89 0.0007947754 0 0 0 0 0 0 0.0001213386 0 0 0 0 0 0 0.00197132 0 0 0 0 0 0 4.838443e-05 0 0 0 0 0 0 0.002651526 0 0 0 0 0 0 0.002724405
90 0.002363061 0 0 0 0 0 0 0.0005829504 0 0 0 0 0 0 0.0003309576 0 0 0 0 0 0 0.001480579 0 0 0 0 0 0 0.0004553702 0 0 0 0 0 0 0.001911345
91 0.004130175 0 0 0 0 0 0 0.0002286643 0 0 0 0 0 0 6.207232e-05 0 0 0 0 0 0 0.002860397 0 0 0 0 0 0 0.001983966 0 0 0 0 0 0 0.009336027
92 0.0003614486 0 0 0 0 0 0 0.0009539529 0 0 0 0 0 0 0.0001716759 0 0 0 0 0 0 0.0002350067 0 0 0 0 0 0 0.001749209 0 0 0 0 0 0 8.745072e-05
93 0.0004013611 0 0 0 0 0 0 0.001341678 0 0 0 0 0 0 0.001098926 0 0 0 0 0 0 0.002763061 0 0 0 0 0 0 0.0003431004 0 0 0 0 0 0 5.425907e-05
94 0.003718274 0 0 0 0 0 0 0.0006766485 0 0 0 0 0 0 0.004487118 0 0 0 0 0 0 0.002012408 0 0 0 0 0 0 0.0002517139 0 0 0 0 0 0 0.002816954
95 0.001768063 0 0 0 0 0 0 0.0002611045 0 0 0 0 0 0 0.004124462 0 0 0 0 0 0 0.000218015 0 0 0 0 0 0 0.0008251543 0 0 0 0 0 0 0.00159914
96 0.0006547665 0 0 0 0 0 0 0.0005479102 0 0 0 0 0 0 0.000849099 0 0 0 0 0 0 0.0001618702 0 0 0 0 0 0 0.005434966 0 0 0 0 0 0 0.0009770697
97 0.002056299 0 0 0 0 0 0 8.873634e-05 0 0 0 0 0 0 0.0007564325 0 0 0 0 0 0 0.004066265 0 0 0 0 0 0 0.002816059 0 0 0 0 0 0 0.0004602954
98 0.0008015703 0 0 0 0 0 0 0.0001814046 0 0 0 0 0 0 0.001034231 0 0 0 0 0 0 0.002622205 0 0 0 0 0 0 0.002056052 0 0 0 0 0 0 0.001099947
99 0.0009626246 0 0 0 0 0 0 0.0003888383 0 0 0 0 0 0 0.0009835876 0 0 0 0 0 0 0.001024449 0 0 0 0 0 0 0.005550186 0 0 0 0 0 0 0.005494399
100 0.0001449071 0 0 0 0 0 0 0.0008817609 0 0 0 0 0 0 0.0003465205 0 0 0 0 0 0 0.001006544 0 0 0 0 0 0 0.0005737938 0 0 0 0 0 0 0.004727113
