1 0.0001944117 0.0001646954 0.0002363601 9.907659e-05 0.0001380837 0.0005295221 8.624091e-05 0.0002398319 0.0005364732 0.0003134635 0.0002904077 0.0001220555
2 2.63803e-05 9.90738e-05 0.0008850958 5.777244e-05 0.0001016863 0.0003629481 0.0002293071 0.000155307 0.0005986599 8.586006e-05 7.983078e-05 0.0007230347
3 0.0001564627 6.399164e-06 0.000550176 9.874058e-05 0.0001814458 6.09463e-05 0.0005543801 0.0006404491 0.0007669681 0.000927385 8.550393e-05 0.0001058566
4 0.0002685144 1.596907e-06 0.0003305081 0.000124329 0.0008123033 0.0004608099 0.0004225957 2.859676e-05 0.001231927 0.0001905941 0.0005032041 8.893319e-05
5 0.0007711949 5.746738e-06 6.34754e-05 0.0001064933 8.348731e-05 6.861437e-05 0.00104865 9.197088e-05 0.0004071975 0.0001402361 0.0002527938 0.0006905832
6 0.0007247673 0.0002998032 0.000135821 3.204787e-05 8.244856e-05 0.0004417922 0.0002346004 0.0001527497 0.001325078 0.0001362224 0.000587159 0.0008672783
7 0.0005621005 0.0001754833 0.0001674309 0.0001397812 8.984212e-05 0.0001082888 0.0003457829 9.846603e-05 0.0002093831 0.00032705 3.37674e-05 0.0008584769
8 0.0001448081 3.060293e-05 0.0001227991 7.715466e-05 0.0003068162 0.0001869146 0.0004650472 0.0001493195 0.0009418245 0.0006522815 2.886001e-05 0.002141406
9 0.0001358861 1.895321e-06 0.0001180908 0.0001299614 0.0001377775 0.0004929742 0.0007034039 0.0004493553 0.001226328 0.0007808449 4.742357e-05 0.0005900472
10 0.0004787578 4.34908e-05 0.0002651902 0.0001111927 0.0003993746 0.0001754664 0.0001132468 0.0001174954 0.001207894 7.574144e-05 0.0003445184 0.0003399483
11 9.564324e-05 5.673435e-05 0.0001359236 0.0002261955 0.000169551 0.0003605479 2.904415e-05 6.501773e-05 0.0001159323 0.0002969724 1.062509e-05 0.001169874
12 0.0003281429 2.1403e-05 0.0004101132 0.0001392342 0.0002520617 0.0001572758 0.0001535587 0.0003194076 0.000339837 0.0004226549 2.40064e-05 0.0001563942
13 0.0005346413 0.000178433 0.0001316792 0.0001311376 9.146833e-05 0.0005295172 0.0001445354 9.225635e-05 0.0001107194 0.0004032334 0.000521177 0.001226883
14 0.0003828901 1.774925e-05 9.003069e-05 6.264033e-05 0.0003230784 0.0002098485 0.0002849999 0.0001053603 0.0001712974 0.0001417197 0.0002306856 0.0007898919
15 0.0001007773 3.768302e-05 0.0004422407 9.270301e-05 0.0001896768 0.000411243 0.0003579901 8.381125e-05 0.0003688311 0.0003113957 6.067024e-05 0.0009222584
16 0.0001811917 3.534455e-05 0.0001415665 5.322996e-05 0.000275585 0.0001293907 7.009864e-05 7.982691e-05 0.000823243 0.0002350072 0.00033437 0.0003943318
17 0.0005242571 7.909127e-05 5.070855e-07 6.48775e-05 0.0003751133 0.0006243071 0.0005971197 0.00012877 0.001233284 0.0001825388 0.0005323746 0.0001303598
18 0.0001674028 0.0003083731 0.0001578819 0.0002735064 2.300574e-05 0.0002137823 6.443423e-05 0.0001401063 0.0006454112 7.661657e-05 0.0003444217 0.001453296
19 0.0004744182 4.879548e-05 0.0009894832 0.0001267902 0.00016392 0.0002853174 0.0007695108 8.505271e-05 0.000399696 0.0002976334 0.0008350126 0.0008360691
20 0.0001703046 0.0002392818 0.0001464446 0.0002677134 0.0004899419 0.0004904717 0.0002841072 0.000224003 0.001028254 0.0004020692 0.0003271581 0.0002598002
21 6.974548e-05 8.747948e-05 0.0002759073 0.0003074294 0.0002702184 0.0005869083 0.0004948656 0.0001186659 0.001730756 0.0001075 0.0003672685 0.0007563284
22 0.0002857337 0.0001705862 0.0001502087 7.149034e-05 0.0001898731 0.0002652092 0.0009871445 0.000153681 0.0006499177 1.330282e-05 0.0003644681 0.0009756329
23 0.0007041353 8.890021e-07 0.0004757221 0.0002116649 0.0005065187 0.0003881473 0.0004117976 0.0003579785 0.0001295367 1.52509e-05 0.001149121 0.0001444986
24 3.874798e-05 7.106963e-05 0.0007194619 0.0002027711 0.0002044075 0.0004672297 0.001543187 0.0001858767 0.001214684 0.000233397 0.0006974003 0.0001053159
25 3.245826e-06 0.000119305 0.000135228 0.0001790884 0.0001373592 0.0001538759 0.0008631564 1.352459e-05 0.001073532 0.0001168207 0.0001331488 0.0002801526
26 0.0002477767 6.464623e-05 0.0001191845 7.794801e-05 0.0003168143 7.341408e-05 6.396715e-05 0.0002894983 7.693848e-05 0.0006552088 0.0003266523 0.001339341
27 2.263666e-05 0.0001921924 0.0001150323 0.0002814389 0.0002479674 9.317987e-05 5.552541e-05 0.0001752997 0.001164188 0.0005609765 0.0002290246 0.0007149532
28 0.0003330175 0.0001543229 0.0001698453 4.492338e-05 0.0003490179 0.0001682313 0.0007286443 8.519137e-05 0.0008744464 4.871313e-05 0.0005927539 0.0005441742
29 0.0001725842 0.0001167694 0.0001329273 4.582653e-05 0.0005906825 0.0002297605 0.0007885585 0.0001073075 0.0002456528 0.0002600107 0.001110899 0.0002132255
30 0.0001408861 0.0003193063 8.500858e-05 5.854745e-05 8.029809e-05 0.001058044 0.0009879516 0.0003541176 0.0006673559 0.0003799999 0.0002176411 0.0005861563
31 0.000526761 4.611455e-05 3.749376e-05 0.0003252245 0.0006180168 9.175394e-05 0.0008365595 0.0001578033 0.0008747438 0.0003748372 0.0001958481 0.0002506083
32 0.0002066372 9.298764e-05 3.12384e-05 7.071417e-05 0.0001594127 0.0002590179 0.0008860155 3.726991e-05 0.0002449809 0.000182991 0.0001775731 0.001353878
33 0.0002207809 2.536186e-05 0.0004819428 0.000215866 0.0009455862 0.0001900291 0.00121151 0.00020721 0.0002552471 0.0003580864 0.0006445128 0.0008643389
34 0.0002167142 6.918046e-05 0.0001977634 0.0003734087 0.0006950199 0.000588485 0.000722715 0.0004011821 0.0007298564 0.000511932 0.0003206274 0.0007786197
35 0.000459686 0.0001818754 0.0002298688 1.697273e-05 0.0003972186 0.0005215037 0.0001613649 0.0001622804 0.0001978766 0.0002140014 0.0004462222 0.001346859
36 0.0006910294 0.0001161146 0.0005167086 0.0003993811 0.0003469917 0.0005431832 0.0005296827 0.0002608713 0.0009642108 0.0001562975 0.0007381283 0.0004827335
37 0.0004010554 0.0002145295 1.045228e-05 2.195038e-05 0.000367922 2.101073e-05 0.0003662699 4.982404e-06 9.077823e-05 0.0002936609 0.0001619344 0.000611535
38 5.080367e-05 9.254004e-05 0.0001220352 0.0001021226 2.2985e-05 0.000397947 0.0005185688 0.000159276 0.0002469369 6.594334e-05 0.0002425987 1.44018e-05
39 5.866869e-05 9.662178e-05 0.0003160475 0.0002097212 0.000169925 0.0007003609 0.0002457594 0.0004942143 0.0006072073 0.0007344383 0.0008324884 0.0003570865
40 0.0002658594 0.0003048359 3.409156e-05 8.75505e-05 0.0007124764 0.0001604359 0.0002707131 5.432757e-05 0.0006573413 0.000127852 5.203464e-05 0.0001940194
41 0.0005190296 2.812964e-05 0.0001461668 0.000421803 0.0003617762 0.0003631614 0.0003846352 0.0003212515 0.0009029528 0.0004906568 0.0003354015 0.0001171668
42 0.0005043554 0.000147182 0.0004813821 7.318169e-07 0.0001456119 0.0001620579 3.257381e-05 0.0003252859 0.000451553 5.887206e-05 0.0004574895 0.001337743
43 0.0006468443 3.150198e-05 0.0002715812 0.0002717908 0.0004800392 0.0002392729 0.001054477 0.0003468061 0.0004908426 0.0005864078 0.000250842 0.000187661
44 0.0001678462 8.000904e-05 0.0002485053 0.0002410049 3.769632e-05 0.0004567028 0.0006502412 0.0002889079 0.001086018 0.0002487024 0.0001927359 0.0002111123
45 0.0001956293 6.779415e-05 3.526275e-05 0.0001705807 7.270306e-05 3.375033e-06 1.770797e-05 0.0003508129 1.250522e-05 0.0001936561 0.0003123575 0.0001900109
46 0.0004298222 8.158379e-05 4.315958e-05 0.0001156095 0.000181587 0.0005083427 0.001071477 0.0003063648 2.447997e-05 0.001054038 0.0001545085 0.001432799
47 0.0005138528 5.522777e-05 0.000666081 0.0001534387 0.0001568134 0.0001813669 1.340248e-06 0.000358039 0.0003777417 0.0002104568 0.0001213989 0.0007689152
48 0.0002387837 9.485533e-05 0.0003013955 0.0003414677 0.000371616 0.001281773 0.0004285138 7.301412e-05 0.0006944975 0.000480566 0.0004689125 0.0008059322
49 1.362219e-05 4.363497e-05 9.780052e-05 0.0001335381 0.0003501269 3.40146e-06 0.0001886633 0.0002475503 0.000377446 0.0002436496 0.0007594549 0.0009767614
50 0.0001799754 1.559469e-05 0.0004068424 0.0001131256 0.0002056962 0.0001613049 0.0004764655 0.0001337235 0.001056302 0.0007590679 0.0003356701 0.001392602
51 0.0002900866 0.0001180932 0.0004262431 7.624758e-05 0.0002144656 0.0003643446 0.0001617104 0.0001202587 0.000125055 5.396943e-05 0.000391677 0.0005796287
52 0.0003134146 5.549208e-05 4.637311e-05 0.0001266467 0.0004128031 0.000557328 2.675729e-05 0.0003056064 0.0003412855 8.881631e-05 0.0004594656 0.0007260974
53 0.0003680072 0.0003408279 0.0006617871 0.0001930048 0.000452313 0.0001734846 0.0008459406 0.0001118802 0.0001507231 0.0003509417 0.0003491113 0.0005812386
54 0.00026432 0.0001903328 0.0001048392 0.0001888328 0.0001803552 0.0001256269 0.0005703751 0.0003845799 0.0003519264 0.0003480386 0.0006049109 0.0003510136
55 0.00033407 3.530752e-05 0.0004950576 0.0002128216 0.0004382837 0.0005777339 0.000371433 0.0001251877 0.0006684289 0.0001019173 0.0002600565 0.00075209
56 2.529222e-05 0.0002088212 0.0001051139 0.0003182062 0.0004189343 0.0008019908 0.0005810171 7.317114e-05 0.0005164883 0.000197517 0.0001900611 0.000400569
57 0.0002090147 2.524102e-05 0.0004098292 0.0001783097 0.0006773338 0.0002270328 0.0005570479 0.0001023366 0.000135612 0.0004415571 0.001288415 0.0005388386
58 0.0004525137 0.0002392116 0.0002239272 9.382125e-05 0.000563663 0.0002610016 0.0006739057 0.0001102731 0.001102947 4.061724e-05 0.001814604 0.001024498
59 4.770018e-05 5.267421e-07 0.0001639456 0.0001166793 0.0001435602 0.0001128811 0.0001549377 0.0002405591 5.746092e-05 0.0001308008 0.0006486439 0.0008892644
60 0.0005802609 5.639609e-05 0.000835173 0.0001864244 0.0003730303 4.680931e-05 0.0004676532 0.0002350846 0.0001611145 0.0006365692 8.435823e-05 0.001675158
61 0.0001569569 6.976203e-05 0.0005251732 0.000173053 0.0004717885 2.524078e-05 4.970414e-05 2.402874e-05 0.001215666 0.0001947868 0.0001983775 0.001084471
62 0.0006083735 1.66064e-05 0.0001427244 6.937949e-05 0.0004071396 0.0001780843 0.0007469251 1.279342e-05 2.039125e-05 0.0001405849 0.0003439474 0.0007324544
63 6.245797e-05 5.079763e-05 0.0008533076 2.552256e-07 5.415036e-05 0.0004228081 9.869693e-05 0.0001435634 0.0002246882 0.0003093307 0.0001242239 0.00056093
64 0.0002053399 0.0002066721 5.896401e-06 8.792101e-05 0.0005894801 0.0007057069 6.361784e-05 0.0003549956 0.0008983451 0.0005521118 0.0004610481 0.0001353597
65 0.001085149 0.0002326354 0.000240344 0.0006946178 0.0006541928 0.0003862383 0.001498351 0.0004773593 0.0001698309 0.0002515507 0.0009538542 0.0001434486
66 0.0001593629 7.371258e-05 6.607134e-05 0.0001023906 0.0003569184 0.0003997074 0.001078986 0.0002012957 0.000162778 0.0004232195 0.0005034998 0.0001248836
67 0.0002859769 0.0001584052 0.0002254901 0.0002633117 0.0001335999 0.0002826074 0.0004134034 2.947706e-05 0.0007016395 0.0005510761 0.0005728007 0.001855954
68 0.0004080469 2.134593e-06 0.0007257454 0.00018262 0.0003923852 0.0003629718 0.001214468 6.842942e-05 0.001209961 0.0004021504 0.000191422 0.0006477736
69 6.840867e-05 0.0002656676 0.000236465 7.31044e-05 0.0002083803 0.0005320528 0.0001341032 3.341498e-05 0.001010151 0.000150369 0.0006761461 0.001128844
70 0.0003418738 7.894037e-05 0.0002773181 0.0001372504 0.000255571 0.0003756442 0.0009738094 0.0001407769 0.0001996384 0.000259481 2.364302e-07 0.0004523923
71 0.0001711385 0.0001026996 0.0003345889 3.581412e-05 0.0003086449 0.0001530796 0.0005738886 7.226218e-05 7.517235e-05 0.0005013725 0.0001867465 0.000716377
72 0.0002736477 6.380976e-05 0.0005392618 1.853164e-05 0.0004170881 0.000109077 5.935662e-05 0.0001400773 0.001420349 5.217789e-06 0.0004076704 0.0005738764
73 0.0004140984 0.0001220109 0.0002614608 0.00022608 0.000160696 3.963419e-05 0.0002356691 6.195461e-05 0.001563081 2.061036e-05 0.000430078 0.00107561
74 7.387433e-05 4.7566e-05 0.0003140225 8.700235e-05 0.0005354847 0.000922093 0.0006519231 5.47458e-05 0.0001207123 0.0002442391 0.0003520733 0.0004074051
75 0.0005378321 0.0001013706 0.0001667194 0.0002068156 9.90667e-05 0.000263514 4.058832e-05 6.264585e-05 0.00105622 0.0004242095 0.0002986341 0.0007972565
76 0.0008224798 0.0005748801 0.0001671761 0.0001067721 0.0007048124 0.0001837974 0.0002044816 7.258011e-05 0.0008824528 9.09562e-05 0.0005429055 0.0002001983
77 0.0001670177 4.942817e-05 0.0005278535 4.788952e-05 0.0003114267 0.0003311529 0.0006085893 0.0002758602 0.001081209 0.0001793653 6.375218e-05 0.001557207
78 0.0001728172 0.000282777 0.0006878248 0.00019573 0.0003566888 0.0003899673 1.115669e-05 0.0002400833 0.0002857078 2.188665e-05 0.0006233232 5.165184e-05
79 0.0002595687 0.0002470413 0.0001878938 0.0005387308 5.948622e-05 0.0006030293 0.0002005259 0.0001255681 0.000563316 0.0001781864 0.0004807729 0.0005913238
80 0.0002794244 7.323274e-06 2.020691e-05 0.0001273076 7.719152e-05 0.0002090055 0.0001450799 0.0005596808 0.001252891 0.0008656578 0.0002154225 0.0009519436
81 0.0003196488 1.551757e-05 0.0001649357 0.0001396706 0.0001011177 2.140652e-05 0.0001222259 0.0003642165 0.001640269 0.0002467458 0.0007643398 0.00226157
82 0.0003869376 1.013667e-05 0.0001439002 6.638611e-05 7.212508e-05 0.0003333747 0.0006863521 0.0002326312 0.0004755541 0.0006354526 0.0006394711 8.540557e-05
83 0.0004952462 1.122544e-05 0.0001074299 4.292134e-05 7.874852e-06 0.0001939796 0.0005684107 8.579015e-05 0.001239786 0.0002145403 0.0001252451 0.001020316
84 0.0007590852 0.0001242117 9.081966e-06 7.033141e-05 5.711299e-05 0.0009337808 0.0005233835 0.000349623 4.415859e-05 9.102451e-05 0.0003101667 0.0005297679
85 0.0001802405 0.000158907 0.0005612172 0.0003408695 0.0007370822 6.503043e-05 0.001320392 0.000119655 0.0002311463 0.0003842275 0.0008769051 0.0006810329
86 3.816845e-05 8.387494e-05 0.0003703156 0.0002160244 0.0001791243 0.000636423 1.246591e-05 1.18977e-05 0.000658842 2.976508e-06 0.0006270533 0.0008303829
87 6.991043e-05 7.936129e-05 0.0001450537 1.130535e-05 0.0001388449 8.438918e-05 0.0008683153 5.99883e-05 0.0002595737 6.758401e-05 9.669841e-05 0.0006379044
88 0.0003737831 7.785136e-05 0.0002869794 3.577584e-05 4.301855e-05 0.0002691762 0.0005760158 5.919669e-05 0.0003483306 9.688112e-05 0.0003736716 0.0005427575
89 0.0005048314 0.0001092868 1.973026e-05 0.0003659307 5.46827e-05 0.000985655 0.0008743486 8.998643e-05 0.0003916568 9.873475e-05 0.0002318679 0.0005656039
90 9.878556e-05 7.954816e-05 0.0004644879 8.569876e-05 0.0002497021 6.45697e-05 0.0002008787 1.517535e-05 0.0002581526 0.0001563594 0.0005358383 0.0002018649
91 0.000156025 0.0001595064 0.000282244 0.0002622397 0.0001185293 0.0003172286 0.0001778095 0.0007118948 0.0009367598 0.0002535023 0.0006633471 0.001947369
92 0.0004540848 4.612466e-05 4.918143e-07 0.0001008961 0.0002247507 0.0001027066 0.0002411782 0.0001558462 8.176169e-05 0.0001699493 4.101019e-05 0.000201575
93 0.0003084218 1.060315e-05 7.661644e-05 2.856171e-05 0.0002890778 0.000167455 7.928589e-05 0.000104887 0.0001133256 0.0003702277 1.946227e-05 0.0008190736
94 0.0008840023 5.239862e-05 0.0003600936 0.0003473214 0.0006395722 1.784621e-05 0.001033116 0.0004283027 0.0004029693 0.0002254066 0.001649953 0.0005587725
95 0.000149665 8.874066e-05 8.241221e-06 0.0001218215 0.0002669408 2.949085e-05 0.0005565168 8.9747e-05 0.0002138461 0.0003764938 0.0004569048 0.001132937
96 1.161735e-05 5.774437e-05 0.000121605 0.0003312108 0.00040077 0.0004316851 3.543174e-05 0.0004536498 0.0003186609 0.0004434117 0.001069431 0.0009286336
97 0.0005058488 0.0003019504 0.0005745053 0.0001768272 0.0004707242 7.909813e-05 8.902181e-05 0.0001061075 0.0001515344 1.866112e-05 0.000443916 0.0005597696
98 0.0002481871 0.0002162521 0.0001216499 0.0001299455 0.0001257479 0.0002358747 0.0001141538 0.0006473227 0.0005523119 9.219065e-05 0.0007734718 0.002292455
99 0.0001543209 3.625979e-05 0.0003073906 0.0001439165 0.0001669655 0.0002544316 0.0002613905 0.0006068019 0.0001675845 0.0005960664 4.227815e-05 0.0002138936
100 9.100016e-05 0.0001167074 8.071141e-05 0.0001127584 3.613131e-05 1.304857e-05 0.0004358874 0.0001851695 0.001114757 0.0001813236 0.001329607 0.001174272
