1 0.002355686 0.0005865707 0.001769116
2 0.001426743 1.412368e-05 0.001412619
3 8.458345e-05 0.0002602027 0.0003447862
4 0.0006541194 4.67419e-05 0.0006073775
5 0.0002809167 0.0005277012 0.0008086178
6 0.0005901003 0.0002620338 0.0003280665
7 0.0009271857 1.876659e-05 0.0009084191
8 0.002288014 6.567628e-06 0.002294582
9 0.001456686 6.303745e-05 0.001519723
10 0.002449987 0.001108456 0.003558443
11 2.234595e-05 0.0004119483 0.0004342943
12 0.000280201 3.175859e-06 0.0002833769
13 0.0007998587 0.000544316 0.001344175
14 0.0004034924 0.0001181861 0.0005216785
15 0.002622769 0.0003327797 0.002955549
16 0.001039503 1.211849e-05 0.001051621
17 0.0001178091 0.0005210278 0.0004032187
18 0.001266077 0.000725252 0.0005408251
19 0.001904925 0.0004156321 0.002320557
20 0.001196552 7.398726e-05 0.001270539
21 0.002004804 0.0001165145 0.00188829
22 0.001194186 0.0002789484 0.0009152375
23 0.00294022 1.311012e-05 0.00295333
24 0.0005195667 9.42276e-05 0.0004253391
25 0.001399879 6.667817e-05 0.001333201
26 0.001805307 0.0004835287 0.001321778
27 0.001542544 0.0003430843 0.001885628
28 0.0039577 2.238061e-05 0.00393532
29 0.002282722 0.0002153898 0.002067333
30 0.0009762159 0.0009364482 0.001912664
31 0.001037752 0.0005035401 0.0005342114
32 0.002299004 0.0003555677 0.002654572
33 0.001260043 0.0001376335 0.001397676
34 0.0007637311 1.330438e-06 0.0007650615
35 0.002057249 0.0001730932 0.002230343
36 0.001904577 3.060151e-05 0.001873975
37 0.0009254223 0.0002344759 0.001159898
38 0.0005768039 4.822689e-05 0.0006250308
39 0.001013477 0.0001546573 0.0008588198
40 0.0005232601 0.001003769 0.001527029
41 0.0009095826 0.0002405623 0.001150145
42 0.000293408 6.625618e-05 0.0003596642
43 0.003288197 0.00040018 0.003688376
44 0.001166098 0.0003481002 0.001514198
45 0.0003588994 0.0003785623 0.0007374617
46 0.0004145174 0.0001210554 0.0005355728
47 0.001399013 0.0003077381 0.001091275
48 0.004997793 0.0003722351 0.005370028
49 0.001738929 0.0004297264 0.002168655
50 0.001369001 4.71226e-06 0.001364288
51 0.001565431 0.000314008 0.001251423
52 0.002927023 0.0007001575 0.003627181
53 0.002099819 0.0002364661 0.002336285
54 0.003614877 1.393084e-05 0.003628808
55 0.00044653 1.971213e-06 0.0004485013
56 0.001028974 0.0003458663 0.001374841
57 0.000601645 0.000158112 0.000759757
58 0.002252007 5.825058e-05 0.002310258
59 0.001421339 0.0002410885 0.00118025
60 0.003250646 0.0003718082 0.002878837
61 5.878224e-05 2.784478e-05 3.093746e-05
62 0.001784565 0.0002077236 0.001576842
63 0.001746114 0.0006091719 0.001136942
64 0.0006695176 0.0005157634 0.0001537542
65 0.001736497 0.0007125677 0.002449065
66 0.001459902 4.603755e-05 0.001413864
67 0.0001788976 0.0003201297 0.0001412321
68 0.001873492 9.92144e-05 0.001972706
69 0.0001449506 0.0007019681 0.0008469187
70 0.0004631503 2.703278e-06 0.0004658536
71 0.001105602 1.160318e-05 0.001093998
72 0.002926822 0.0001155133 0.002811308
73 0.001852165 0.0001723468 0.002024511
74 0.0001887295 4.356969e-05 0.0001451598
75 0.0004246194 8.946401e-05 0.0003351554
76 0.001908679 0.0001666067 0.001742073
77 0.0008926405 0.0001283108 0.0007643298
78 0.001283618 1.325748e-05 0.00127036
79 0.003496726 0.0009609003 0.004457626
80 0.003450204 7.642068e-05 0.003373784
81 0.001346775 0.0007916328 0.0005551421
82 0.0006681861 0.0002464515 0.0004217347
83 0.003283903 7.965575e-05 0.003204247
84 0.000984704 1.412507e-05 0.0009988291
85 0.0006589639 2.18611e-05 0.000680825
86 0.002589163 0.0005140926 0.003103256
87 0.0009657161 7.493884e-06 0.0009582222
88 0.002057149 0.0009279385 0.00112921
89 0.0039116 3.600809e-05 0.003875592
90 0.002786715 8.42631e-06 0.002795142
91 0.003380209 0.0005465888 0.00283362
92 0.00481419 2.915093e-05 0.004843341
93 0.003965389 2.901411e-05 0.003994403
94 0.00092803 4.516004e-05 0.0008828699
95 0.001421871 0.0005935461 0.002015417
96 0.001909751 0.001004957 0.002914708
97 0.0009821788 7.693069e-05 0.001059109
98 0.001555463 0.0001857819 0.001369681
99 0.0002302065 0.0007347037 0.0009649102
100 0.0006677619 9.550008e-06 0.0006582119
