1 0.003006464 0.002318438 0.0006880266
2 0.001970114 0.003100206 0.001130092
3 0.0009303509 0.0003411546 0.0005891962
4 0.003717361 1.038932e-05 0.00372775
5 0.003180473 1.791685e-05 0.003162556
6 0.00675996 2.968068e-05 0.006789641
7 0.006879922 1.001237e-05 0.00686991
8 0.005800963 9.737894e-06 0.005810701
9 0.005759673 2.550685e-07 0.005759418
10 0.002098973 0.003286633 0.001187659
11 0.00775984 2.677136e-05 0.007786612
12 0.001663627 7.427602e-07 0.001662884
13 0.00868145 0.001099605 0.007581845
14 0.002027116 1.474528e-05 0.002012371
15 0.003596679 1.588824e-06 0.003598268
16 0.002078554 1.530259e-05 0.002093856
17 0.01455698 0.0001440838 0.0144129
18 0.001525681 6.000713e-05 0.001585688
19 0.001337721 0.002340019 0.001002298
20 0.007289446 7.525582e-06 0.00728192
21 0.00828481 0.00290485 0.01118966
22 0.001263236 4.96205e-06 0.001258274
23 0.003321725 0.0003743264 0.003696052
24 0.002553939 1.377196e-07 0.002553801
25 0.004851046 3.137544e-06 0.004854184
26 0.005816591 1.967879e-05 0.00583627
27 0.003648647 4.148656e-05 0.003607161
28 0.005206412 0.0001782574 0.005028155
29 0.002381329 8.052745e-07 0.002380524
30 0.01008517 0.0001874176 0.01027259
31 0.0009839688 0.0003035745 0.001287543
32 0.004584256 4.575584e-07 0.004584714
33 0.0002864102 0.0001921114 0.0004785216
34 0.003959571 6.463792e-06 0.003953107
35 0.003500578 3.142582e-06 0.003497436
36 0.002949162 0.001157549 0.001791613
37 0.0001955187 2.302323e-07 0.0001952885
38 0.007921726 6.592183e-07 0.007921067
39 0.006867361 7.938466e-06 0.0068753
40 0.006131309 1.142902e-07 0.006131195
41 0.002964092 0.0019556 0.001008492
42 0.005767338 0.002645978 0.008413316
43 0.001478992 0.001177851 0.002656843
44 0.0007083168 0.003322285 0.004030602
45 0.003595484 2.333435e-05 0.00357215
46 0.0080027 2.033781e-05 0.007982362
47 0.007873065 0.001702716 0.006170349
48 0.0088262 0.003310167 0.01213637
49 0.002393826 0.001659457 0.0007343694
50 0.0009220127 0.0006222201 0.001544233
51 0.001204943 2.134729e-07 0.00120473
52 0.004514449 1.057202e-05 0.004503877
53 0.001523603 8.257273e-06 0.00153186
54 0.005045249 2.151834e-05 0.005066767
55 0.004495913 1.042822e-06 0.00449487
56 0.0009749806 6.513084e-06 0.0009814937
57 0.002534972 0.002289139 0.000245833
58 0.002085997 0.002584087 0.0004980908
59 0.00142361 1.112863e-05 0.001412481
60 0.005295633 1.644317e-08 0.005295649
61 0.004312108 2.396954e-05 0.004288139
62 0.00291581 0.003407859 0.006323669
63 0.005177261 1.965561e-06 0.005179226
64 0.0002378076 6.769001e-07 0.0002384845
65 0.0002917302 3.28149e-06 0.0002950117
66 0.005157915 2.132908e-06 0.005155782
67 0.008345051 2.036082e-05 0.008365411
68 0.00218887 3.063059e-06 0.002191933
69 0.01546762 8.899516e-05 0.01555662
70 0.00283504 0.0001068494 0.002941889
71 0.01175985 5.179238e-07 0.01175933
72 0.005842762 0.0001893943 0.006032156
73 0.002910953 4.338011e-05 0.002867573
74 0.008281496 0.0002142751 0.008495771
75 0.001310185 1.730995e-05 0.001292875
76 0.01271738 5.868539e-05 0.0126587
77 0.01340765 3.707763e-07 0.01340727
78 0.003624249 1.205968e-05 0.003612189
79 0.006726789 2.595322e-06 0.006724194
80 0.00568209 3.092856e-05 0.005651162
81 0.003873649 8.124123e-05 0.00395489
82 0.003862378 5.926764e-06 0.003856452
83 0.001789656 3.686776e-05 0.001752788
84 0.0132996 2.535062e-05 0.01327425
85 0.01001403 0.0001181282 0.009895898
86 0.002840172 3.841936e-06 0.002844014
87 0.0007451617 0.00245575 0.003200912
88 6.524057e-05 2.108356e-05 4.415701e-05
89 0.001542858 4.336154e-05 0.001586219
90 0.009513147 0.0008834976 0.01039664
91 0.0005599778 9.863943e-06 0.0005698417
92 0.0001528981 0.001726886 0.001573988
93 0.004047438 7.376665e-06 0.004054815
94 0.01148718 9.378365e-08 0.01148727
95 0.00392125 4.741368e-06 0.003916509
96 0.002920626 9.544925e-07 0.002919672
97 0.00541749 5.39463e-05 0.005363544
98 0.004076094 3.173529e-05 0.004044359
99 0.0008256773 7.924938e-05 0.0009049267
100 0.008597797 6.313178e-06 0.008591484
