1 0.1373121 0.07466433 0.07466433 0.1349182 0.4259427 0.2219141 0.2219141 0.5091629 0.1535452 0.3373083 0.3373083 0.3119389
2 0.08797601 0.03181231 0.03181231 0.1657539 0.60544 0.1051546 0.1051546 0.7170659 0.1541159 0.1598675 0.1598675 0.209678
3 0.06258628 0.017046 0.017046 0.06779149 0.1435794 0.08858294 0.08858294 0.1029274 0.1964307 0.1363498 0.1363498 0.5846234
4 0.3483754 0.1981318 0.1981318 0.3495724 0.2452949 0.01624668 0.01624668 0.09284473 0.3561053 0.2952537 0.2952537 0.01345756
5 0.03419141 0.05246251 0.05246251 0.2042181 1.192229 0.9148494 0.9148494 0.1390408 0.2908784 0.3787007 0.3787007 0.2927539
6 0.07098019 0.2245805 0.2245805 0.4436117 0.06152503 0.3408749 0.3408749 1.07622 0.2560313 0.03967677 0.03967677 0.09731493
7 0.07015066 0.03302667 0.03302667 0.286203 0.3563388 0.01800594 0.01800594 0.005980147 0.424784 0.09146408 0.09146408 0.02282174
8 0.1390996 0.3243847 0.3243847 0.6390291 0.6351347 0.3538579 0.3538579 0.5864681 0.3268849 0.359488 0.359488 0.09476949
9 0.09955477 0.2823063 0.2823063 0.1788202 0.3843426 0.152328 0.152328 0.02344623 0.3889238 0.3883075 0.3883075 0.06304328
10 0.1229724 0.02620102 0.02620102 0.2279403 0.2432667 0.01710131 0.01710131 0.3032253 0.2646726 0.3142661 0.3142661 0.3246309
11 0.3413365 0.08986545 0.08986545 0.1824364 0.08562506 0.3962927 0.3962927 0.5509799 0.03427068 0.1847765 0.1847765 0.2792007
12 0.07269425 0.09148446 0.09148446 0.2002905 0.3975332 0.1270947 0.1270947 0.1643477 0.3410949 0.1096033 0.1096033 0.2938971
13 0.1060981 0.03929193 0.03929193 0.041636 0.2953894 0.2347612 0.2347612 0.3604514 0.2674153 0.06345469 0.06345469 0.5073526
14 0.201524 0.02935387 0.02935387 0.1104698 0.5136807 0.1355839 0.1355839 0.06483271 0.2093518 0.01447417 0.01447417 0.4019848
15 0.1195935 0.1816297 0.1816297 0.09242291 0.4539478 0.1866415 0.1866415 0.0765032 0.1700033 0.1325842 0.1325842 0.04448554
16 0.1853051 0.06029415 0.06029415 0.1549725 0.6978429 0.2510675 0.2510675 0.1243609 0.2170981 0.06000974 0.06000974 0.2762797
17 0.1322539 0.1538095 0.1538095 0.05077926 0.3668383 0.1125296 0.1125296 0.6618449 0.1990052 0.08651249 0.08651249 0.6240226
18 0.04622866 0.2480908 0.2480908 0.3621712 0.4774053 0.2057667 0.2057667 0.3402976 0.1052003 0.07070581 0.07070581 0.2692362
19 0.1724399 0.09958217 0.09958217 0.2427778 0.3634768 0.01570037 0.01570037 0.02683554 0.1006477 0.2639597 0.2639597 0.003437089
20 0.1354963 0.09038716 0.09038716 0.008617004 0.241055 0.2545471 0.2545471 0.3488045 0.04477288 0.2742102 0.2742102 0.5152012
21 0.2173448 0.02011754 0.02011754 0.1160465 0.5594974 0.009488293 0.009488293 0.1281716 0.1517459 0.0606241 0.0606241 0.02438496
22 0.04569739 0.116204 0.116204 0.1806913 0.2524668 0.468161 0.468161 1.36005 0.03622994 0.1185164 0.1185164 0.4091968
23 0.2668131 0.02708514 0.02708514 0.3082894 0.6823715 0.1410895 0.1410895 0.393053 0.1897755 0.203435 0.203435 0.5239342
24 0.07524474 0.1095375 0.1095375 0.03457655 0.1414949 0.08823842 0.08823842 0.292461 0.500696 0.2193233 0.2193233 0.1716492
25 0.06705198 0.07164723 0.07164723 0.2692694 0.8417761 0.4117676 0.4117676 0.3246419 0.3225643 0.1360092 0.1360092 0.2348823
26 0.1323878 0.07485443 0.07485443 0.2003057 0.2064975 0.02278824 0.02278824 0.1211742 0.04685987 0.04862158 0.04862158 0.003167141
27 0.1676784 0.08885567 0.08885567 0.05589092 0.05181985 0.170775 0.170775 0.1289129 0.09547115 0.1005053 0.1005053 0.1948189
28 0.0994465 0.1367861 0.1367861 0.08651407 0.09823821 0.04161332 0.04161332 0.1183555 0.3742622 0.01441201 0.01441201 0.1710116
29 0.05505188 0.2004089 0.2004089 0.1310144 0.7884264 0.1017285 0.1017285 0.01259215 0.1102209 0.007208526 0.007208526 0.1332725
30 0.1114537 0.05139815 0.05139815 0.2180543 1.381748 0.3725421 0.3725421 0.6948771 0.004968353 0.123061 0.123061 0.316512
31 0.2087547 0.00398748 0.00398748 0.03494264 0.6329269 0.4602522 0.4602522 0.2834487 0.4626747 0.03524987 0.03524987 0.386855
32 0.1510154 0.05996039 0.05996039 0.2261956 0.1029539 0.02506839 0.02506839 0.2335139 0.2859328 0.3153422 0.3153422 0.1792884
33 0.1287268 0.0442565 0.0442565 0.05717044 0.8032555 0.02493337 0.02493337 0.2336874 0.1757018 0.0398186 0.0398186 0.2898638
34 0.2550491 0.0386395 0.0386395 0.1905505 0.3793865 0.1717965 0.1717965 0.07549328 0.61609 0.03190957 0.03190957 0.726733
35 0.1518879 0.1543093 0.1543093 0.0497001 0.6794984 0.1516506 0.1516506 0.586805 0.01318551 0.1570881 0.1570881 0.2520924
36 0.09943176 0.05379992 0.05379992 0.08670837 0.4077013 0.08956819 0.08956819 0.2109468 0.3557337 0.1386439 0.1386439 0.04264637
37 0.2908413 0.1357013 0.1357013 0.3179775 0.07917034 0.1675087 0.1675087 0.09081292 0.6453187 0.06953763 0.06953763 0.6967372
38 0.4615023 0.1432211 0.1432211 0.2428351 0.3485646 0.6211213 0.6211213 0.7552446 0.3355704 0.1913909 0.1913909 0.4765387
39 0.2473249 0.07478783 0.07478783 0.007067808 0.02151092 0.03677811 0.03677811 0.07931338 0.1120913 0.06090469 0.06090469 0.2730042
40 0.03398342 0.006869927 0.006869927 0.04334969 0.1136622 0.2448572 0.2448572 0.1955236 0.006090544 0.2390216 0.2390216 0.05529668
41 0.2667072 0.07716862 0.07716862 0.03283302 0.4010979 0.2646465 0.2646465 0.2596595 0.2069377 0.1959962 0.1959962 0.5351602
42 0.1664112 0.08469168 0.08469168 0.04180963 0.4278964 0.2660868 0.2660868 0.2860724 0.05756696 0.2271366 0.2271366 0.440417
43 0.06811772 0.08033814 0.08033814 0.1955837 0.2127006 0.09646639 0.09646639 0.1017567 0.5291452 0.2560647 0.2560647 0.1895874
44 0.1311109 0.1351563 0.1351563 0.02816148 0.5289743 0.2070486 0.2070486 0.1051806 0.5536739 0.136124 0.136124 0.5213722
45 0.03793049 0.06469803 0.06469803 0.1105933 0.2356302 0.01265363 0.01265363 0.07303363 0.1027409 0.3617515 0.3617515 0.1495461
46 0.03864908 0.06280802 0.06280802 0.2251883 0.2540706 0.5517594 0.5517594 0.49062 0.4713572 0.1462394 0.1462394 0.3944317
47 0.2968782 0.120834 0.120834 0.1569501 0.214253 0.3684618 0.3684618 0.6286879 0.4648251 0.05111822 0.05111822 0.209945
48 0.1048274 0.1065651 0.1065651 0.06045608 0.4752186 0.1829756 0.1829756 0.4812924 0.3427794 0.3404788 0.3404788 1.19471
49 0.06822136 0.09901591 0.09901591 0.01045587 0.3437988 0.3480744 0.3480744 0.03287549 0.1147403 0.1572197 0.1572197 0.07694725
50 0.1033677 0.01845095 0.01845095 0.06662064 0.08799333 0.104918 0.104918 0.4383191 0.05031081 0.01575709 0.01575709 0.3529245
51 0.1357071 0.07422852 0.07422852 0.2786683 0.3607654 0.07010123 0.07010123 0.1963501 0.331286 0.06877561 0.06877561 0.5455225
52 0.00471813 0.09615011 0.09615011 0.005427196 0.532186 0.1138908 0.1138908 0.1200077 0.09610032 0.08819217 0.08819217 0.2820303
53 0.07150985 0.0005774871 0.0005774871 0.04479203 0.3334896 0.2223463 0.2223463 0.172093 0.239892 0.1493997 0.1493997 0.009866961
54 0.09524266 0.08818924 0.08818924 0.3628334 0.3586843 0.1482965 0.1482965 0.2075797 0.5290348 0.01049508 0.01049508 0.8560976
55 0.2459956 0.1524576 0.1524576 0.2373946 0.3925271 0.03221654 0.03221654 0.3938162 0.001393078 0.05133904 0.05133904 0.2163354
56 0.03260372 0.1110008 0.1110008 0.1424137 0.1926301 0.3504224 0.3504224 0.3613084 0.1177716 0.2370812 0.2370812 0.3000979
57 0.1363977 0.1185652 0.1185652 0.0760374 0.3705758 0.1165096 0.1165096 0.3326571 0.5503748 0.2821161 0.2821161 0.134476
58 0.08913156 0.1039113 0.1039113 0.09681727 0.5144858 0.2821321 0.2821321 0.228055 0.4359271 0.1690602 0.1690602 0.3170936
59 0.0513306 0.0569258 0.0569258 0.0297927 1.258693 0.2698684 0.2698684 0.4954214 0.4423697 0.108747 0.108747 0.2213176
60 0.07621824 0.2251836 0.2251836 0.003719353 0.4702017 0.3085838 0.3085838 0.8388167 0.2815445 0.1149267 0.1149267 0.6596218
61 0.186885 0.1021252 0.1021252 0.1792956 0.1504706 0.2821665 0.2821665 0.4902047 0.2096179 0.120611 0.120611 0.2747453
62 0.3303805 0.04301221 0.04301221 0.031645 1.021146 0.3082094 0.3082094 0.2906332 0.221698 0.3361868 0.3361868 0.601529
63 0.05245142 0.001579346 0.001579346 0.302401 0.2949095 0.5835309 0.5835309 0.02090315 0.3279233 0.1303429 0.1303429 0.2733782
64 0.06194658 0.09649137 0.09649137 0.08282099 0.3356506 0.1441971 0.1441971 0.2074006 0.2534502 0.00712159 0.00712159 0.1440474
65 0.0351447 0.04773089 0.04773089 0.3157688 0.4539632 0.01068876 0.01068876 0.242882 0.3996038 0.1466427 0.1466427 0.2064254
66 0.1933129 0.002263077 0.002263077 0.1200366 1.344082 0.3034098 0.3034098 0.7994392 0.09656332 0.2684736 0.2684736 0.2456696
67 0.01456099 0.01670826 0.01670826 0.3793789 0.05571814 0.01699858 0.01699858 0.8086182 0.3594424 0.09186022 0.09186022 0.007626634
68 0.1513274 0.009220432 0.009220432 0.0568846 0.5084558 0.05145947 0.05145947 0.1516474 0.3701485 0.2356585 0.2356585 0.003009895
69 0.2708804 0.0662287 0.0662287 0.1000489 0.4467539 0.2187765 0.2187765 0.2819134 0.3555772 0.1244376 0.1244376 0.2243804
70 0.08261324 0.05807847 0.05807847 0.09647266 0.1710043 0.1010371 0.1010371 0.7863395 0.1183803 0.05989725 0.05989725 0.2824855
71 0.1793904 0.2570512 0.2570512 0.2192918 0.7642528 0.2055769 0.2055769 0.2924349 0.1156972 0.0295675 0.0295675 0.0547396
72 0.2303242 0.0005657629 0.0005657629 0.1652521 0.4703418 0.1488964 0.1488964 0.1914688 0.1191388 0.3486978 0.3486978 0.6309432
73 0.03627158 0.07312746 0.07312746 0.4012995 0.2170096 0.04741477 0.04741477 0.215173 0.1170772 0.01357285 0.01357285 0.2240896
74 0.1852385 0.01306375 0.01306375 0.1510812 0.03263394 0.1484336 0.1484336 0.2311195 0.285515 0.02540862 0.02540862 0.5219628
75 0.01943518 0.04029334 0.04029334 0.1844181 0.3194317 0.2460427 0.2460427 0.01928572 0.3093688 0.04913483 0.04913483 0.2868293
76 0.04325046 0.004005089 0.004005089 0.1580905 0.1051589 0.2232749 0.2232749 0.6350748 0.2022519 0.007746171 0.007746171 0.3047445
77 0.01864223 0.2811037 0.2811037 0.3593461 0.2753132 0.03012043 0.03012043 0.2448117 0.1302 0.03158561 0.03158561 0.2695075
78 0.07325181 0.135465 0.135465 0.2242461 0.2266524 0.05079339 0.05079339 0.04162449 0.3933193 0.3738634 0.3738634 0.06280023
79 0.09295012 0.127575 0.127575 0.3146808 0.150963 0.01804698 0.01804698 0.1902853 0.7154727 0.2359109 0.2359109 0.337823
80 0.1586556 0.06295593 0.06295593 0.3438456 0.1172281 0.673483 0.673483 0.755281 0.1605134 0.1911491 0.1911491 0.3704415
81 0.1476532 0.1244086 0.1244086 0.04173506 1.062754 0.005558052 0.005558052 0.4792599 0.4752075 0.02774373 0.02774373 0.3672792
82 0.0573167 0.06671582 0.06671582 0.1396364 0.4665756 0.117027 0.117027 0.2456391 0.2285275 0.2175129 0.2175129 0.1250496
83 0.07894414 0.06198775 0.06198775 0.1418154 0.3466334 0.007663291 0.007663291 0.4090485 0.5183253 0.6553101 0.6553101 0.7017011
84 0.01289008 0.06904223 0.06904223 0.3291456 0.05743495 0.0412727 0.0412727 0.157452 0.3732349 0.04653087 0.04653087 0.09228678
85 0.09211212 0.06015638 0.06015638 0.0866666 0.3812781 0.1526827 0.1526827 0.699579 0.374169 0.1656732 0.1656732 0.6599172
86 0.2357743 0.07593685 0.07593685 0.06574924 0.2378659 0.42901 0.42901 0.06532056 0.1504122 0.05382883 0.05382883 0.5001127
87 0.277816 0.1469381 0.1469381 0.5529613 0.5705907 0.7018559 0.7018559 0.5732161 0.713396 0.4706379 0.4706379 0.7611915
88 0.1507837 0.0228714 0.0228714 0.408412 0.01950561 0.0976946 0.0976946 0.2663076 0.09391369 0.03390922 0.03390922 0.02250369
89 0.2109799 0.1215284 0.1215284 0.1227721 1.409837 1.030091 1.030091 0.7036422 0.08848552 0.1019551 0.1019551 0.02726683
90 0.1998093 0.03720615 0.03720615 0.1799408 0.2128219 0.02432404 0.02432404 0.4567572 0.5217336 0.4983898 0.4983898 0.8288437
91 0.2454221 0.1170133 0.1170133 0.1562114 0.001327155 0.2800118 0.2800118 0.3351271 0.1723616 0.0716892 0.0716892 0.4570975
92 0.2458673 0.1324738 0.1324738 0.04511184 0.04412963 0.1211702 0.1211702 0.3927341 0.4998448 0.2438738 0.2438738 0.2106037
93 0.08901741 0.07376308 0.07376308 0.2154514 1.338307 0.4606566 0.4606566 1.496128 0.4216175 0.1269895 0.1269895 0.2594726
94 0.2737029 0.1299312 0.1299312 0.07442855 0.7863429 0.06969127 0.06969127 0.8534652 0.7577442 0.4122847 0.4122847 0.1598551
95 0.0292592 0.03206456 0.03206456 0.4055728 0.01748441 0.09104375 0.09104375 0.4487434 0.1522479 0.06952791 0.06952791 0.2565224
96 0.1339236 0.1602686 0.1602686 0.06945084 0.2792695 0.005594248 0.005594248 0.345768 0.2231999 0.3664326 0.3664326 0.1166254
97 0.305443 0.04507976 0.04507976 0.3879347 1.919594 1.127153 1.127153 0.08391413 0.4876259 0.1266566 0.1266566 0.1581169
98 0.01569374 0.07483143 0.07483143 0.2602458 0.08984624 0.2699504 0.2699504 0.5547503 0.2913295 0.05873977 0.05873977 0.262954
99 0.03153306 0.1091276 0.1091276 0.1206884 0.8619074 0.1342777 0.1342777 0.3469141 0.2710746 0.2131219 0.2131219 0.3080264
100 0.2566244 0.08785375 0.08785375 0.2618519 0.352561 0.1623535 0.1623535 0.3459517 0.07819066 0.1022649 0.1022649 0.1060432
