1 0.08578378 0.03135317 0.02784913 0.1058565 0.03651726 0.1612709
2 0.09003189 0.01909981 0.03174746 0.0466367 0.193559 0.04028864
3 0.05576492 0.1513183 0.06870968 0.09934287 0.1853789 0.1222587
4 0.09023689 0.05153922 0.1492087 0.161676 0.03097765 0.03938443
5 0.09326054 0.09336321 0.04855803 0.1622895 0.07867644 0.002003673
6 0.092163 0.04677309 0.1203685 0.006248826 0.008880824 0.1125854
7 0.006518953 0.07075819 0.0200064 0.03793986 0.08849279 0.05098233
8 0.01069477 0.0587193 0.05358144 0.03940073 0.01184665 0.01768029
9 0.0071441 0.08949847 0.1643431 0.03439077 0.05399235 0.05436547
10 0.1601969 0.06455914 0.08732373 0.1573608 0.2907151 0.01482958
11 0.08389632 0.006019666 0.05967075 0.2037891 0.2423101 0.003383566
12 0.06318951 0.000801918 0.05336831 0.04019272 0.03759976 0.1997603
13 0.1254021 0.1484735 0.02970292 0.05646354 0.1846063 0.005459759
14 0.1464446 0.2060176 0.009674346 0.1702309 0.2292066 0.1269864
15 0.217374 0.1245692 0.05438405 0.04986626 0.02254205 0.04644188
16 0.1398076 0.009869619 0.2369655 0.01054301 0.2099521 0.2748266
17 0.01890336 0.01143005 0.1604265 0.005942188 0.002252448 0.06027749
18 0.2030604 0.1024313 0.1048503 0.1432339 0.03744398 0.03285877
19 0.08355553 0.04178577 0.09822845 0.003957435 0.02032348 0.0912799
20 0.05086514 0.03752089 0.3746344 0.07546318 0.1547049 0.03693715
21 0.05247718 0.192403 0.3388744 0.1217658 0.1476115 0.1912446
22 0.03791361 0.1711981 0.2586332 0.2281134 0.3648643 0.237078
23 0.01900519 0.07595101 0.001236335 0.06609775 0.02292945 0.1194285
24 0.009687723 0.25246 0.2037513 0.2035319 0.09490017 0.128932
25 0.01669268 0.01191961 0.1217597 0.02230358 0.1194305 0.1007536
26 0.03419392 0.1331435 0.4877075 0.2265823 0.08228388 0.06670019
27 0.02517548 0.08553249 0.01695673 0.3084285 0.1758611 0.1517446
28 0.004720009 0.1098631 0.1265283 0.196817 0.2574574 0.05149742
29 0.0343697 0.009207888 0.2248841 0.0679519 6.591703e-05 0.1661604
30 0.1043745 0.2025729 0.04408504 0.1525114 0.09310472 0.0009024941
31 0.02870106 0.2748721 0.142026 0.1941688 0.0522659 0.2325223
32 0.03720345 0.2130271 0.1613705 0.01752677 0.1396113 0.06524913
33 0.01452914 0.05241688 0.1622869 0.05128126 0.02470763 0.05424936
34 0.003500441 0.09091566 0.02227254 0.1105304 0.02656496 0.2576332
35 0.1039476 0.1931313 0.08330204 0.2409238 0.0488044 0.1633711
36 0.09997193 0.07328925 0.4115135 0.06936961 0.02181895 0.05125652
37 0.0542627 0.04657997 0.1349965 0.06235536 0.02708869 0.04947819
38 0.05582325 0.1421272 0.2250177 0.2808231 0.005075725 0.09960364
39 0.1229675 0.1517348 0.1241465 0.01753736 0.08907882 0.03153231
40 0.008010921 0.1282789 0.0114305 0.02085531 0.1088563 0.06368523
41 0.02551015 0.08287603 0.2330007 0.009597583 0.06420848 0.004733059
42 0.05994411 0.03418511 0.2682515 0.2269192 0.05267414 0.152304
43 0.009350721 0.02832905 0.08934069 0.02346679 0.05405697 0.04404495
44 0.0630296 0.007329212 0.09451314 0.1231131 0.09532492 0.1065251
45 0.002806239 0.1596419 0.09363562 0.07453568 0.1759329 0.02100811
46 0.09092208 0.2026626 0.01678872 0.2634886 0.06773126 0.2528931
47 0.06647121 0.07298897 0.04190427 0.1576813 0.0039619 0.09035818
48 0.1055204 0.00723317 0.1860314 0.1839509 0.04347869 0.1113486
49 0.04470122 0.09285283 0.1067784 0.1495955 0.2506658 0.2541402
50 0.02024579 0.04992206 0.2142998 0.2088432 0.1126377 0.02233422
51 0.0594 0.03265255 0.07433538 0.1607427 0.02519335 0.1246888
52 0.02672632 0.05197133 0.01604762 0.1193805 0.01063212 0.08193865
53 0.05734975 0.1587781 0.1991488 0.02924842 0.06347263 0.04032312
54 0.07981828 0.09196633 0.09307456 0.07665865 0.1146011 0.1556042
55 0.1209757 0.06081701 0.2244322 0.1281483 0.04842136 0.1557517
56 0.1083772 0.07993364 0.174706 0.1564805 0.09495599 0.01659174
57 0.06837702 0.01889814 0.3602179 0.1164564 0.0194974 0.1081678
58 0.05161277 0.08648086 0.1745394 0.156714 0.09301445 0.004176989
59 0.03881407 0.04202092 0.004228239 0.0434711 0.2643585 0.3547477
60 0.0002822802 0.01538802 0.1000938 0.1605079 0.03262207 0.1097471
61 0.07434335 0.002079599 0.1123074 0.2086445 0.06535055 0.1640816
62 0.05383967 0.06467074 0.1371585 0.1146946 0.2080867 0.1042766
63 0.0342601 0.08388504 0.1224043 0.12148 0.210103 0.08073813
64 0.06615186 0.02491864 0.2926259 0.01442116 0.1091526 0.1974088
65 0.0793184 0.05404606 0.02671051 0.01774594 0.1807123 0.1944146
66 0.1059094 0.09524066 0.1261483 0.06012273 0.01571855 0.08813537
67 0.0002672309 0.1153439 0.1818495 0.0205783 0.01366569 0.184227
68 0.07384011 0.04088181 0.01171121 0.1830626 0.09488193 0.0321751
69 0.153844 0.06735258 0.01131863 0.02500479 0.2042405 0.131873
70 0.02556572 0.06708108 0.1728058 0.1002629 0.1207917 0.08167367
71 0.1249301 0.1123975 0.1736936 0.1206953 0.09970742 0.02857665
72 0.131342 0.03218793 0.00256122 0.2581325 0.03543547 0.2029059
73 0.03973744 0.1855625 0.4237903 0.2420453 0.05555925 0.09055155
74 0.01387778 0.05586871 0.09573926 0.2935227 0.1041045 0.1124245
75 0.0006530166 0.02080592 0.210943 0.1777085 0.2069486 0.04399383
76 0.1403438 0.0992037 0.1030445 0.129297 0.1215237 0.05998938
77 0.1118795 0.04382636 0.1382494 0.1600948 0.1158718 0.1642142
78 0.02056462 0.07075709 0.121059 0.1390374 0.04006648 0.01453879
79 0.1180382 0.08723999 0.1087971 0.04159494 0.07389305 0.004058125
80 0.013675 0.1723593 0.1911224 0.03764111 0.09515558 0.01078898
81 0.01518686 0.178806 0.05755542 0.08871168 0.2170907 0.1994493
82 0.08764314 0.04690185 0.3956343 0.1387534 0.2666121 0.162999
83 0.2196242 0.05533121 0.09730199 0.1833145 0.007718314 0.1214421
84 0.2671627 0.05009228 0.05162373 0.05691267 0.16317 0.1201616
85 0.1091159 0.1074529 0.1328689 0.03713479 0.02493149 0.05871982
86 0.07610727 0.02161067 0.2368813 0.004551816 0.06937866 0.09880705
87 0.02921642 0.004832526 0.1837356 0.08415715 0.09582384 0.05688263
88 0.03462579 0.1119259 0.2097878 0.1636165 0.1522821 0.004747659
89 0.1242309 0.06344542 0.3015678 0.06533975 0.01101577 0.05909142
90 0.1283025 0.1707338 0.02367098 0.20906 0.1512209 0.2033627
91 0.01620059 0.1129894 0.07769901 0.1350507 0.1005592 0.04060591
92 0.1515421 0.01191373 0.1209147 0.05060188 0.0218784 0.1122654
93 0.09425473 0.03210737 0.1028192 0.04720348 0.008107875 0.02976772
94 0.1026709 0.2110914 0.03953241 0.05556154 0.3492792 0.07452384
95 0.1066297 0.4161114 0.1070152 0.08455641 0.0371476 0.1834435
96 0.00133002 0.008746298 0.1129792 0.2301626 0.02184273 0.08410537
97 0.06878023 0.1042366 0.1240117 0.05693931 0.1488712 0.05160431
98 0.1069841 0.1599908 0.2605088 0.1955431 0.04265143 0.1930531
99 0.2340927 0.1997072 0.02540427 0.3342556 0.1261487 0.0814857
100 0.02903525 7.015949e-05 0.235045 0.1973591 0.02150938 0.01852062
