1 0.259545 0.1410106 0.1410106 1.419639 0.4842263 0.4510998 0.4510998 0.4914211 0.1533554 0.255021 0.255021 0.3936448
2 0.2989447 0.07907675 0.07907675 0.18764 0.328217 0.3112717 0.3112717 0.4539293 1.046975 0.08389306 0.08389306 0.4364756
3 0.0518553 0.02069839 0.02069839 0.7600395 1.975756 0.3009283 0.3009283 1.008909 0.2138477 0.1094458 0.1094458 0.3328686
4 0.1836707 0.202469 0.202469 0.1458924 0.7394986 0.05666022 0.05666022 2.052052 0.486186 0.1633394 0.1633394 0.4987229
5 0.0664575 0.2483709 0.2483709 0.05337174 0.6419425 0.6288937 0.6288937 2.322712 0.3068996 0.1854959 0.1854959 0.6374521
6 0.06981762 0.142292 0.142292 0.131329 0.1739177 0.2642336 0.2642336 0.000704875 0.2925443 0.1303072 0.1303072 0.1142454
7 0.3931697 0.0699071 0.0699071 0.3224986 0.4749133 0.3244802 0.3244802 1.545679 0.07808084 0.5783546 0.5783546 0.1664295
8 0.01981887 0.1199277 0.1199277 0.1531504 1.00191 0.3629499 0.3629499 0.105619 0.1471841 0.105065 0.105065 0.1862901
9 0.183773 0.1376859 0.1376859 0.09264682 0.2635304 0.07803372 0.07803372 0.4897928 0.02786277 0.3730413 0.3730413 0.3389538
10 0.232718 0.1814039 0.1814039 0.4168674 2.028239 1.430295 1.430295 0.3555213 0.81257 0.02944103 0.02944103 0.2008753
11 0.2140767 0.1366243 0.1366243 0.08151752 1.036264 0.3105949 0.3105949 0.5382017 0.2034469 0.232181 0.232181 0.4299836
12 0.01327798 0.01138639 0.01138639 0.4490959 0.163176 0.1718105 0.1718105 0.3971701 0.08344051 0.1816598 0.1816598 0.5272444
13 0.02908961 0.04269071 0.04269071 0.5625875 0.7059766 0.9533738 0.9533738 0.2204489 0.8864872 0.2099669 0.2099669 0.08152076
14 0.3587111 0.1400622 0.1400622 0.4011523 0.3621803 0.09478276 0.09478276 0.4737563 0.00713193 0.3758183 0.3758183 0.1576427
15 0.04805701 0.2021456 0.2021456 0.3102904 0.4408089 0.9361931 0.9361931 1.963331 0.6872716 0.2438605 0.2438605 0.2054066
16 0.1941707 0.1136173 0.1136173 0.2550458 0.2471995 0.1263536 0.1263536 0.7520987 0.11424 0.207895 0.207895 0.3365777
17 0.3355114 0.1758468 0.1758468 0.02798428 0.5825233 0.2137433 0.2137433 0.4594666 0.6912906 0.3340282 0.3340282 0.8179768
18 0.006626941 0.2387637 0.2387637 0.006476999 0.8664649 0.3325782 0.3325782 0.1002019 0.6387529 0.4419718 0.4419718 0.3391513
19 0.2459156 0.1808853 0.1808853 0.2251393 0.194619 0.1793533 0.1793533 0.2575179 0.04172249 0.003235595 0.003235595 0.3482083
20 0.1099815 0.2778795 0.2778795 0.3105895 1.504947 0.5728536 0.5728536 0.1727018 0.6274824 0.04053505 0.04053505 0.6663451
21 0.133077 0.2291434 0.2291434 0.480341 0.7274091 0.1025115 0.1025115 0.01368573 0.1795867 0.0591128 0.0591128 0.1808969
22 0.2676273 0.1301559 0.1301559 0.1583999 0.05211381 0.3202339 0.3202339 0.4709223 0.4992083 0.490765 0.490765 1.425225
23 0.08436683 0.0119871 0.0119871 0.5563143 2.338657 1.597247 1.597247 1.590367 0.1864232 0.06103736 0.06103736 0.1253738
24 0.4076243 0.5209018 0.5209018 0.1816571 0.2927113 0.07334003 0.07334003 0.1675879 0.3610658 0.2485642 0.2485642 0.2458484
25 0.5050155 0.1843831 0.1843831 0.4235681 0.6090523 0.2490075 0.2490075 0.8384216 0.01633783 0.3315868 0.3315868 0.4321919
26 0.3980274 0.09563408 0.09563408 0.1308578 0.01861466 0.5464173 0.5464173 1.743483 0.462856 0.2871188 0.2871188 0.7081195
27 0.1791401 0.1051742 0.1051742 0.02232926 3.250003 2.292598 2.292598 1.640923 1.593483 1.237136 1.237136 0.9918211
28 0.1983049 0.1176978 0.1176978 0.5304511 0.6156232 0.2612139 0.2612139 0.2236508 0.5818438 0.2267888 0.2267888 0.3704828
29 0.1761488 0.08819418 0.08819418 0.2470951 0.4097929 0.04286825 0.04286825 0.09751189 0.3871669 0.2717528 0.2717528 0.5537923
30 0.4690625 0.02668058 0.02668058 0.7256167 1.654641 0.003208621 0.003208621 0.290445 0.4823966 0.3029301 0.3029301 0.07037681
31 0.06535044 0.07403269 0.07403269 0.06121683 6.763287 3.833739 3.833739 0.04689575 0.5261631 0.09379284 0.09379284 0.7770731
32 0.1041812 0.07871019 0.07871019 0.271325 0.2764104 0.6294184 0.6294184 0.3236648 0.1008668 0.1384546 0.1384546 0.4816893
33 0.2351986 0.08978474 0.08978474 0.3291155 0.2287781 0.05696046 0.05696046 0.06649696 0.995913 0.3344707 0.3344707 0.3271063
34 0.1247294 0.4501462 0.4501462 0.5958903 0.6858273 0.01614654 0.01614654 0.3335289 0.05282751 0.4133955 0.4133955 0.1664952
35 0.3496854 0.07865818 0.07865818 0.2134206 1.047474 0.3030731 0.3030731 0.6581705 1.333514 0.7944566 0.7944566 0.2069468
36 0.07883416 0.1777322 0.1777322 0.07291613 1.819093 0.9259724 0.9259724 0.4009173 0.08521089 0.07822786 0.07822786 0.2326149
37 0.03729938 0.2687084 0.2687084 0.275191 0.01895193 0.1114274 0.1114274 0.5888565 0.5967597 0.4911374 0.4911374 0.4304622
38 0.2220777 0.005605288 0.005605288 0.6527331 0.243109 0.3732583 0.3732583 1.382827 0.1824433 0.4290523 0.4290523 0.4194701
39 0.1220184 0.1473155 0.1473155 0.2822506 0.2850327 0.2849172 0.2849172 0.1839028 0.6557668 0.7607854 0.7607854 0.08829722
40 0.3113169 0.3644069 0.3644069 0.6920065 0.03908748 0.8056384 0.8056384 0.2214644 0.8383174 0.1778883 0.1778883 0.04252315
41 0.1863722 0.1039013 0.1039013 0.1794901 0.3432723 0.5047335 0.5047335 0.03643947 0.3725689 0.03253926 0.03253926 0.09465721
42 0.2415905 0.1805297 0.1805297 0.5751938 0.5345765 0.3222493 0.3222493 0.3417242 0.5511351 0.02067086 0.02067086 0.6753495
43 0.06595012 0.144446 0.144446 0.008888481 0.6303675 0.193151 0.193151 0.6290049 0.424904 0.4996267 0.4996267 0.01541005
44 0.09272194 0.2412021 0.2412021 0.9742041 0.1165822 0.5190765 0.5190765 0.9093829 0.006236253 0.7603134 0.7603134 0.9745239
45 0.0478803 0.1410199 0.1410199 0.1135831 0.8315232 1.155242 1.155242 2.296057 1.535589 0.4247137 0.4247137 0.6131377
46 0.2414913 0.07457064 0.07457064 0.0007533673 1.111325 0.05447195 0.05447195 0.803898 0.2233111 0.148675 0.148675 0.8886998
47 0.01257537 0.03158761 0.03158761 0.217194 0.2924 0.1075948 0.1075948 0.8106659 0.2418224 0.31399 0.31399 0.00096219
48 0.3147622 0.1728058 0.1728058 0.2967844 1.305079 1.063163 1.063163 0.9940107 0.0002603318 0.2212619 0.2212619 0.1145611
49 0.1773762 0.1036803 0.1036803 0.7306931 0.6352399 0.06991543 0.06991543 0.3616532 0.1816423 0.5100643 0.5100643 0.1124684
50 0.1963644 0.09494101 0.09494101 0.3262077 0.2841047 0.2974831 0.2974831 0.127201 0.1560818 0.1728893 0.1728893 0.1100166
51 0.1228535 0.2188438 0.2188438 0.1830143 1.180621 0.3142178 0.3142178 0.863236 0.6953058 0.1218145 0.1218145 1.676525
52 0.4604149 0.04384256 0.04384256 0.1668002 0.07519436 1.174128 1.174128 1.277079 0.1797128 1.787765 1.787765 3.095612
53 0.5010946 0.4145762 0.4145762 0.1226578 0.1923585 0.0930008 0.0930008 0.5500143 0.2696454 0.03117516 0.03117516 0.2817207
54 0.03448251 0.3252772 0.3252772 0.08961817 0.3339012 0.2523215 0.2523215 0.8278487 0.07796536 0.1335194 0.1335194 0.7163877
55 0.1405244 0.2248974 0.2248974 0.3218005 0.04678539 0.1550523 0.1550523 0.6566261 0.01124361 0.2776307 0.2776307 0.6188266
56 0.2750739 0.02173293 0.02173293 0.3213732 0.4428578 0.02111571 0.02111571 0.1748686 0.05670054 0.2210512 0.2210512 0.0741481
57 0.1396709 0.2282153 0.2282153 0.04188189 0.5625555 0.3350789 0.3350789 0.01697345 0.03653551 0.5322744 0.5322744 0.2473577
58 0.2344777 0.02568187 0.02568187 0.01730237 1.612921 1.475247 1.475247 2.194207 0.172546 0.1723145 0.1723145 0.3619405
59 0.7990442 0.4528604 0.4528604 0.3526016 0.5505366 0.1283684 0.1283684 0.4847809 0.1011837 0.34103 0.34103 0.3921576
60 0.06863352 0.0170643 0.0170643 0.125122 0.8151992 0.8532594 0.8532594 1.541434 0.1627683 0.6871495 0.6871495 1.675606
61 0.3766197 0.0264341 0.0264341 0.9879658 0.216645 1.837394 1.837394 2.547621 0.9301879 0.07062927 0.07062927 0.6909406
62 0.4441063 0.2055517 0.2055517 0.01277892 0.4307663 0.5830629 0.5830629 0.8980358 1.257786 0.3403869 0.3403869 0.08694983
63 0.5158168 0.08716816 0.08716816 0.8147406 0.4306925 0.2813122 0.2813122 0.1253483 0.3002945 0.1436456 0.1436456 0.559503
64 0.2190981 0.008862112 0.008862112 0.004025198 0.01303267 0.5011432 0.5011432 0.4596961 0.6755283 0.5731513 0.5731513 1.920471
65 0.0418784 0.02551894 0.02551894 0.05163601 0.2551765 0.2693994 0.2693994 0.3956072 0.3855284 0.1855683 0.1855683 0.7125481
66 0.4953973 0.2586222 0.2586222 0.3894367 0.002316517 0.1024269 0.1024269 0.225754 0.08498403 0.05320483 0.05320483 0.3106574
67 0.3547 0.2241631 0.2241631 0.9302951 0.1793864 0.2037041 0.2037041 0.1467773 0.6085814 0.1791096 0.1791096 0.6988865
68 0.2587748 0.06206489 0.06206489 0.005361367 0.814003 0.1561955 0.1561955 0.5219883 0.3426968 0.1581199 0.1581199 0.2506776
69 0.2924379 0.1039791 0.1039791 0.06367367 0.335168 0.3042232 0.3042232 0.193634 0.3695289 0.1333439 0.1333439 0.635249
70 0.2493528 0.4727032 0.4727032 0.5824887 1.302388 0.171442 0.171442 0.4975535 0.6714507 0.06726077 0.06726077 0.9411003
71 0.5035201 0.2131449 0.2131449 0.01906265 0.6699078 0.8710134 0.8710134 0.9556609 0.7458813 0.2872167 0.2872167 0.4745033
72 0.7230709 0.5947553 0.5947553 0.4470997 2.523593 0.3007332 0.3007332 0.8793912 0.005841136 0.4027649 0.4027649 0.1354365
73 0.009237683 0.04407523 0.04407523 0.2555932 0.169784 0.4287972 0.4287972 0.1778926 0.8204405 1.052145 1.052145 0.4449108
74 0.07126292 0.1824573 0.1824573 0.3686621 0.01625168 0.1731217 0.1731217 0.2318938 0.2788415 0.4013673 0.4013673 1.210804
75 0.2924236 0.149921 0.149921 0.5016732 0.8398589 0.5179873 0.5179873 0.3853114 0.0840188 0.1060051 0.1060051 0.3448206
76 0.4360461 0.278926 0.278926 0.360296 2.72668 1.314646 1.314646 0.1179066 0.02031178 0.320945 0.320945 0.6853793
77 0.9404726 0.4030581 0.4030581 0.4958497 0.6690318 0.5644674 0.5644674 0.6493647 0.7178577 0.01698302 0.01698302 0.4345737
78 0.1659271 0.005339179 0.005339179 0.5105202 0.1662384 0.2918152 0.2918152 0.2753177 0.001007429 0.2171691 0.2171691 0.7920946
79 0.1214211 0.1294512 0.1294512 0.3572556 1.038156 0.1461147 0.1461147 0.4429007 0.634836 0.5157876 0.5157876 1.101648
80 0.2030945 0.01925241 0.01925241 0.09424622 0.05709441 0.1998163 0.1998163 0.2671768 0.09398006 0.3683751 0.3683751 0.6544964
81 0.1992445 0.1348243 0.1348243 0.3890977 0.2188499 0.1867801 0.1867801 0.8809949 0.190417 0.243693 0.243693 0.2672408
82 0.3761947 0.3111455 0.3111455 0.2972484 1.093116 0.3516001 0.3516001 0.7029148 0.0164271 0.2917238 0.2917238 0.7206342
83 0.1858013 0.1426693 0.1426693 0.2668694 0.5998852 0.4116864 0.4116864 0.08697955 0.7815073 0.2219941 0.2219941 0.2651332
84 0.1587595 0.06181943 0.06181943 0.3074718 1.359812 0.5704406 0.5704406 0.9736694 0.7560253 0.2589883 0.2589883 0.07593192
85 0.2312705 0.08788472 0.08788472 0.05370306 0.3149228 0.3707742 0.3707742 0.925584 0.2718087 1.300639 1.300639 3.219581
86 0.4966511 0.1326096 0.1326096 0.5708865 0.6619552 0.1232321 0.1232321 0.5976397 0.2317413 0.1819236 0.1819236 0.3729663
87 0.1854451 0.08300811 0.08300811 0.6300138 2.414822 3.885453 3.885453 5.508495 0.2713989 0.4124421 0.4124421 0.4877419
88 0.4398381 0.2648406 0.2648406 0.1415728 1.145211 0.7834257 0.7834257 0.0297163 0.8300336 0.3859785 0.3859785 0.4399758
89 0.1555835 0.1101499 0.1101499 0.453093 0.802307 0.1437314 0.1437314 1.063601 2.566041 2.169355 2.169355 1.441759
90 0.5130009 0.1045568 0.1045568 0.02972548 2.66392 1.172128 1.172128 0.3125939 0.2881522 0.03270547 0.03270547 0.3658145
91 0.02879929 0.1334831 0.1334831 0.1385288 0.7584423 0.307057 0.307057 0.3501526 0.1494606 0.1824454 0.1824454 0.1638594
92 0.01736026 0.1346641 0.1346641 0.07486069 0.04451092 0.2096892 0.2096892 0.252736 0.1251618 0.07698759 0.07698759 0.07450476
93 0.1218879 0.03912287 0.03912287 0.4477939 0.6305269 1.163117 1.163117 1.808964 0.0802958 0.01447725 0.01447725 0.1130799
94 0.4510483 0.07040449 0.07040449 0.3426509 0.6653731 0.1862875 0.1862875 0.647579 0.343567 0.2435802 0.2435802 0.1511118
95 0.5952886 0.1116104 0.1116104 0.2920857 0.03635861 0.1627518 0.1627518 0.1026918 0.01432301 0.06085368 0.06085368 0.216695
96 0.3153234 0.007186659 0.007186659 0.2008063 0.0456474 0.2526903 0.2526903 0.5000636 0.4134123 0.2756377 0.2756377 0.3899934
97 0.08397243 0.002948952 0.002948952 0.2241756 1.202047 0.6225046 0.6225046 0.02867147 0.7080468 0.3219608 0.3219608 0.08921693
98 0.1486532 0.3194439 0.3194439 0.6920439 0.458346 0.1320269 0.1320269 0.6312666 0.6068112 0.3766736 0.3766736 0.3407822
99 0.03198494 0.1196487 0.1196487 0.05413093 0.055875 0.1583757 0.1583757 0.01184836 0.1885359 0.2614871 0.2614871 0.1223079
100 0.3517562 0.1154879 0.1154879 0.03326981 0.3841872 0.119554 0.119554 0.3220063 1.190034 0.3102117 0.3102117 0.8832165
