1 0.000136637 0.0003000852 0.0005558456 0.0002105072 0.0006001802 0.0007604054 7.356565e-05 0.0001961152 0.0009180106 0.0001817063 0.001706471 0.0005358678
2 0.00092252 1.929553e-05 0.0009346705 0.0005419083 0.0004572568 0.0001243253 0.001375123 0.0002954543 0.0015343 2.173575e-05 0.001269547 0.001698325
3 0.0001043777 0.0003132395 5.967754e-06 0.0002460623 0.000412043 0.001142999 0.0005852692 0.0006649208 0.00012409 0.0003999823 0.0008131515 0.001248174
4 0.0006613674 0.0003161146 0.0001375653 0.0002577176 0.0001698351 0.0003569019 0.0004401156 3.927148e-05 0.001701401 0.0001357144 0.001585544 5.779328e-05
5 0.0004400273 2.118194e-05 0.0006369072 0.0002076861 0.0005016562 1.049703e-06 0.002172937 0.0002949763 0.0006425557 0.0006160801 7.836983e-05 0.0006965919
6 0.001463284 0.0004288495 0.0008146877 0.0003540271 0.0002829432 0.0006441869 9.642944e-05 8.910434e-05 0.0007414683 0.0004411799 0.0008171426 4.097571e-05
7 0.0003629474 0.0003455623 0.0008960303 0.0003547853 0.0003169176 0.0002971648 0.00104193 0.0002664347 0.001635688 0.0001940743 0.0007140116 0.0007515214
8 0.0002695328 1.555756e-05 0.0002153089 0.0001263239 0.0004591175 0.0007711947 0.001754514 0.0001295882 0.001094875 0.0001483667 0.001782542 0.001174866
9 0.0004655531 5.075996e-05 0.0004868602 0.000228431 0.0003065899 0.0001170677 0.0003998661 9.463625e-05 0.0008053489 4.905401e-05 0.0008323377 0.001254419
10 0.0002652956 4.67819e-05 9.313046e-05 0.0002416673 2.408044e-06 0.001006656 0.001699437 0.0004179382 0.0003710606 0.0002664399 0.000362641 0.001122417
11 0.0005406963 2.239133e-05 0.0004163406 0.0001470018 0.0002202983 0.0001715002 0.001689936 0.0003816384 0.0005926524 0.0005647591 5.649998e-05 0.0009657752
12 0.000729006 0.0002838626 0.000483731 0.0002732972 0.0006053126 0.0001066652 0.0002881713 0.0004138599 0.0008382472 0.0001579695 0.001358262 0.002871363
13 0.0008379669 0.0003317596 0.0002692211 4.054629e-05 0.0002687271 0.001230891 0.000618888 0.0003558321 0.0006426508 7.998781e-05 0.002837306 0.003359292
14 0.0003002839 0.0002031545 0.0007146209 5.771066e-05 1.227967e-05 0.0004330452 3.335273e-05 5.224937e-06 0.0007435757 0.0002448615 0.0005982432 0.00126899
15 0.0002327393 0.0001755359 0.000535039 7.435199e-05 0.0002856976 5.465051e-05 0.0007547515 0.0002509199 0.002255381 0.0008778576 0.0001315729 0.002315906
16 0.0003068142 0.0002810681 0.001427225 4.666108e-05 9.978237e-05 0.0002607059 0.0009129103 0.0002192768 0.001083871 0.0004679326 0.001199972 0.0002396561
17 0.000194266 8.623174e-05 0.0008096961 0.0001294518 0.0005378178 2.781618e-05 0.0004124614 4.437531e-05 0.002582026 0.0006340102 0.001794332 0.002950382
18 5.615412e-05 0.0001740632 0.001064255 0.0003063412 0.0005621679 0.0003037554 0.001950859 4.870955e-05 2.342833e-05 0.0001223781 0.0006968824 0.0001463983
19 0.0003412996 0.0002663396 0.0005472431 6.343811e-05 0.0002912649 0.0007528718 0.0007856489 3.025186e-05 0.001158194 4.856749e-05 0.001111572 6.294612e-05
20 7.117496e-05 5.706293e-05 0.0005937063 0.0001199338 0.0002952364 0.0002782686 0.0005981779 4.118237e-05 0.0006487142 0.0004713859 0.001850147 0.0003838707
21 0.0005892707 0.0001788457 0.0003156741 0.0004535199 0.0004675908 0.0007350342 0.0001507906 0.0003759719 0.001339462 0.0005540158 0.001069463 0.0005403326
22 0.0004528059 0.0001088775 0.0003649214 5.821562e-05 3.049753e-05 0.00035598 0.0002398149 0.0006144458 0.001203003 0.0004047708 0.0002642954 0.0005849746
23 0.0002443694 0.0001659259 0.0001545409 0.0001299038 0.0004244753 0.0006518275 0.0004034785 5.019103e-05 0.0003223188 0.0005944237 0.0003050565 0.001746893
24 0.0007646774 0.0002660664 0.0001738414 0.0003105893 0.0004097057 0.0003775034 0.0002761642 0.0002300188 0.0001027116 0.0003171354 0.0005139301 0.0003112604
25 0.0002993972 0.0002728719 0.0002510663 0.0001743672 0.0006384745 4.755294e-05 0.0001113616 0.0002127193 3.391826e-05 0.000283718 0.0005012577 0.0004214611
26 0.0003276414 0.0002065749 0.0003161015 0.0001534791 1.754762e-05 0.0009958789 0.0009130588 0.0001878356 0.002707067 0.0010544 0.001430666 0.001160718
27 0.0008317088 3.986889e-05 5.34397e-05 0.0002869142 0.0001657233 0.001340846 0.0002704493 0.0001609482 0.00127383 0.0006203301 0.001090868 0.000605195
28 0.000223562 0.0002386803 0.0002102795 0.0008555701 0.000719275 0.001300264 0.0003512836 7.847052e-05 0.0008767212 4.20627e-05 0.0001334958 2.00039e-05
29 0.0003926886 8.61466e-05 0.0003500018 1.510638e-05 9.426091e-05 0.0007385975 0.0007775161 0.0001303536 0.0003752856 0.000211576 0.0004221822 3.306541e-05
30 0.0001162886 4.319584e-05 0.0001575275 1.13041e-05 4.129632e-05 0.0003396595 0.0001892431 0.0003886962 6.630883e-05 0.0003664795 0.001172589 0.001272613
31 0.0003049252 7.284042e-05 0.0006725656 6.01663e-06 0.0002494953 5.443119e-05 5.655167e-05 0.0002471176 0.001045609 0.00013376 0.0008209935 0.0004921828
32 0.0004486414 7.712414e-05 0.0002125258 0.0001945563 0.0004986753 8.052886e-05 0.0007465801 0.0009238317 0.0006524592 0.0002543024 0.0002886706 0.002611481
33 0.0007877764 0.0001277566 0.000951123 0.0002219142 0.0007767686 0.0001159988 0.002542108 0.0005082705 0.0007282104 0.0004165962 0.0009398922 0.00084583
34 0.0001335792 8.254949e-05 0.0002012012 0.0001611303 0.0001092037 0.0002558984 0.001177205 0.000545442 0.0003994494 0.0007085945 0.001681684 0.0003945089
35 0.0006605029 0.0001206407 0.0001226274 2.173868e-05 0.0007272288 0.001420376 4.579246e-05 4.815499e-05 8.756836e-05 5.363552e-05 0.0006929019 0.0006265977
36 0.0003506585 5.632723e-05 0.0005528659 0.0002315521 6.275223e-05 0.0003918979 0.000317597 9.237323e-05 0.0006030705 0.0007209932 0.0001806086 0.001888336
37 0.0001807535 0.0001856024 0.00018299 5.958879e-05 0.0006771698 0.0008780233 0.0004174499 0.0001316272 0.000882192 0.0001939885 0.001156296 0.001624588
38 0.001024612 0.0001174605 0.0002080854 0.0002360263 0.000113108 0.0002257761 0.0007835926 0.0003067712 0.00163986 0.0007050056 0.0003616185 0.001464952
39 0.0002707801 0.0004510273 0.0002413296 0.0004565948 1.469e-05 0.0003432714 0.0007925217 0.0005498499 0.001292078 4.646965e-05 4.205139e-05 0.0004924911
40 0.0003477548 9.199444e-05 0.0004642733 0.0007777292 0.001546239 0.0006104306 0.0005893716 0.000289585 0.001825499 0.0001359189 4.269345e-05 0.000143612
41 8.182474e-05 0.0001908523 0.0004669053 0.000185904 4.247434e-06 8.806158e-05 5.783235e-06 0.0007452322 0.0006230806 0.0007862156 2.475014e-05 4.801236e-05
42 0.0003762696 0.000138251 0.0007022034 9.938153e-05 2.592823e-05 0.0002599202 0.001239074 0.0003818474 0.000450071 0.0007494296 0.0006410959 0.0006070905
43 0.0004063255 0.0004569756 0.000492285 0.000105627 9.651276e-05 0.001953149 0.0005639246 0.0002746055 0.0006843497 0.0004332678 0.0006284125 0.000441014
44 0.0007712521 0.0001447757 0.0005708351 0.0002848953 0.000687334 9.105475e-06 0.0001553314 0.0001663003 0.0005535639 0.000411763 0.001259859 0.0001161683
45 0.0003534993 0.0004861552 0.0004744827 0.0003013515 0.0004518066 3.917567e-05 0.0004278016 0.0003734723 0.001329258 0.0005438206 0.0001337962 0.0005899575
46 0.0003937465 3.938097e-05 0.0007222677 0.0003682856 0.0005142408 0.0005502027 0.00120356 0.0007515763 0.001521546 0.00108502 0.001599299 0.0007678796
47 0.0002534577 0.000188263 0.000300097 0.0004482059 0.0008340972 0.000258144 8.778935e-05 0.0006153841 0.001890647 0.0004304847 0.001079863 0.001563843
48 0.0002526884 0.0003289205 4.24462e-05 0.0001765481 9.13059e-05 0.0004631618 0.0006589172 0.0001502843 0.001175177 0.0002220366 0.001186099 0.003660064
49 0.0003707773 0.00037762 0.0001348707 0.0004021413 0.000619613 0.0002565888 9.964564e-05 0.0006090584 4.502358e-05 0.0003563461 0.0002135393 0.000573704
50 0.0002992902 0.0001884272 0.0006294122 0.0002608682 1.22898e-07 0.0001731867 0.0001630284 5.140642e-05 0.0002867295 4.784863e-05 0.0007563471 0.001168492
51 0.0004017278 1.472603e-05 0.0002687965 0.0004172896 0.0001334197 0.0006383142 0.0001519011 0.0005991067 0.0006678285 0.0009371487 0.001328183 5.471108e-05
52 0.0009296159 8.751987e-05 0.0009989565 0.0001257826 0.0005304001 8.590575e-05 0.000957149 0.0001548082 0.0009335883 0.0002005795 0.001698607 0.001507339
53 0.0008134333 3.176764e-05 0.0006300354 8.208012e-05 0.0002772794 9.743432e-05 0.00210126 9.497495e-05 0.0002860917 0.0006104764 0.0005786123 0.0003721369
54 0.0004504842 0.0002839254 0.0001666938 0.0003411645 0.0005562033 3.996497e-05 0.0004999817 0.0002534875 0.001142634 0.0005040988 0.002127414 0.0006824755
55 0.0002371957 1.743831e-05 0.0002465371 0.0003952867 0.0001382876 0.001075803 0.0009682823 0.0004414345 0.002262463 0.0004359708 0.0007982903 0.0008663543
56 0.0003573447 7.386794e-05 0.0004577904 8.798441e-05 0.0004554273 0.0007950068 0.001605248 0.0005574118 0.0009205682 0.0008975407 0.0005906329 0.001090431
57 0.0003936022 0.0002647422 0.0002282758 0.0004264019 0.0004455375 0.0001857719 0.0003343289 0.0001237093 0.001637837 0.0002689956 0.0008137153 0.001259516
58 0.000805621 0.0002346835 1.059431e-05 0.0001441628 0.0001179928 0.0005038452 0.001740216 0.0002276754 0.000448981 0.000160923 0.0009026383 0.0008225005
59 0.0007277281 3.490122e-05 0.0002392325 0.0005500823 0.0003268278 0.001092854 0.0009971584 0.0001213289 0.0002871945 0.0009006182 0.0004007308 0.003568266
60 0.0002616559 0.0001190131 0.0008875228 7.585382e-05 6.812974e-06 0.0007094987 0.0001808236 5.685564e-05 0.0002663497 0.0003083272 0.00134473 0.001528372
61 0.0003885613 0.0003452812 0.0001953789 0.0001635089 0.0006355439 0.0001654824 0.0007652793 0.0001939947 0.0004273877 0.0003029109 0.001728142 0.0008969185
62 0.0003392306 0.0002006085 0.0003138125 8.68101e-05 0.0007032473 0.0004353667 0.0002353325 3.399472e-05 0.0002187838 0.000548261 0.000350019 0.002095581
63 0.0004432163 0.0001783814 0.0003877317 0.0001719246 0.0001953454 0.0004259881 5.470336e-06 0.0002695942 0.0002525509 9.341468e-05 0.0005129925 0.0009354008
64 0.001054224 0.0005921846 0.00050266 0.0001121425 0.0003283245 0.0009695646 0.0003438702 0.000532417 0.0002244093 0.0005144195 0.0005241764 0.0009334724
65 0.0003864078 3.198492e-05 1.032838e-05 0.0003881907 0.0005417936 0.001404082 0.0003467214 0.0003440144 0.0007813342 0.0002515317 0.001744921 4.163714e-05
66 0.0002748768 0.0003237702 0.00083023 0.0001119743 0.001126294 7.257993e-05 0.000328644 0.0007658608 0.0004091849 0.0005862278 0.0002785061 0.000560471
67 5.190212e-05 9.103542e-05 0.0003901272 0.0001594083 0.0003938419 0.0001735498 0.001321994 0.0001594215 8.596945e-05 0.0008935533 0.0005514178 0.0006416714
68 0.0003634011 0.0003300265 0.0004368365 0.0003479479 0.000290528 0.0005359163 0.0003895884 0.0002137046 0.0007966263 0.0004244857 0.0009037321 0.002589656
69 2.882828e-05 0.0004366714 0.0001031318 0.0003128977 2.714212e-05 0.0006349755 0.0005748242 5.54517e-05 0.001331226 0.0002227303 0.000698282 0.0006041313
70 0.0004870532 0.0002784432 0.0006544006 5.202973e-05 0.000209137 0.0003347218 0.001389094 0.0002564066 0.001348854 4.421016e-05 8.780014e-05 0.000929981
71 0.00104443 0.0002080431 0.001031464 0.0001664762 0.0008957402 0.0005821596 0.001924052 0.0001080717 0.0006059616 0.0002471744 0.0009048482 0.001146868
72 5.855744e-05 0.0001497724 0.0004937683 0.0001528159 0.001763012 0.0002900304 0.002134215 0.0008733234 0.00264861 0.0007878391 0.001779576 0.001574197
73 0.0002302336 0.0001288177 0.000132447 0.0003951237 0.001059347 0.0002887902 0.0005154128 0.0002234669 0.001028573 0.0001860468 0.0005127893 0.0001236195
74 0.0006162471 0.0001807756 7.303084e-06 0.0003329022 0.0002825088 0.0001808797 9.17908e-05 0.0001567645 0.0006670285 0.0003320696 0.0001772664 0.001639916
75 0.0001487368 0.0003336844 0.0003941361 0.0003675677 6.821927e-05 0.0003541232 0.001587833 0.0007944848 0.0003218865 0.0001923986 0.00182947 0.002774386
76 4.989828e-05 0.0002629999 8.686862e-05 0.0002505644 7.004034e-05 0.0002869363 0.0003495808 0.0003570136 0.001652214 0.0007896354 0.0002096248 0.0006459465
77 0.0005466903 2.785921e-05 0.0003874432 4.245998e-05 0.0002048879 0.0009342732 0.002484162 0.0006140445 0.0003246168 0.001115305 0.0002370494 0.0008853142
78 0.0001782675 0.0002372095 9.339933e-05 0.0002814299 5.92862e-05 9.650943e-05 0.0002220706 5.209217e-05 0.0004538852 0.0003117036 0.0005789603 0.0003998511
79 0.0001795496 9.628604e-05 0.0003440654 0.0004598339 0.0001737342 0.0006845418 0.0001144927 0.0002699387 0.0002758948 0.0003722873 0.0005716741 0.002424071
80 6.200894e-05 5.539477e-05 0.0005179074 0.0001818307 0.0005861709 0.0003627595 0.0008155229 0.000307709 0.0004347764 0.000211162 0.0002301985 0.002694864
81 0.0008642486 0.0002773341 0.0004635785 3.601845e-05 0.0003206599 0.001778867 0.001186488 0.0001586602 0.0003657261 0.000328382 0.0001746231 0.0006021575
82 0.0005490537 2.894095e-05 0.0001427204 0.0002139278 0.0005282065 0.000869171 0.0003589572 5.816539e-05 0.0008583414 0.0006445013 7.943954e-05 0.001407447
83 0.0001381006 0.0001927624 0.0006654897 6.234371e-05 0.0002254515 0.000268415 8.150152e-05 9.253828e-05 0.001469233 7.9314e-05 0.0006297792 0.0003513917
84 4.945247e-05 0.0002069171 0.0003566156 0.0001452862 0.0002375806 9.510214e-05 0.000757781 0.0004755181 0.000110954 0.000136546 0.001200883 3.489991e-05
85 0.0006508233 4.360022e-05 0.000281892 2.006562e-05 0.0001049218 0.000141294 0.0001024015 0.0001461455 0.0005092275 0.0007395642 0.001059003 0.001123219
86 0.0001654758 0.0002141726 5.79172e-05 0.0003212365 0.0001860632 0.0003169693 0.000206029 0.0001840561 0.0002258377 4.764005e-05 0.001784741 0.0008161196
87 0.0003106368 5.125266e-06 0.0007058249 0.0001227281 0.0003030446 0.0004815632 0.0005093802 0.0003817111 0.000996401 0.0004545298 0.0004310633 0.0003500365
88 0.0002875159 0.0001644986 0.0002191836 0.0001801774 0.0007529144 0.0007427804 0.0001230058 2.912178e-05 0.001391811 0.0001439051 0.0003970877 0.001162703
89 0.0004443996 1.827409e-05 0.0005053534 0.0001107808 6.125486e-05 0.0003603646 0.001406334 0.0008727431 0.0004946733 0.0002539116 0.0008077259 0.002348135
90 0.0002142866 0.0003589767 0.0001911838 0.0001580115 0.0004767746 0.0001234606 0.0006691068 3.624772e-05 0.000296009 9.621799e-05 0.00064316 0.0004025869
91 0.0001296342 0.0001116354 0.0005254875 0.0003001144 0.0005433955 0.0004841605 0.0009675399 0.0007572424 0.001470553 0.0006766336 0.001149041 0.0005437506
92 0.001035313 0.000506645 0.0006657868 0.0002714399 0.00133024 0.0004659676 0.0004956217 0.0003311612 0.0005246941 0.0001926141 0.00157017 0.0002260614
93 0.0003609273 0.000318891 0.0002831053 0.0004590632 5.045427e-05 0.0006670235 0.0004545438 8.835699e-05 0.0003532673 0.0007412755 0.001276964 0.0006471436
94 0.0007598053 8.517831e-05 0.0001042943 0.0001170735 2.961984e-05 3.798751e-05 0.001051552 0.0005308097 0.0007672479 0.0004850979 7.259592e-05 0.0004866182
95 0.0003426169 1.363314e-05 0.0001022565 0.0002777771 0.0002703011 0.0002774243 0.001214488 3.204373e-05 0.0007224112 0.0005772945 0.0009893945 0.001243538
96 2.34929e-05 2.662181e-05 0.0002173695 0.0001807559 8.325134e-06 0.0004723154 0.0002926528 0.0003957764 0.0009766015 7.379015e-05 4.940138e-05 0.0005953918
97 0.0003959382 4.935483e-05 9.177391e-05 0.0002119959 0.0002673131 0.0002155596 0.0001329641 0.0001305001 0.0007095918 0.0005005848 0.001907404 0.0001958888
98 0.0003023263 0.0002522325 0.0004122645 0.0002117311 6.624373e-05 0.0002298057 0.0002451568 0.0003025735 0.0003269799 0.001316599 0.0008564922 0.001837478
99 0.0003054444 0.000139548 0.0003070254 9.885675e-05 9.138011e-05 0.0002012247 0.0003596003 0.0004411746 0.001600224 0.0003760687 0.0007985043 0.0009946325
100 0.001131713 7.044417e-05 0.0001988568 0.0003798379 0.0001573041 0.0006195904 0.0006500804 7.279837e-05 0.0006628813 0.0001327306 0.0008431846 0.001205416
