1 0.6935817 2.754063 0.03145953
2 1.736769 0.7536926 1.281563
3 3.062462 0.06169318 0.5283945
4 0.4167936 0.7185555 0.3311572
5 1.812459 1.417907 0.2375552
6 0.9845539 1.928188 0.008125217
7 0.7586177 0.8612282 0.7360221
8 1.14998 0.8952279 0.01723291
9 0.9522282 2.6022 0.3187247
10 0.2653471 2.527989 0.1874569
11 0.9728709 1.966838 0.6372361
12 0.155845 0.2050319 0.0692056
13 0.1639336 2.973654 0.4634485
14 1.108857 2.345948 0.1648613
15 0.1934249 0.0907298 0.1694758
16 0.7138655 0.06806 0.4758551
17 0.2843863 0.6572774 0.2472685
18 0.2000073 1.273931 0.1416815
19 0.2327136 2.231245 0.5825199
20 1.724548 2.004326 0.5940971
21 0.3198349 1.857165 0.307483
22 1.392804 0.5926177 0.6846621
23 0.3921163 0.315799 0.1125402
24 0.5702426 0.7476765 0.3057643
25 1.293557 0.07888177 0.4968952
26 2.444525 0.141287 0.5248653
27 0.4609986 2.063412 0.5760102
28 1.37875 1.204888 0.337312
29 1.36224 0.8809028 0.1627792
30 0.3589592 0.5220255 0.4117647
31 1.139612 0.709195 0.7185973
32 0.1609764 0.4976351 0.905569
33 0.9378642 0.3295251 0.06724982
34 0.3865823 1.754755 0.2236252
35 0.707963 0.393707 0.2462262
36 4.747228 1.329379 0.1726739
37 2.215292 1.019953 0.1894913
38 1.346115 0.1278547 0.05718147
39 1.876754 0.3370362 0.3130997
40 0.8266512 1.937527 0.2407073
41 0.7691259 1.284092 0.01414473
42 2.600115 0.06258087 0.3388741
43 0.24682 0.9891612 0.2143698
44 0.1840333 0.2870223 0.6157545
45 1.349474 1.226432 0.8612742
46 1.165532 0.09206484 0.5916606
47 0.8557517 0.5938812 0.3570471
48 0.7578881 1.243712 0.4226386
49 2.007785 0.6933182 0.05941576
50 0.2280207 0.8912412 0.006618565
51 0.8066118 0.8533333 0.9092093
52 1.607664 1.537762 1.241196
53 0.7378966 1.713829 0.2387425
54 0.3212602 0.3416019 0.2390365
55 2.515445 1.356368 0.6231927
56 1.671035 0.2752513 0.8707825
57 0.4882034 0.8921485 0.5862043
58 0.7959084 1.142355 0.1114952
59 1.183341 0.5551214 1.096766
60 0.3946782 0.1065196 0.3766335
61 0.03230609 0.2995011 0.3884352
62 2.808015 3.534309 0.3027136
63 0.06209276 0.2605831 1.30199
64 0.4702573 2.455211 0.02387698
65 0.0785055 2.604286 0.7173898
66 1.510601 0.9763121 0.8511876
67 0.2629273 7.209595 0.01059637
68 1.220324 0.1183905 0.1969698
69 0.9708448 1.972042 0.01845846
70 1.220092 1.346405 0.8609197
71 0.6637061 1.756795 0.1526225
72 2.503504 0.11278 0.5531503
73 0.1654704 2.675619 0.2394397
74 1.903745 2.549159 0.05489116
75 0.3927395 2.796175 0.4805734
76 0.9343248 0.5092327 0.2268119
77 2.380192 1.824784 0.1487696
78 0.1909485 0.6800255 0.496716
79 0.8048817 0.2356573 0.2422197
80 1.181907 3.048581 0.2594951
81 0.1368152 1.741397 0.1988987
82 0.2314763 0.8162633 0.5911103
83 0.891038 1.629571 0.5640549
84 1.496469 0.8806474 0.776828
85 2.023715 3.081904 0.6819934
86 1.483339 1.172863 1.030563
87 0.6123953 0.1500504 0.1288248
88 0.2929547 1.851178 0.6836812
89 3.019936 0.1367244 0.2450419
90 0.8120601 3.673382 1.515256
91 1.633569 0.6450926 0.2262556
92 1.012515 1.618943 0.2847386
93 0.2502041 0.2935156 0.5289741
94 1.488091 1.824359 0.7062792
95 1.285101 1.630583 0.2499424
96 0.1505701 0.1763986 0.3500202
97 0.8080973 1.285465 0.4490823
98 1.682796 1.891484 0.6715201
99 0.04575568 0.7571777 0.6131515
100 0.643519 2.621656 0.04123356
