1 0.1290924 0.01672993 0.2718776 0.01984992 0.01495443 0.0127257
2 0.1777626 0.2733196 0.2622583 0.2868071 0.07400907 0.05385781
3 0.170954 0.0409093 0.2524965 0.2673819 0.1416389 0.3223689
4 0.1733525 0.2042112 0.08152151 0.321432 0.2375961 0.2636639
5 0.2170653 0.02748539 0.5679088 0.4529912 0.1563748 0.05859709
6 0.0373002 0.167277 0.008710839 0.2069047 0.2706395 0.04158628
7 0.001639242 0.04980305 0.1279027 0.2038798 0.05070849 0.1753969
8 0.0115545 0.3900819 0.1656935 0.05210189 0.0003538179 0.03321207
9 0.2203038 0.1552854 0.0879038 0.02044842 0.4494537 0.4574764
10 0.09971356 0.01454288 0.2296432 0.4774417 0.148877 0.2923471
11 0.007331113 0.1305187 0.2448233 0.2403747 0.0547036 0.04740697
12 0.003139571 0.2916566 0.3231131 0.212138 0.2468041 0.2475738
13 0.2164802 0.02674553 0.09943253 0.1440145 0.01788097 0.1757026
14 0.03495254 0.008906525 0.3591344 0.0350008 0.02815324 0.02611485
15 0.3539659 0.1281767 0.2428198 0.2445893 0.08278412 0.2700348
16 0.05182969 0.313464 0.3495113 0.007996567 0.2676713 0.3149378
17 0.1602664 0.04218519 0.06337231 0.1894557 0.01268415 0.08998563
18 0.0220173 0.4767093 0.04980894 0.06475381 0.0918123 0.136575
19 0.120654 0.02126469 0.448276 0.07657355 0.3754383 0.4252447
20 0.07618004 0.08010505 0.1729595 0.01379164 0.02724174 0.1900606
21 0.005928806 0.09374913 0.1434469 0.03987613 0.005275798 0.07156913
22 0.01440368 0.1636477 0.05082301 0.3564027 0.1610595 0.454349
23 0.09025767 0.0712886 0.04951893 0.2304349 0.1104574 0.01886139
24 0.1832858 0.03701893 0.2179577 0.2866988 0.2211279 0.1672315
25 0.1138796 0.3417448 0.5273835 0.00452561 0.09333179 0.1599257
26 0.1033112 0.1917355 0.2870598 0.2902459 0.08811873 0.02765996
27 0.3765158 0.001990444 0.2084228 0.02626051 0.08709935 0.05472387
28 0.1788626 0.1170561 0.1104897 0.1515019 0.1685087 0.02758143
29 0.01738601 0.04629086 0.2221653 0.008927532 0.0008971033 0.02405654
30 0.05208115 0.05917355 0.1498618 0.09723391 0.1174994 0.129476
31 0.1241873 0.02694399 0.6381839 0.5971641 0.1391946 0.02247138
32 0.05523952 0.1923864 0.2610006 0.1884682 0.6030142 0.4406648
33 0.004528374 0.07697882 0.01571135 0.04010934 0.04943236 0.1280651
34 0.06333112 0.03738565 0.1624387 0.1479456 0.0472156 0.316356
35 0.004220404 0.2247299 0.06396665 0.1363192 0.3355941 0.1095896
36 0.1817997 0.06671688 0.07675745 0.1563139 0.04117191 0.01126237
37 0.003500289 0.08939409 0.1619736 0.2650635 0.5231382 0.01177492
38 0.129285 0.04982638 0.1171839 0.04816263 0.05099809 0.2772571
39 0.2580438 0.06421471 0.01876056 0.0852841 0.01683659 0.1746854
40 0.05113501 0.1020121 0.2971867 0.1064992 0.1931311 0.4049882
41 0.1203433 0.2405984 0.4092363 0.1874538 0.06141669 0.04462503
42 0.001488224 0.1117253 0.27915 0.07824452 0.02225091 0.1739266
43 0.1506829 0.09175799 0.1525654 0.253147 0.2900923 0.03465439
44 0.2307345 0.2439523 0.04908531 0.1771743 0.1647533 0.1167688
45 0.02912225 0.07073011 0.3205853 0.09179987 0.1944438 0.3188282
46 0.006051039 0.1701004 0.2556894 0.3942639 0.2933641 0.07731049
47 0.1065753 0.04419543 0.1114511 0.4444518 0.1700388 0.2407088
48 0.01674256 0.1888233 0.01509065 0.1432342 0.1664701 0.446724
49 0.240787 0.2641701 0.1808518 0.2415827 0.0716563 0.01765139
50 0.06538338 0.05057656 0.1317259 0.2632093 0.1707722 0.07888865
51 0.1082078 0.05114713 0.1673881 0.164555 0.05640334 0.05237915
52 0.006242983 0.1033731 0.2952968 0.0338181 0.1325026 0.3019664
53 0.05816461 0.08543353 0.04220225 0.04260308 0.03714505 0.1268515
54 0.2043888 0.1982676 0.1233537 0.07792172 0.1933102 0.03131844
55 0.04522909 0.2567524 0.2151753 0.05362717 0.02693754 0.1562791
56 0.08031016 0.1214649 0.3288569 0.1910797 0.3298131 0.2869424
57 0.005143967 0.227368 0.11286 0.0489364 0.2019419 0.3241652
58 0.05802024 0.1968642 0.03548767 0.09618859 0.1240419 0.2293852
59 0.04256572 0.2202459 0.3639517 0.1466065 0.2750701 0.03702752
60 0.05650965 0.1716497 0.3991225 0.3533658 0.1476272 0.3933979
61 0.1758446 0.2081585 0.4405823 0.4275821 0.2174587 0.1930653
62 0.1325556 0.1426831 0.4933823 0.1721234 0.334701 0.2774064
63 0.3225413 0.148241 0.006153818 0.1089435 0.2500539 0.1061874
64 0.05761859 0.1313507 0.07076395 0.2269822 0.003059272 0.01740924
65 0.1735027 0.0132294 0.599245 0.1819678 0.3767316 0.01864337
66 0.2638606 0.06943341 0.1323505 0.113802 0.2484457 0.1624049
67 0.1565199 0.08289114 0.4168629 0.3509591 0.1245443 0.03692087
68 0.07768244 0.0132605 0.03064761 0.2426552 0.1352047 0.0002432068
69 0.04113538 0.1102483 0.2358733 0.3349487 0.3815259 0.01016866
70 0.01608009 0.09767778 0.1897609 0.2171944 0.07075115 0.1254571
71 0.2006084 0.05020571 0.243457 0.2743622 0.09181693 0.06535226
72 0.08850192 0.1333965 0.6025278 0.2932691 0.01337929 0.09223966
73 0.1079961 0.2024314 0.1056469 0.0680567 0.3866293 0.06817337
74 0.1863851 0.2323463 0.1111429 0.07919688 0.06068968 0.06882621
75 0.2333361 0.02470054 0.04594234 0.05778438 0.09338878 0.04214143
76 0.02067737 0.02567106 0.08878426 0.01355872 0.02152295 0.1581016
77 0.2808672 0.3305283 0.06503061 0.1022695 0.004316806 0.07471076
78 0.04855787 0.06923897 0.2897129 0.1074631 0.2391731 0.04481015
79 0.05008324 0.08254429 0.1412648 0.03024689 0.05223679 0.01536969
80 0.2174135 0.1425856 0.2763361 0.4217322 0.1687003 0.09191876
81 0.1992156 0.06948985 0.250999 0.2420954 0.01968918 0.192665
82 0.05948094 0.1135341 0.2138598 0.2997928 0.1478294 0.07806239
83 0.133424 0.2132829 0.2098068 0.09278203 0.3674237 0.4900006
84 0.1369994 0.11805 0.4051612 0.01729251 0.09857306 0.01250437
85 0.02748993 0.01677025 0.1811721 0.02400166 0.03647269 0.1041789
86 0.1604472 0.07146575 0.07278602 0.1277789 0.1236209 0.05684027
87 0.05907984 0.2316293 0.3069309 0.2058423 0.3669479 0.5700425
88 0.1440282 0.4134584 0.01769486 0.1319976 0.07333353 0.1492608
89 0.2180051 0.08072248 0.4273801 0.1778468 0.1711134 0.01203735
90 0.02955299 0.005255838 0.2372937 0.1387676 0.1374534 0.2081183
91 0.0696977 0.1536865 0.416125 0.2649283 0.03245082 0.3213157
92 0.1364173 0.1201046 0.05957392 0.353783 0.3155892 0.1613095
93 0.01944246 0.05340993 0.1381696 0.3362913 0.1486712 0.01087626
94 0.1412559 0.2254887 0.00614599 0.2123102 0.1985061 0.1499547
95 0.08342021 0.2340083 0.2256216 0.4201084 0.0815155 0.04626427
96 0.0810116 0.02944784 0.1715859 0.207767 0.04017693 0.1317976
97 0.03912888 0.0950268 0.3081265 0.2651087 0.007009526 0.1531781
98 0.03106861 0.1239283 0.2008748 0.1148095 0.2784161 0.2117195
99 0.1135371 0.03352869 0.2352063 0.3008622 0.09443407 0.04100221
100 0.08215481 0.06575293 0.2358029 0.1581348 0.01829806 0.1790525
