1 0.2043284 0.7725658 1.592842 1.666281 0.130382 0.1058609
2 0.08757607 0.1528144 0.8110614 1.097453 0.01718074 0.1340291
3 0.2500869 0.360985 0.7596669 0.2908635 0.7701041 0.6271848
4 0.2145177 0.1975604 1.18829 1.177795 1.096492 0.4324268
5 0.2167598 0.3582529 1.122534 1.203873 0.121438 0.188171
6 0.08392913 0.4565435 0.2927925 0.2936809 0.991321 0.839758
7 0.1598334 0.04374479 0.460416 0.07483673 0.05170233 0.3636595
8 0.1033751 0.1023634 0.147494 0.4894326 0.06327427 0.001558527
9 0.4587069 0.445175 0.5939525 0.04879472 0.06658439 0.124141
10 0.4532573 0.1746921 1.164701 1.127685 0.6333859 1.241904
11 0.17005 0.04171664 0.476486 0.7081259 0.4498817 0.1534037
12 0.1765141 0.03591874 0.1604937 0.0589529 0.887031 0.4770462
13 0.2680282 0.5856135 0.3185852 0.05395781 0.5203315 0.5588314
14 0.05672839 0.4610496 1.233475 0.9497193 0.8376123 0.6184376
15 0.3033791 0.2442902 0.02887826 0.4375145 0.5555138 0.2606145
16 0.4236908 0.5071473 0.7832508 0.1083207 1.050241 1.245447
17 0.2579919 0.05936416 1.235548 1.600533 0.5530786 0.3243661
18 0.06471546 0.1390585 0.0002856338 0.2616578 0.6666895 0.9518995
19 0.4577731 0.627701 0.5444095 0.1871898 0.2625985 0.1454499
20 0.1038023 0.5850782 1.071706 0.8874398 0.08242407 0.1102388
21 0.3230322 0.3734694 0.3722719 0.3905399 0.2466256 0.2307429
22 0.0470383 0.1174109 0.6981548 0.1223073 0.2808057 0.3426474
23 0.1886606 0.3340846 0.76776 0.525463 0.4865473 0.1909948
24 0.003905932 0.02507071 1.01145 1.143882 0.6438284 0.673989
25 0.1170398 0.4307298 0.2880439 0.261836 0.3069337 0.4436563
26 0.02716302 0.5197583 0.422971 0.3965246 0.2662798 0.8481757
27 0.1392037 0.2853475 0.8264971 0.7878925 1.178625 1.300982
28 0.0009300768 0.6385457 0.9890954 0.7103473 0.1839618 0.2847106
29 0.4812839 0.5137672 0.9013678 1.14413 0.358849 0.1882961
30 0.2572043 0.3504362 1.016926 0.8640204 0.2219581 0.0919866
31 0.2100086 0.3058896 0.7748816 0.2771992 0.01520986 0.4320024
32 0.04375476 0.1351162 0.48082 0.2506822 1.198819 0.7143719
33 0.4371917 0.06057671 1.109628 0.6042903 0.2338799 0.470532
34 0.2173263 0.4625912 0.7519598 0.7656548 0.4649362 0.797661
35 0.5827025 0.3345772 0.279767 0.7476736 0.2597744 0.2696798
36 0.1932789 0.3399503 1.156383 0.8472053 0.8802009 0.7563549
37 0.3286859 0.6423935 0.4277194 0.4577599 0.6878611 1.066627
38 0.3367117 0.3144285 0.5030819 0.6545748 0.5175052 0.823259
39 0.0598492 0.2115387 0.2166715 0.2048827 0.1968436 0.1073983
40 0.05964542 0.7429978 0.07204867 0.03726686 0.300533 0.3164723
41 0.01946092 0.4406912 0.02447003 0.1958127 0.1577061 0.4336118
42 0.3504631 0.07551754 0.5015905 0.5767424 0.6701096 1.005496
43 0.009234854 0.1569678 0.05263186 0.1339473 1.249319 0.8751437
44 0.2577197 0.3553746 0.1953205 0.3550286 0.0884954 0.6315321
45 0.4887525 0.139525 1.567307 2.022374 1.539612 1.210332
46 0.3322664 0.3143018 0.8691705 0.4144145 0.02995302 0.2559238
47 0.2354424 0.05111028 1.25239 0.7323528 0.3872222 0.4036906
48 0.1403119 0.6584418 1.559123 1.54528 1.276166 0.951686
49 0.7422579 0.312775 0.6459296 0.6823449 0.2115979 0.0757507
50 0.2353354 0.465091 1.172936 0.7087743 1.080028 1.011598
51 0.5502215 0.7133637 0.5510766 0.945166 0.8451712 0.3758914
52 0.1276728 0.0647085 1.509361 1.868462 0.5095066 1.459337
53 0.04262412 0.5592214 0.4531015 0.9913447 0.6196686 0.5342161
54 0.3283591 0.3966242 0.07489783 0.1918252 0.09813608 0.1621126
55 0.1715665 0.3269388 0.1946256 0.4306812 0.3602534 0.3355379
56 0.4594619 0.343866 0.3422403 0.2923166 0.514148 0.3026509
57 0.1042321 0.1138095 0.3821164 1.124376 1.006402 0.6662729
58 0.3703485 0.09860622 1.23389 1.253675 1.019811 0.4720659
59 0.999592 0.2037436 0.4023593 0.6906887 0.1830945 0.0446814
60 0.4492673 0.3061988 1.205396 1.251697 0.3905827 0.2886105
61 0.5759762 0.3373213 0.629694 1.187389 0.02074642 0.583844
62 0.2128765 0.1756269 0.674646 0.1034809 0.3328781 0.6755559
63 0.260466 0.2515545 0.1170839 0.4463905 0.5896418 0.296723
64 0.6339002 0.07746107 0.284295 0.6806455 0.8264824 0.1321004
65 0.2670103 0.8012729 0.645983 0.1675341 0.7853923 0.8435957
66 0.1753157 0.5065002 0.7670426 0.4755673 0.3290357 0.3266832
67 0.9143297 0.1910029 0.5289784 0.5416755 0.3209056 0.07100026
68 0.1425653 0.3750493 0.0005888911 0.1295405 0.2536559 0.19571
69 0.4400786 0.2600683 1.289158 1.417824 0.2138816 0.3883926
70 0.09890833 0.8285556 0.2252242 0.1853892 0.5213914 0.1685558
71 0.2168131 0.1889116 0.4335482 0.7993958 1.073672 0.5556981
72 1.029161 0.9105078 0.4868302 0.2713966 0.5006817 0.4813131
73 0.3582707 0.2665491 0.438558 0.7620749 0.7973769 0.9811083
74 0.03649751 0.07836021 0.2194673 0.3490395 0.5844328 0.343305
75 0.1302211 0.1097102 0.4868055 0.2795544 0.2588503 0.4092665
76 0.142509 0.3957468 1.104085 0.1071993 0.7820735 0.6496738
77 0.6785778 0.4547005 0.2698146 0.3344529 0.6817769 0.3576937
78 0.2008088 0.1176875 0.03714459 0.03769931 0.02337146 0.7013482
79 0.166551 0.195622 0.4675219 0.6966479 0.03057462 0.4493861
80 0.1282255 0.285724 0.805168 0.08541036 0.1422034 0.5519912
81 0.1672179 0.08799631 0.8818971 0.3655599 0.6822064 1.267259
82 0.7652313 0.6689494 0.5100986 0.8736542 0.1429063 0.2428573
83 0.1431014 0.2556528 1.184351 0.6695281 0.7284897 0.3907467
84 0.3645148 0.3867161 0.8224705 1.510854 1.112077 1.215986
85 0.2174982 0.3164857 0.6636812 0.5579269 0.1463334 0.5863092
86 0.1591944 0.3610657 0.1966559 0.06603167 0.1057293 0.1345616
87 0.112125 0.2507306 0.2578761 1.966444 0.4537901 0.3746998
88 0.1714556 0.9070491 0.01097637 0.2646029 0.1427095 0.2291548
89 0.001553667 0.3489337 0.5743812 1.048244 0.7481274 0.6690167
90 0.08518979 0.10416 1.145831 0.4174976 0.1910764 0.2020652
91 0.04382278 0.3302364 0.8543685 0.08844648 0.1560339 0.7558527
92 0.3110544 0.3736839 0.5864501 0.6104744 0.234849 0.3356987
93 0.07919152 0.2279452 0.6490335 1.265858 0.7732367 0.4232787
94 0.6333505 0.148682 0.8574056 0.7970042 0.2562496 0.9667436
95 0.2460088 0.07056898 0.2244498 0.6637133 0.07818419 0.7355167
96 0.3992361 0.1998605 0.6806333 0.3412128 0.2154454 0.3608204
97 0.1189328 0.3046007 0.103813 0.1094654 0.2505562 0.04281046
98 0.01400381 0.7120153 1.136777 1.458655 0.232013 0.583679
99 0.3479969 0.3209444 0.5147872 0.9333897 0.3635681 0.3960525
100 0.05703399 0.3844423 0.342749 0.1689367 0.2370638 0.842534
