1 0.006630691 0.0003528922 0.006277798
2 0.01137978 0.0001840788 0.01156386
3 0.005614342 0.0003789626 0.005993305
4 0.004628535 0.0001111422 0.004739677
5 0.001283301 0.0004240798 0.001707381
6 0.0008049579 4.412292e-05 0.0007608349
7 0.00125006 0.0003830727 0.001633132
8 0.002007105 0.0001738087 0.001833296
9 0.00543554 0.001094578 0.006530119
10 0.001990246 1.122193e-05 0.001979024
11 0.00259551 2.069342e-06 0.002593441
12 0.0001434256 0.002066348 0.001922923
13 0.007005052 7.058796e-05 0.00707564
14 0.0006204136 1.95932e-05 0.0006400068
15 0.002415956 3.584492e-06 0.002412372
16 0.004514703 0.000613855 0.005128558
17 0.004267404 4.324991e-06 0.004263079
18 0.001498275 0.0004559305 0.001042344
19 0.006836962 4.040923e-05 0.006877371
20 0.001285435 0.0006219848 0.0006634505
21 0.001833643 0.0005496936 0.002383337
22 0.000701973 0.0005782601 0.0001237129
23 6.917901e-05 8.810446e-06 7.798946e-05
24 0.0007664329 5.224216e-05 0.000818675
25 0.000999882 0.0002213476 0.0007785344
26 0.000962133 4.533843e-05 0.001007471
27 0.001860896 0.0001403892 0.002001286
28 0.0007113701 0.0001353276 0.0005760425
29 0.003790383 0.0008909188 0.004681301
30 0.001190449 3.380788e-05 0.001224257
31 0.004925061 9.604323e-06 0.004915457
32 0.0008838271 1.198325e-05 0.0008718439
33 0.0003187965 1.36778e-06 0.0003201643
34 7.040238e-05 0.0006463806 0.0005759783
35 0.002879387 0.0008210587 0.003700446
36 0.00602112 3.075661e-05 0.006051877
37 0.001128497 1.778014e-06 0.001126719
38 0.004212208 0.0003138351 0.003898373
39 0.00222679 0.0003622709 0.001864519
40 0.001664964 0.000561609 0.001103355
41 0.001688808 0.0009982666 0.0006905414
42 0.007766594 0.0006109706 0.007155624
43 0.001634285 6.343629e-07 0.00163492
44 0.0003468472 0.002039639 0.001692791
45 0.0005398645 5.93502e-05 0.0004805143
46 0.0001679952 0.0001262211 0.0002942162
47 0.000334727 7.375628e-05 0.0002609707
48 0.0002070854 0.0008404702 0.001047556
49 0.002641301 0.0005667733 0.003208074
50 0.002176696 2.985713e-05 0.002206554
51 0.0001381344 0.0004357019 0.0002975675
52 0.00598496 0.0006752618 0.005309698
53 0.001364184 4.694146e-07 0.001364653
54 0.001586344 0.0003015094 0.001284834
55 0.002679281 4.580235e-05 0.002633479
56 0.0003206128 1.9686e-05 0.0003402988
57 0.00201713 4.643628e-06 0.002012486
58 0.002083859 0.0004946102 0.002578469
59 0.001252646 0.0004015107 0.001654157
60 0.003206987 3.630162e-05 0.003170686
61 0.004172257 0.0007272053 0.004899462
62 0.004259271 0.0001806722 0.004439944
63 0.000268716 4.470837e-06 0.0002731868
64 0.0005914098 0.001096697 0.001688107
65 0.0001105415 0.0009911835 0.001101725
66 0.0007337474 8.206365e-06 0.0007419538
67 0.001332242 1.222324e-05 0.001344465
68 0.0001087733 0.0002609775 0.0003697509
69 0.0009603848 0.0002931685 0.001253553
70 0.004395791 0.0002736413 0.00412215
71 0.0006576801 7.36945e-05 0.0005839856
72 0.0009572754 0.001000264 4.298897e-05
73 0.005555316 0.001471894 0.004083422
74 0.001239082 0.00071332 0.001952402
75 0.002746609 0.0001009812 0.00284759
76 0.0007194414 1.648042e-05 0.0007359218
77 0.0006773134 0.0001170254 0.000560288
78 0.0005652972 1.872988e-05 0.000584027
79 0.003245108 6.527958e-05 0.003310387
80 0.001045309 0.0008189093 0.001864218
81 0.002485475 8.233803e-05 0.002567813
82 0.002994674 9.375939e-05 0.002900915
83 0.000524552 0.0002943388 0.0002302132
84 0.001387853 7.898821e-05 0.001466841
85 0.008514907 2.091001e-05 0.008493997
86 0.003158997 2.851232e-05 0.003130484
87 0.002649978 0.001171642 0.001478336
88 0.001113626 6.298848e-05 0.001050638
89 0.0005688966 0.0002787004 0.000847597
90 0.003286826 3.60008e-05 0.003250825
91 0.008692629 0.0005453838 0.008147246
92 0.001215566 1.213898e-05 0.001227705
93 0.0002283362 1.090412e-05 0.000217432
94 0.0006142625 0.0005075908 0.0001066717
95 0.003997575 6.969493e-06 0.003990605
96 0.000133636 0.000781088 0.000914724
97 0.005806976 2.468742e-05 0.005782289
98 0.002352816 3.311067e-05 0.002319706
99 0.002321932 6.567182e-05 0.00225626
100 0.003572136 0.0004721162 0.00310002
