1 0.2160659 2.949911 0.2103081
2 1.813354 1.137926 0.3418752
3 0.1933573 0.6730306 0.1108879
4 0.4687366 0.1667803 0.207765
5 0.2791512 0.656123 0.2272428
6 0.3119465 0.5015454 0.588121
7 0.4259048 1.103133 0.2309316
8 0.5347432 2.700915 0.1856345
9 0.2792368 0.05213622 0.4328369
10 1.109557 0.4357637 0.06680568
11 0.4101008 0.2949531 0.1653608
12 0.736333 2.376924 1.324609
13 0.3431055 0.2609515 0.1447534
14 0.5424919 0.8699329 0.007165978
15 0.8485379 1.515997 0.4420248
16 0.5623504 0.7076804 0.2621413
17 0.2413167 1.300115 0.2772154
18 0.5342582 0.1237592 0.02575797
19 0.212055 0.5414055 0.07699716
20 0.2871805 0.8506958 0.03569068
21 0.4513221 0.154956 0.7441303
22 0.5562749 0.2924107 0.2031355
23 0.1978643 1.245708 0.07701888
24 0.8418228 0.4670164 0.08054398
25 0.7988848 1.271061 0.08795628
26 0.3680963 4.834079 0.1558358
27 0.4233705 0.4159566 0.3413503
28 0.1275681 2.644554 0.2300587
29 1.136068 0.7311717 0.006866377
30 0.3754183 0.09567439 0.0636111
31 1.242879 0.6972119 0.2872314
32 0.1334653 1.051762 0.1371358
33 0.4934769 1.0597 0.2828974
34 0.6271787 1.082817 0.2990861
35 0.2201186 0.5885823 0.4977323
36 1.459149 0.8403059 0.7637379
37 0.847824 1.836327 0.04432341
38 0.9199221 1.372985 0.15601
39 0.7810686 3.162941 0.005689381
40 1.128838 2.280098 0.5411101
41 0.5243539 0.4718441 0.3864793
42 0.2240512 0.9508242 0.4289729
43 0.1716215 0.8442115 0.8760344
44 0.7106356 1.604636 0.6691749
45 0.1945991 1.532907 0.3350078
46 0.1820204 0.9866867 0.4298345
47 0.7140957 0.3502086 0.1348084
48 1.267121 1.425514 0.1299457
49 0.07905097 0.3121827 0.385986
50 0.1251207 0.205703 0.04175565
51 0.702973 0.1329236 0.4940591
52 0.8312557 1.151561 0.3594742
53 0.5968227 0.004249586 0.7565576
54 0.4025435 0.1864191 0.1156896
55 0.9592642 0.5762892 0.1804862
56 0.6495855 0.6407887 0.2729733
57 0.3608861 0.2760275 0.2922974
58 0.05618602 1.033676 0.5674372
59 1.439549 0.5122745 0.1357612
60 0.6051891 0.2818794 0.04700666
61 0.08301607 0.7493846 0.1917399
62 1.401394 0.07000883 0.3888766
63 0.6231525 0.2441253 0.856145
64 0.8272475 2.704047 0.5311658
65 0.9969089 1.3364 0.2149072
66 0.8112026 0.7465401 1.090235
67 0.3545514 0.3352145 0.4857766
68 0.1419766 0.5262149 0.2393375
69 0.901283 1.131297 0.02659848
70 0.4626684 0.816994 0.7779603
71 0.3646141 1.700905 0.273938
72 0.6265678 1.625217 0.1800118
73 0.3345273 1.214281 0.4460728
74 0.4001842 2.086827 0.06666339
75 0.3374329 1.304647 0.131284
76 0.07142405 1.665106 0.7491955
77 0.3861392 3.462909 0.255499
78 0.8478304 0.8011066 0.1692834
79 0.2684365 0.4500629 0.1762264
80 0.07358814 0.522902 0.2791416
81 0.2922395 0.9750169 0.4034149
82 0.4960905 1.9704 0.1984776
83 1.114925 1.720321 0.2939619
84 0.1108173 1.367551 0.3829948
85 2.001011 0.8521837 0.6425344
86 1.238743 0.5004241 0.4558813
87 0.2283557 1.648291 0.2471867
88 0.07651367 0.6184082 0.422383
89 0.7360166 1.198703 0.2671959
90 1.90494 0.9915207 0.1325198
91 0.2399743 1.534935 0.2045135
92 0.1742092 2.294486 0.09323045
93 0.482117 0.8877431 0.2398557
94 0.5640581 0.5677907 0.5412927
95 0.03944167 0.1377665 0.1902378
96 0.2391408 0.6775153 0.2349428
97 0.1658737 1.466759 0.5458634
98 0.1646669 0.3347387 0.2740214
99 0.2725694 0.9681516 0.243762
100 0.8171887 0.7297022 0.02162839
