1 0.06070158 0.2059261 0.01300088 0.2842613 0.2284721 0.2226754
2 0.466924 0.06964174 0.09101401 0.5145592 0.1869248 0.06342948
3 0.02385067 0.1431039 0.6163394 0.3682246 0.1577162 0.003527384
4 0.09329893 0.2678347 0.4246746 0.4720682 0.6324938 0.5701522
5 0.08997228 0.02447936 0.1063489 0.09959087 0.328565 0.161637
6 0.1634027 0.3758626 0.1249458 0.3461325 0.1633829 0.02668956
7 0.06209099 0.1036883 0.6184735 0.4489031 0.3674084 0.03766859
8 0.0571986 0.5437897 0.6662075 0.6753794 0.1391248 0.3099158
9 0.04234228 0.2021557 0.1866236 0.3262134 0.5857925 0.494023
10 0.03718079 0.1142932 0.6548797 0.7073068 0.06386556 0.1166858
11 0.07020887 0.311566 0.1517681 0.1993723 0.311034 0.2706042
12 0.1184744 0.5274881 0.3052787 0.2551182 0.1677141 0.02756831
13 0.2997003 0.104657 0.5929849 0.3895288 0.2650807 0.1801613
14 0.05429896 0.1079205 0.5916443 0.4077547 0.09575284 0.04594596
15 0.4529729 0.2885093 0.03015189 0.4414203 0.0086865 0.01275206
16 0.08079424 0.1048578 0.2757806 0.07170806 0.3001225 0.560088
17 0.117967 0.007916088 0.3239308 0.1831071 0.3344497 0.3872003
18 0.1102397 0.4980179 0.4864436 0.5782091 0.1648157 0.3262199
19 0.1338922 0.2541833 0.05495571 0.06413229 0.4532892 0.5566521
20 0.1015104 0.1256385 0.246701 0.01484895 0.2100637 0.4677361
21 0.2263055 0.2902253 0.01339711 0.06460019 0.09435749 0.1793931
22 0.06887218 0.1477344 0.1831566 0.4595781 0.09727116 0.1747572
23 0.1395162 0.00519844 0.1882985 0.5224764 0.05220681 0.05294572
24 0.2828324 0.09134543 0.6685371 0.6992015 0.003958396 0.159339
25 0.2302429 0.1950558 0.2129685 0.2688777 0.03951953 0.002405966
26 0.1832934 0.1757378 0.5439738 0.5055713 0.0981233 0.2004008
27 0.3625706 0.003339678 0.1876285 0.1405038 0.004449778 0.09729621
28 0.08489594 0.3252778 0.110429 0.2062507 0.2416423 0.02806428
29 0.04835775 0.02011888 0.334049 0.2948862 0.09105847 0.08451345
30 0.05673216 0.07936276 0.1545172 0.03581135 0.06855936 0.1342824
31 0.2222126 0.03768651 0.8171197 0.7104311 0.05978658 0.2011583
32 0.1472227 0.3808285 0.07161906 0.3401785 0.1193722 0.02634096
33 0.1082173 0.1623018 0.168602 0.1951898 0.1742148 0.3505891
34 0.3184819 0.2140204 0.2011927 0.1918621 0.459679 0.6403445
35 0.09415412 0.3017036 0.5899949 0.7791083 0.5175842 0.01978984
36 0.35644 0.03240233 0.1072356 0.2200207 0.04142197 0.07600217
37 0.3490884 0.1744257 0.03122653 0.105961 0.6089069 0.1603089
38 0.1881545 0.06196527 0.09284083 0.1862332 0.05799779 0.2642255
39 0.2551123 0.09277356 0.4943493 0.7427198 0.394557 0.3006876
40 0.1710203 0.07050665 0.01042363 0.08720466 0.1478557 0.2027052
41 0.108067 0.1232459 0.2564823 0.1110437 0.1257566 0.02006947
42 0.1351558 0.1446872 0.04380416 0.1715389 0.1506789 0.09964939
43 0.1978828 0.2467493 0.5002892 0.5430775 0.411353 0.0482315
44 0.3297856 0.1815444 0.2004947 0.2387635 0.009853506 0.002040692
45 0.08335479 0.02707029 0.897488 0.5922261 0.1493776 0.3170068
46 0.0462967 0.01704895 0.5092596 0.6732263 0.4897194 0.1662301
47 0.1932958 0.128722 0.3914475 0.7720021 0.290892 0.5884682
48 0.2252175 0.3897464 0.09536461 0.05597205 0.05252306 0.33734
49 0.184817 0.3494099 0.09695713 0.1630828 0.4052495 0.4703366
50 0.1003566 0.1346041 0.2953244 0.285055 0.3394244 0.2149052
51 0.2320194 0.1521503 0.05168522 0.08810565 0.1215726 0.1037104
52 0.3679885 0.1666068 0.6240686 0.4392298 0.5905202 0.6467647
53 0.1492129 0.2885421 0.3596378 0.1160164 0.05591732 0.0852715
54 0.3304316 0.152172 0.005626073 0.07662086 0.7432391 0.4794511
55 0.05799715 0.5407167 0.5686931 0.4730606 0.08353538 0.04254066
56 0.1254668 0.1827322 0.2822948 0.1279264 0.2328358 0.2459468
57 0.1519057 0.04586792 0.358597 0.1919109 0.07976685 0.0302756
58 0.02969537 0.1753875 0.1899903 0.2332273 0.2522028 0.1110608
59 0.06364293 0.2536323 0.1055808 0.3538975 0.1876156 0.0343824
60 0.1348438 0.02709518 0.1990105 0.0584677 0.1353081 0.1990521
61 0.01571145 0.3792283 0.3800385 0.3445205 0.5843509 0.4757599
62 0.09872617 0.08005514 0.4087224 0.1033327 0.5283066 0.4487469
63 0.4541136 0.01580906 0.7355854 0.7218339 0.09048842 0.4786795
64 0.06789149 0.4065853 0.6500624 0.3917481 0.08622598 0.07672082
65 0.2350054 0.02690916 0.4504909 0.06168244 0.01221946 0.2539893
66 0.003797411 0.4784596 0.34483 0.6713279 0.5105601 0.4384862
67 0.1070644 0.09905712 0.3250252 0.2995774 0.1941754 0.1301154
68 0.1790633 0.02210897 0.5320733 0.3482894 0.220989 0.07689102
69 0.01207439 0.2183155 0.08012597 0.05206412 0.5529553 0.08827352
70 0.2415144 0.2193334 0.08646307 0.1403127 0.1406641 0.1539154
71 0.4560633 0.4185744 0.3550044 0.1224659 0.1523322 0.06770799
72 0.05890622 0.2272978 0.2843151 0.02911754 0.2939025 0.3933994
73 0.09187476 0.01821952 0.4807272 0.6568719 0.1889081 0.1870532
74 0.2500473 0.2333098 0.05395382 0.2360134 0.2618701 0.2997447
75 0.01929862 0.1035416 0.6382672 0.5986985 0.01139166 0.04951536
76 0.05840189 0.2293386 0.3910452 0.3912929 0.0225788 0.2444659
77 0.3827667 0.4970853 0.1004495 0.002590068 0.1981433 0.1359233
78 0.2297589 0.02192103 0.161182 0.06362166 0.1529457 0.07586492
79 0.03060635 0.08233962 0.01853248 0.1524013 0.06520958 0.1687578
80 0.3592022 0.05591327 0.03158567 0.1967139 0.1707791 0.004471751
81 0.1978297 0.1292965 0.319732 0.1298725 0.1497214 0.23986
82 0.2716638 0.2931127 0.4880801 0.6705554 0.2940087 0.0433711
83 0.1036849 0.1997153 0.5642049 0.5696816 0.5424622 0.5882329
84 0.1594702 0.1144992 0.3304756 0.1980683 0.823277 0.9382038
85 0.2215456 0.159048 0.2551914 0.01169836 0.3144147 0.0858166
86 0.1485565 0.2087241 0.05055578 0.0004821246 0.06439672 0.1860621
87 0.0681449 0.1683286 0.1676126 0.1735903 0.2037257 0.3539046
88 0.2804431 0.6194764 0.150734 0.3316544 0.09084313 0.1850689
89 0.01876339 0.3015332 0.2336986 0.08932494 0.1669162 0.3010844
90 0.06036535 0.05284659 0.5564996 0.7632155 0.2500613 0.4960483
91 0.2803463 0.5495089 0.06060885 0.1329379 0.3970619 0.02614499
92 0.02343367 0.4018718 0.7897798 0.432586 0.494963 0.261662
93 0.1992266 0.2244134 0.5303521 0.007362984 0.0522539 0.139288
94 0.363496 0.5015713 0.553575 0.3016791 0.1194185 0.06967004
95 0.03066016 0.2975089 0.03869011 0.4149089 0.1976702 0.2848844
96 0.09131522 0.005878643 0.07112644 0.02473367 0.2682531 0.1523519
97 0.1299427 0.003680613 0.2118044 0.2964411 0.4799886 0.3203552
98 0.4051948 0.2413188 0.05109121 0.2193491 0.335459 0.07419768
99 0.2348163 0.1511662 0.13799 0.5555248 0.0228157 0.07255089
100 0.06409508 0.01947186 0.188503 0.1258129 0.3554178 0.1519852
