1 0.0005446024 0 0 0 0 0 0 0.0008336287 0 0 0 0 0 0 0.0002400447 0 0 0 0 0 0 0.0002724079 0 0 0 0 0 0 0.001225377 0 0 0 0 0 0 0.001459764
2 0.0009701145 0 0 0 0 0 0 2.693654e-05 0 0 0 0 0 0 0.001580263 0 0 0 0 0 0 0.0002635983 0 0 0 0 0 0 0.0009089682 0 0 0 0 0 0 0.001764235
3 0.0003606336 0 0 0 0 0 0 0.0001118917 0 0 0 0 0 0 0.001033225 0 0 0 0 0 0 0.002187531 0 0 0 0 0 0 0.001977916 0 0 0 0 0 0 0.001072018
4 0.0008619638 0 0 0 0 0 0 0.0004949562 0 0 0 0 0 0 0.0007542676 0 0 0 0 0 0 0.0004359283 0 0 0 0 0 0 0.0010589 0 0 0 0 0 0 0.000475852
5 0.0006827913 0 0 0 0 0 0 0.000160839 0 0 0 0 0 0 0.0002192716 0 0 0 0 0 0 0.0001938815 0 0 0 0 0 0 0.0004127938 0 0 0 0 0 0 0.0008254339
6 5.714686e-05 0 0 0 0 0 0 0.0005489371 0 0 0 0 0 0 0.0004474864 0 0 0 0 0 0 0.0003470667 0 0 0 0 0 0 0.002555708 0 0 0 0 0 0 0.002216784
7 7.292822e-05 0 0 0 0 0 0 2.69425e-05 0 0 0 0 0 0 0.001805235 0 0 0 0 0 0 2.64236e-05 0 0 0 0 0 0 0.0003289776 0 0 0 0 0 0 0.001398848
8 0.001303405 0 0 0 0 0 0 0.0002939524 0 0 0 0 0 0 1.726517e-05 0 0 0 0 0 0 0.0001249989 0 0 0 0 0 0 0.0001214298 0 0 0 0 0 0 0.001035464
9 0.0005462029 0 0 0 0 0 0 0.0009841341 0 0 0 0 0 0 0.0004952833 0 0 0 0 0 0 0.001244525 0 0 0 0 0 0 0.001920536 0 0 0 0 0 0 0.001977077
10 0.0003583665 0 0 0 0 0 0 0.0001212626 0 0 0 0 0 0 8.626178e-06 0 0 0 0 0 0 0.0002059244 0 0 0 0 0 0 0.0002718887 0 0 0 0 0 0 0.00338607
11 0.000184498 0 0 0 0 0 0 0.0006044148 0 0 0 0 0 0 0.0008011869 0 0 0 0 0 0 0.001482766 0 0 0 0 0 0 0.0002307672 0 0 0 0 0 0 0.003127941
12 0.000133941 0 0 0 0 0 0 0.000182239 0 0 0 0 0 0 0.0007361647 0 0 0 0 0 0 0.0009455377 0 0 0 0 0 0 9.14054e-06 0 0 0 0 0 0 0.0002932043
13 0.0001301446 0 0 0 0 0 0 0.0001498788 0 0 0 0 0 0 0.0005623894 0 0 0 0 0 0 0.0008875373 0 0 0 0 0 0 6.536812e-05 0 0 0 0 0 0 0.001495069
14 0.0004637917 0 0 0 0 0 0 4.618471e-05 0 0 0 0 0 0 6.519932e-05 0 0 0 0 0 0 0.0002301281 0 0 0 0 0 0 0.001742721 0 0 0 0 0 0 0.002075257
15 0.0001374077 0 0 0 0 0 0 0.0007825515 0 0 0 0 0 0 0.0001013674 0 0 0 0 0 0 0.001032953 0 0 0 0 0 0 0.0001911426 0 0 0 0 0 0 0.002649993
16 0.0009947168 0 0 0 0 0 0 8.934724e-05 0 0 0 0 0 0 0.0002788867 0 0 0 0 0 0 0.0004021479 0 0 0 0 0 0 0.001492898 0 0 0 0 0 0 0.001406339
17 0.0002567794 0 0 0 0 0 0 2.217846e-05 0 0 0 0 0 0 0.0001172282 0 0 0 0 0 0 0.0009551253 0 0 0 0 0 0 0.001512983 0 0 0 0 0 0 0.001673771
18 0.0003924553 0 0 0 0 0 0 0.0004083378 0 0 0 0 0 0 0.0004619927 0 0 0 0 0 0 0.002247988 0 0 0 0 0 0 0.0001163468 0 0 0 0 0 0 0.0006562308
19 0.001000091 0 0 0 0 0 0 0.0003550005 0 0 0 0 0 0 0.0001456249 0 0 0 0 0 0 0.001063221 0 0 0 0 0 0 0.001620259 0 0 0 0 0 0 0.002316588
20 0.0001410904 0 0 0 0 0 0 1.939538e-06 0 0 0 0 0 0 0.001539276 0 0 0 0 0 0 0.0004568804 0 0 0 0 0 0 0.001987748 0 0 0 0 0 0 0.0007282882
21 0.001168456 0 0 0 0 0 0 0.0004771543 0 0 0 0 0 0 9.274038e-05 0 0 0 0 0 0 0.0001565446 0 0 0 0 0 0 0.004219914 0 0 0 0 0 0 0.001319745
22 0.001094031 0 0 0 0 0 0 0.0002134739 0 0 0 0 0 0 0.001964291 0 0 0 0 0 0 0.0004553559 0 0 0 0 0 0 0.0001530681 0 0 0 0 0 0 0.001700344
23 0.001009817 0 0 0 0 0 0 0.0002611661 0 0 0 0 0 0 0.0002663799 0 0 0 0 0 0 0.0001087325 0 0 0 0 0 0 0.0002392398 0 0 0 0 0 0 0.003067124
24 0.0006976937 0 0 0 0 0 0 0.0004358689 0 0 0 0 0 0 0.001240591 0 0 0 0 0 0 0.001226163 0 0 0 0 0 0 0.001021491 0 0 0 0 0 0 7.265424e-06
25 0.0008519577 0 0 0 0 0 0 0.0005969359 0 0 0 0 0 0 0.0002927686 0 0 0 0 0 0 0.0003443408 0 0 0 0 0 0 0.0002189651 0 0 0 0 0 0 0.001684216
26 0.0004108856 0 0 0 0 0 0 0.0002462257 0 0 0 0 0 0 0.0005165009 0 0 0 0 0 0 0.0004260748 0 0 0 0 0 0 0.001821646 0 0 0 0 0 0 0.001030393
27 0.0006616619 0 0 0 0 0 0 0.0002983917 0 0 0 0 0 0 0.0007674076 0 0 0 0 0 0 0.0009555344 0 0 0 0 0 0 0.001799863 0 0 0 0 0 0 0.003067962
28 0.000471791 0 0 0 0 0 0 0.0003062986 0 0 0 0 0 0 0.0001407752 0 0 0 0 0 0 0.001327581 0 0 0 0 0 0 0.00114553 0 0 0 0 0 0 0.001969876
29 0.0001981662 0 0 0 0 0 0 0.0008588632 0 0 0 0 0 0 0.0006619899 0 0 0 0 0 0 0.002057838 0 0 0 0 0 0 0.001836054 0 0 0 0 0 0 0.002036698
30 0.0008005985 0 0 0 0 0 0 0.0002112951 0 0 0 0 0 0 1.192816e-05 0 0 0 0 0 0 0.0003359207 0 0 0 0 0 0 0.0005731307 0 0 0 0 0 0 0.002553324
31 0.0005643327 0 0 0 0 0 0 0.0003660152 0 0 0 0 0 0 0.0002876285 0 0 0 0 0 0 0.001530123 0 0 0 0 0 0 9.538712e-06 0 0 0 0 0 0 0.001901909
32 0.000668139 0 0 0 0 0 0 0.0006316078 0 0 0 0 0 0 0.001086398 0 0 0 0 0 0 6.810528e-05 0 0 0 0 0 0 0.001475303 0 0 0 0 0 0 0.0001312207
33 0.000140505 0 0 0 0 0 0 0.0004686831 0 0 0 0 0 0 0.0003007443 0 0 0 0 0 0 0.001314667 0 0 0 0 0 0 0.001836887 0 0 0 0 0 0 0.003261107
34 0.0003058083 0 0 0 0 0 0 0.0002751434 0 0 0 0 0 0 0.002497461 0 0 0 0 0 0 0.0001105421 0 0 0 0 0 0 0.001091158 0 0 0 0 0 0 0.0009019909
35 0.0002798632 0 0 0 0 0 0 0.0002375477 0 0 0 0 0 0 0.0003299732 0 0 0 0 0 0 0.0002189943 0 0 0 0 0 0 0.001518936 0 0 0 0 0 0 0.002244368
36 6.125279e-05 0 0 0 0 0 0 0.0001559865 0 0 0 0 0 0 0.001229202 0 0 0 0 0 0 0.0007100286 0 0 0 0 0 0 0.0007180121 0 0 0 0 0 0 0.0002705382
37 0.0006917332 0 0 0 0 0 0 0.0003351523 0 0 0 0 0 0 6.780618e-05 0 0 0 0 0 0 0.001005597 0 0 0 0 0 0 0.001479734 0 0 0 0 0 0 0.0009961001
38 0.001446717 0 0 0 0 0 0 0.000150234 0 0 0 0 0 0 0.001226154 0 0 0 0 0 0 0.0007518889 0 0 0 0 0 0 0.0002859826 0 0 0 0 0 0 0.0003038418
39 3.889675e-05 0 0 0 0 0 0 0.000751473 0 0 0 0 0 0 0.0009304131 0 0 0 0 0 0 0.001304632 0 0 0 0 0 0 0.003196525 0 0 0 0 0 0 0.001371244
40 0.0001987876 0 0 0 0 0 0 0.0002456777 0 0 0 0 0 0 0.0001292719 0 0 0 0 0 0 0.0002357457 0 0 0 0 0 0 0.001714204 0 0 0 0 0 0 0.0003628821
41 0.00083427 0 0 0 0 0 0 1.175252e-05 0 0 0 0 0 0 0.0002600477 0 0 0 0 0 0 0.002027782 0 0 0 0 0 0 0.001514317 0 0 0 0 0 0 0.002376921
42 0.0007253502 0 0 0 0 0 0 0.0002974431 0 0 0 0 0 0 0.0003192625 0 0 0 0 0 0 0.0003297175 0 0 0 0 0 0 0.0007853396 0 0 0 0 0 0 0.0007610314
43 0.0007731494 0 0 0 0 0 0 0.0003131583 0 0 0 0 0 0 0.0002784644 0 0 0 0 0 0 8.079161e-05 0 0 0 0 0 0 0.0006697438 0 0 0 0 0 0 0.001872447
44 0.0003012632 0 0 0 0 0 0 0.0003804937 0 0 0 0 0 0 0.0008131889 0 0 0 0 0 0 0.0007302529 0 0 0 0 0 0 0.001095445 0 0 0 0 0 0 0.0004351544
45 0.0004849437 0 0 0 0 0 0 8.441652e-05 0 0 0 0 0 0 0.001700494 0 0 0 0 0 0 0.001029349 0 0 0 0 0 0 0.0001106914 0 0 0 0 0 0 0.002052407
46 0.0005226433 0 0 0 0 0 0 7.713388e-06 0 0 0 0 0 0 0.0009175767 0 0 0 0 0 0 0.0005989516 0 0 0 0 0 0 0.000598516 0 0 0 0 0 0 0.002274983
47 4.432415e-05 0 0 0 0 0 0 0.0003025581 0 0 0 0 0 0 0.0004402048 0 0 0 0 0 0 0.001841744 0 0 0 0 0 0 3.523824e-05 0 0 0 0 0 0 0.0008720397
48 0.001686927 0 0 0 0 0 0 0.000331623 0 0 0 0 0 0 0.0004150774 0 0 0 0 0 0 0.001322295 0 0 0 0 0 0 0.0005244272 0 0 0 0 0 0 0.001694821
49 0.0004030442 0 0 0 0 0 0 4.272033e-05 0 0 0 0 0 0 0.0007522577 0 0 0 0 0 0 0.0006205315 0 0 0 0 0 0 0.002266745 0 0 0 0 0 0 0.002503738
50 0.0004477102 0 0 0 0 0 0 0.000201369 0 0 0 0 0 0 0.001499776 0 0 0 0 0 0 0.0005768925 0 0 0 0 0 0 3.450552e-05 0 0 0 0 0 0 0.001094936
51 0.000395798 0 0 0 0 0 0 0.0006889992 0 0 0 0 0 0 0.0003374695 0 0 0 0 0 0 0.0003919597 0 0 0 0 0 0 0.0001768119 0 0 0 0 0 0 0.001443935
52 0.0002789342 0 0 0 0 0 0 0.0007025797 0 0 0 0 0 0 0.0007411803 0 0 0 0 0 0 0.0006963997 0 0 0 0 0 0 0.001415748 0 0 0 0 0 0 0.002388957
53 0.0004917235 0 0 0 0 0 0 4.636471e-05 0 0 0 0 0 0 0.0003423716 0 0 0 0 0 0 0.0004877285 0 0 0 0 0 0 0.0007959748 0 0 0 0 0 0 0.002413571
54 0.0009894192 0 0 0 0 0 0 0.0003166652 0 0 0 0 0 0 0.0006428392 0 0 0 0 0 0 0.0005055132 0 0 0 0 0 0 2.290127e-05 0 0 0 0 0 0 0.001817378
55 0.0003164483 0 0 0 0 0 0 3.961598e-05 0 0 0 0 0 0 0.0002396567 0 0 0 0 0 0 0.00143902 0 0 0 0 0 0 0.001301686 0 0 0 0 0 0 0.0007957127
56 0.0005357315 0 0 0 0 0 0 0.0003940792 0 0 0 0 0 0 0.0004807217 0 0 0 0 0 0 0.001065875 0 0 0 0 0 0 0.0008526413 0 0 0 0 0 0 0.001407593
57 0.001589966 0 0 0 0 0 0 0.0001786275 0 0 0 0 0 0 0.0005571405 0 0 0 0 0 0 0.0005417379 0 0 0 0 0 0 0.001754458 0 0 0 0 0 0 0.001101705
58 0.001471418 0 0 0 0 0 0 4.898361e-05 0 0 0 0 0 0 0.0006858534 0 0 0 0 0 0 0.0008390946 0 0 0 0 0 0 0.002526181 0 0 0 0 0 0 0.001114754
59 1.648288e-05 0 0 0 0 0 0 0.0004578505 0 0 0 0 0 0 0.0009131764 0 0 0 0 0 0 0.000647842 0 0 0 0 0 0 0.0004435777 0 0 0 0 0 0 0.0009240659
60 0.0001990955 0 0 0 0 0 0 0.0005227443 0 0 0 0 0 0 2.288186e-06 0 0 0 0 0 0 0.0007516792 0 0 0 0 0 0 0.002936793 0 0 0 0 0 0 0.0007405507
61 0.0005752161 0 0 0 0 0 0 0.0001731656 0 0 0 0 0 0 0.0003248023 0 0 0 0 0 0 0.0006950362 0 0 0 0 0 0 0.0002957954 0 0 0 0 0 0 0.003201674
62 0.0008509881 0 0 0 0 0 0 4.883188e-05 0 0 0 0 0 0 0.0001165298 0 0 0 0 0 0 0.0001299514 0 0 0 0 0 0 0.0001771465 0 0 0 0 0 0 0.0002981306
63 0.0007215996 0 0 0 0 0 0 0.0003776466 0 0 0 0 0 0 0.0004285971 0 0 0 0 0 0 2.123429e-05 0 0 0 0 0 0 0.0008154586 0 0 0 0 0 0 0.0002996913
64 0.0002851456 0 0 0 0 0 0 0.0003246794 0 0 0 0 0 0 0.0006165185 0 0 0 0 0 0 0.00151691 0 0 0 0 0 0 0.00235586 0 0 0 0 0 0 0.0003357173
65 0.0008436082 0 0 0 0 0 0 0.0005397783 0 0 0 0 0 0 0.0007322096 0 0 0 0 0 0 0.0003308791 0 0 0 0 0 0 0.001154364 0 0 0 0 0 0 0.0003119222
66 0.001048998 0 0 0 0 0 0 3.397322e-05 0 0 0 0 0 0 0.0004211321 0 0 0 0 0 0 0.0002272169 0 0 0 0 0 0 0.0001893758 0 0 0 0 0 0 0.001781291
67 0.0001829073 0 0 0 0 0 0 0.0002735493 0 0 0 0 0 0 0.0008664218 0 0 0 0 0 0 0.0002973229 0 0 0 0 0 0 0.0009100691 0 0 0 0 0 0 0.0009392843
68 0.0004520212 0 0 0 0 0 0 0.0004386696 0 0 0 0 0 0 0.0006219917 0 0 0 0 0 0 0.00181231 0 0 0 0 0 0 0.000828982 0 0 0 0 0 0 0.001323788
69 0.0004656943 0 0 0 0 0 0 0.0001203471 0 0 0 0 0 0 0.001236148 0 0 0 0 0 0 0.0004273514 0 0 0 0 0 0 0.0001896067 0 0 0 0 0 0 3.843014e-05
70 0.0002518039 0 0 0 0 0 0 0.000198562 0 0 0 0 0 0 0.0006224019 0 0 0 0 0 0 0.0006578039 0 0 0 0 0 0 0.001154099 0 0 0 0 0 0 0.0002937356
71 0.0003353208 0 0 0 0 0 0 0.0006167984 0 0 0 0 0 0 0.001375436 0 0 0 0 0 0 3.705508e-06 0 0 0 0 0 0 0.001736325 0 0 0 0 0 0 0.0005914274
72 0.0005627695 0 0 0 0 0 0 0.0002788137 0 0 0 0 0 0 0.0005200265 0 0 0 0 0 0 0.0006689274 0 0 0 0 0 0 0.002094294 0 0 0 0 0 0 6.888408e-05
73 0.0011306 0 0 0 0 0 0 3.2489e-05 0 0 0 0 0 0 0.0003605055 0 0 0 0 0 0 5.968541e-05 0 0 0 0 0 0 0.001483047 0 0 0 0 0 0 0.0004189707
74 0.00119726 0 0 0 0 0 0 0.0004204924 0 0 0 0 0 0 0.001402179 0 0 0 0 0 0 8.517929e-05 0 0 0 0 0 0 0.003052762 0 0 0 0 0 0 0.0001832679
75 6.980511e-05 0 0 0 0 0 0 0.0002834824 0 0 0 0 0 0 0.001992247 0 0 0 0 0 0 0.0002275108 0 0 0 0 0 0 0.0005378065 0 0 0 0 0 0 0.0006653013
76 0.0007153732 0 0 0 0 0 0 0.000502321 0 0 0 0 0 0 0.000161544 0 0 0 0 0 0 0.000949211 0 0 0 0 0 0 0.0006401103 0 0 0 0 0 0 0.0002938409
77 0.000159174 0 0 0 0 0 0 0.000780007 0 0 0 0 0 0 0.0005882216 0 0 0 0 0 0 0.0006733782 0 0 0 0 0 0 0.001819331 0 0 0 0 0 0 0.0007026551
78 0.0004025735 0 0 0 0 0 0 0.0002569058 0 0 0 0 0 0 0.0004389329 0 0 0 0 0 0 0.0002514172 0 0 0 0 0 0 0.001612498 0 0 0 0 0 0 5.879916e-05
79 0.0007942237 0 0 0 0 0 0 0.0002427217 0 0 0 0 0 0 0.001061552 0 0 0 0 0 0 0.0009907611 0 0 0 0 0 0 0.001166666 0 0 0 0 0 0 0.000577354
80 0.0004720907 0 0 0 0 0 0 0.0002117952 0 0 0 0 0 0 0.0007231414 0 0 0 0 0 0 0.0001312803 0 0 0 0 0 0 0.000351176 0 0 0 0 0 0 0.001229926
81 0.0003435631 0 0 0 0 0 0 0.0002135436 0 0 0 0 0 0 0.001022389 0 0 0 0 0 0 0.0008904881 0 0 0 0 0 0 0.0006915697 0 0 0 0 0 0 0.0007646798
82 0.0003738419 0 0 0 0 0 0 0.0001955569 0 0 0 0 0 0 0.0002478567 0 0 0 0 0 0 0.0002842689 0 0 0 0 0 0 0.001274855 0 0 0 0 0 0 0.0001650279
83 0.0009609889 0 0 0 0 0 0 1.420645e-05 0 0 0 0 0 0 0.0005317338 0 0 0 0 0 0 0.0005956415 0 0 0 0 0 0 0.001778144 0 0 0 0 0 0 0.0009378392
84 0.0002794095 0 0 0 0 0 0 0.0009838602 0 0 0 0 0 0 0.0002600763 0 0 0 0 0 0 0.001695365 0 0 0 0 0 0 0.0007833419 0 0 0 0 0 0 0.001616819
85 0.0006889959 0 0 0 0 0 0 0.0002422147 0 0 0 0 0 0 0.0003925287 0 0 0 0 0 0 0.001454092 0 0 0 0 0 0 0.0002286803 0 0 0 0 0 0 0.0001096138
86 0.000621113 0 0 0 0 0 0 6.046468e-06 0 0 0 0 0 0 0.001650131 0 0 0 0 0 0 0.001034337 0 0 0 0 0 0 0.0007126848 0 0 0 0 0 0 0.0009284581
87 6.497596e-05 0 0 0 0 0 0 9.071675e-05 0 0 0 0 0 0 0.0001957918 0 0 0 0 0 0 0.001352848 0 0 0 0 0 0 0.0003100443 0 0 0 0 0 0 0.0003744229
88 0.0003617681 0 0 0 0 0 0 4.32324e-06 0 0 0 0 0 0 0.0007238301 0 0 0 0 0 0 0.0001561086 0 0 0 0 0 0 0.0005665587 0 0 0 0 0 0 0.001113799
89 0.0002882785 0 0 0 0 0 0 0.00026426 0 0 0 0 0 0 0.0009159537 0 0 0 0 0 0 0.0004001656 0 0 0 0 0 0 0.0001640102 0 0 0 0 0 0 0.0006370374
90 0.0002512715 0 0 0 0 0 0 1.838034e-05 0 0 0 0 0 0 0.001119898 0 0 0 0 0 0 0.0002563162 0 0 0 0 0 0 0.002505111 0 0 0 0 0 0 0.0007930461
91 0.0004629604 0 0 0 0 0 0 0.0004880227 0 0 0 0 0 0 0.0002804423 0 0 0 0 0 0 0.001451965 0 0 0 0 0 0 0.001998814 0 0 0 0 0 0 0.004171651
92 0.0003530046 0 0 0 0 0 0 0.000229604 0 0 0 0 0 0 0.0007807782 0 0 0 0 0 0 0.002264925 0 0 0 0 0 0 0.0002822216 0 0 0 0 0 0 0.0005403022
93 0.0001531054 0 0 0 0 0 0 0.0001030367 0 0 0 0 0 0 0.001959257 0 0 0 0 0 0 0.0009844826 0 0 0 0 0 0 0.002593736 0 0 0 0 0 0 0.0002331669
94 0.0001264318 0 0 0 0 0 0 0.0001518855 0 0 0 0 0 0 0.001171271 0 0 0 0 0 0 0.0003641402 0 0 0 0 0 0 0.0006700871 0 0 0 0 0 0 0.0007360087
95 0.0001219169 0 0 0 0 0 0 0.001173865 0 0 0 0 0 0 0.0003000327 0 0 0 0 0 0 0.00368669 0 0 0 0 0 0 0.002276923 0 0 0 0 0 0 0.0009366677
96 0.001509621 0 0 0 0 0 0 3.788718e-05 0 0 0 0 0 0 0.0002952409 0 0 0 0 0 0 9.498692e-05 0 0 0 0 0 0 0.001406379 0 0 0 0 0 0 0.00096204
97 0.0006214459 0 0 0 0 0 0 0.0007753656 0 0 0 0 0 0 0.0003273156 0 0 0 0 0 0 0.001151505 0 0 0 0 0 0 0.002611821 0 0 0 0 0 0 0.0009114073
98 5.357074e-05 0 0 0 0 0 0 0.0006825677 0 0 0 0 0 0 0.000144093 0 0 0 0 0 0 0.001280744 0 0 0 0 0 0 0.002631773 0 0 0 0 0 0 0.002066203
99 7.075016e-05 0 0 0 0 0 0 0.0008206537 0 0 0 0 0 0 0.0002060081 0 0 0 0 0 0 0.001657345 0 0 0 0 0 0 0.001073357 0 0 0 0 0 0 0.001862622
100 0.001129756 0 0 0 0 0 0 0.0004299781 0 0 0 0 0 0 0.000970861 0 0 0 0 0 0 0.0003683053 0 0 0 0 0 0 0.002847931 0 0 0 0 0 0 0.002349001
