1 5.687508 1.286005 0.3992741
2 0.7417595 0.9292375 0.5755728
3 1.955021 1.803646 3.717258
4 0.8655181 1.690943 0.1805881
5 2.07159 3.017365 1.059913
6 1.470435 0.01750797 0.814509
7 0.6161951 0.01569616 0.8274039
8 2.40893 1.651537 0.06393008
9 0.8179091 5.12388 0.7137757
10 2.733047 3.538184 0.4322201
11 1.878242 2.44546 3.311716
12 3.859091 1.124781 0.3215789
13 1.239493 1.993192 0.3660984
14 0.8705093 0.3500336 0.02512607
15 0.8498323 1.680307 0.777444
16 1.945648 1.221524 0.9555665
17 2.801074 2.26832 0.2747415
18 0.1864976 0.5294918 1.855317
19 0.6241445 3.884001 1.63825
20 0.5174613 1.825856 0.03083585
21 0.7635717 5.652553 0.5671467
22 0.03452297 0.3001872 0.3562994
23 2.720948 4.786808 0.1222543
24 0.9235243 2.588919 1.421873
25 1.798477 7.380335 6.789669
26 17.40816 0.6587138 4.574713
27 0.3276088 2.01604 0.4228363
28 1.834145 1.135531 0.945615
29 0.3576393 0.6781921 0.7125784
30 0.7978355 10.64943 1.123703
31 1.586592 2.060529 0.9918118
32 2.953852 17.94748 2.444333
33 0.2837626 0.6569757 0.181179
34 2.096802 0.209869 0.6210482
35 0.9425352 4.672289 1.475426
36 0.7356333 0.003264293 0.762946
37 1.844407 2.090667 3.794626
38 4.530486 0.6715437 0.04273051
39 1.328 2.234985 0.9728917
40 0.5675115 4.367149 1.133581
41 1.168792 2.739445 0.2814379
42 1.042059 4.379847 0.1376075
43 0.9217339 0.8946997 1.027096
44 1.321981 2.048214 0.4226322
45 0.4898958 1.027177 2.599183
46 0.103455 1.844251 0.599369
47 0.9895794 2.554148 0.6037731
48 0.710213 0.5926433 4.775295
49 2.02893 2.334813 0.3091309
50 1.683939 0.8863307 0.1010424
51 0.8338496 1.028914 0.5913909
52 0.6447704 4.667403 0.5442385
53 0.2529534 2.476841 0.5694727
54 0.4226313 3.238931 0.6672099
55 0.126228 11.09393 1.387447
56 0.9415052 2.323222 1.023578
57 1.808548 2.611401 0.5130673
58 1.510224 0.2268606 0.3009055
59 0.9686092 6.657231 0.3775845
60 1.719131 0.07749884 1.949457
61 2.564547 2.207268 0.4837789
62 0.200403 1.123671 0.2745981
63 2.174411 0.6935065 1.023223
64 0.9604895 1.490225 1.438852
65 0.3530246 10.36685 1.97142
66 0.199042 2.231042 0.5464413
67 5.114689 6.305612 0.6523373
68 1.800052 2.190233 0.7709803
69 1.244184 3.971014 0.3017326
70 0.6167847 1.804734 1.000661
71 1.498039 1.036423 1.308241
72 0.05241961 3.389666 0.7138458
73 0.4207488 2.715133 0.05846597
74 0.3559994 1.4992 0.9947657
75 1.625034 2.293458 1.347743
76 2.259762 2.470318 0.4083492
77 0.4020021 1.843482 3.2905
78 0.5738107 0.3065281 0.3508456
79 1.99678 1.983375 1.050452
80 2.68994 5.409594 2.163134
81 3.245617 1.995678 2.39725
82 0.2468884 1.382149 0.3039912
83 0.1523174 4.454494 0.2681287
84 2.050808 3.165488 0.7332813
85 8.400075 0.7043881 0.2018138
86 0.5882782 1.790841 0.241833
87 3.278144 2.0023 4.465545
88 1.798962 1.97668 1.292123
89 1.903326 0.3330477 0.01243888
90 1.853126 2.207493 0.9028008
91 1.781932 4.562058 0.5199907
92 0.5261737 8.937276 1.218008
93 0.7656181 13.98656 0.6102261
94 1.314737 1.444038 3.581432
95 1.898261 2.3464 1.007924
96 0.8070707 2.227619 0.3234313
97 1.429936 2.116584 0.5296969
98 1.149944 0.1111919 0.425722
99 0.1101233 1.178137 0.8519137
100 2.115958 1.346307 0.9231399
