1 0.0008922819 0 0 0 0 0 0 0.001177928 0 0 0 0 0 0 0.001713979 0 0 0 0 0 0 0.001080739 0 0 0 0 0 0 0.00218903 0 0 0 0 0 0 0.002161072
2 0.001233379 0 0 0 0 0 0 2.57381e-05 0 0 0 0 0 0 0.0008282116 0 0 0 0 0 0 0.0003328742 0 0 0 0 0 0 0.001816282 0 0 0 0 0 0 0.001499387
3 9.70996e-05 0 0 0 0 0 0 0.001062882 0 0 0 0 0 0 0.001868834 0 0 0 0 0 0 0.002718514 0 0 0 0 0 0 0.002113074 0 0 0 0 0 0 0.001990775
4 0.0001822224 0 0 0 0 0 0 0.0005052779 0 0 0 0 0 0 0.0002420451 0 0 0 0 0 0 0.0003984924 0 0 0 0 0 0 0.0001757161 0 0 0 0 0 0 0.0005525255
5 0.001106094 0 0 0 0 0 0 0.0002740468 0 0 0 0 0 0 0.001387193 0 0 0 0 0 0 8.561093e-05 0 0 0 0 0 0 0.0006883403 0 0 0 0 0 0 0.001501968
6 0.001956536 0 0 0 0 0 0 0.0005101493 0 0 0 0 0 0 0.0006475384 0 0 0 0 0 0 0.001057958 0 0 0 0 0 0 0.0009055355 0 0 0 0 0 0 0.003105243
7 0.0001530984 0 0 0 0 0 0 0.0002492217 0 0 0 0 0 0 0.001058099 0 0 0 0 0 0 0.0003110571 0 0 0 0 0 0 0.001317157 0 0 0 0 0 0 0.002577769
8 0.002204745 0 0 0 0 0 0 0.0008843768 0 0 0 0 0 0 0.000221554 0 0 0 0 0 0 0.0002784218 0 0 0 0 0 0 0.001577603 0 0 0 0 0 0 0.0006523931
9 0.001420507 0 0 0 0 0 0 0.0005355244 0 0 0 0 0 0 0.0003888549 0 0 0 0 0 0 3.312034e-05 0 0 0 0 0 0 0.0002106134 0 0 0 0 0 0 0.005963697
10 0.001985903 0 0 0 0 0 0 9.464756e-05 0 0 0 0 0 0 0.001210917 0 0 0 0 0 0 0.0009062528 0 0 0 0 0 0 0.0003951806 0 0 0 0 0 0 0.0003197634
11 0.001167634 0 0 0 0 0 0 0.0008296669 0 0 0 0 0 0 0.0007566189 0 0 0 0 0 0 8.041528e-07 0 0 0 0 0 0 0.001252463 0 0 0 0 0 0 0.00165896
12 0.001502581 0 0 0 0 0 0 0.0004261265 0 0 0 0 0 0 0.001296333 0 0 0 0 0 0 0.0009059612 0 0 0 0 0 0 0.00220455 0 0 0 0 0 0 0.002649567
13 0.0006484944 0 0 0 0 0 0 9.692517e-05 0 0 0 0 0 0 0.003145291 0 0 0 0 0 0 0.0004250596 0 0 0 0 0 0 0.001369916 0 0 0 0 0 0 0.002547005
14 0.0004891435 0 0 0 0 0 0 0.0002459857 0 0 0 0 0 0 0.0005359366 0 0 0 0 0 0 6.249841e-05 0 0 0 0 0 0 0.002579769 0 0 0 0 0 0 0.003726684
15 0.0006377105 0 0 0 0 0 0 0.0004322381 0 0 0 0 0 0 0.001276992 0 0 0 0 0 0 0.0001158641 0 0 0 0 0 0 8.495508e-06 0 0 0 0 0 0 0.003538031
16 0.0001204391 0 0 0 0 0 0 0.001069836 0 0 0 0 0 0 0.0003166894 0 0 0 0 0 0 0.001749387 0 0 0 0 0 0 0.002615556 0 0 0 0 0 0 0.002705641
17 1.601672e-05 0 0 0 0 0 0 0.0002520685 0 0 0 0 0 0 0.001656753 0 0 0 0 0 0 0.0004836413 0 0 0 0 0 0 0.001089362 0 0 0 0 0 0 2.885223e-05
18 0.001344354 0 0 0 0 0 0 0.0002297715 0 0 0 0 0 0 0.000531577 0 0 0 0 0 0 0.00066165 0 0 0 0 0 0 0.0033045 0 0 0 0 0 0 0.003170264
19 0.002690895 0 0 0 0 0 0 0.0001301631 0 0 0 0 0 0 0.002068206 0 0 0 0 0 0 3.004051e-05 0 0 0 0 0 0 0.001604615 0 0 0 0 0 0 0.003344835
20 0.000551688 0 0 0 0 0 0 0.0009542429 0 0 0 0 0 0 0.001411975 0 0 0 0 0 0 0.0004668444 0 0 0 0 0 0 0.001475663 0 0 0 0 0 0 0.004863197
21 0.0008223232 0 0 0 0 0 0 0.0002409413 0 0 0 0 0 0 0.0005986777 0 0 0 0 0 0 0.0004932584 0 0 0 0 0 0 0.001036417 0 0 0 0 0 0 0.003348419
22 5.569356e-05 0 0 0 0 0 0 0.0001641236 0 0 0 0 0 0 0.0005628393 0 0 0 0 0 0 0.0005530388 0 0 0 0 0 0 0.0007780449 0 0 0 0 0 0 0.002249419
23 0.0008207105 0 0 0 0 0 0 0.0009071006 0 0 0 0 0 0 0.001775914 0 0 0 0 0 0 0.003237563 0 0 0 0 0 0 0.0009746225 0 0 0 0 0 0 0.0004832112
24 0.001517943 0 0 0 0 0 0 0.0003128229 0 0 0 0 0 0 0.001097438 0 0 0 0 0 0 0.000336057 0 0 0 0 0 0 0.00154212 0 0 0 0 0 0 0.001669377
25 0.001579375 0 0 0 0 0 0 0.0002179254 0 0 0 0 0 0 0.0009194503 0 0 0 0 0 0 0.0005512402 0 0 0 0 0 0 0.001133869 0 0 0 0 0 0 0.0007296949
26 0.0006636279 0 0 0 0 0 0 0.0006621227 0 0 0 0 0 0 0.0003168515 0 0 0 0 0 0 0.001055374 0 0 0 0 0 0 0.001021112 0 0 0 0 0 0 0.002977193
27 0.001018446 0 0 0 0 0 0 0.0007515289 0 0 0 0 0 0 0.0006158871 0 0 0 0 0 0 0.001000324 0 0 0 0 0 0 0.003046095 0 0 0 0 0 0 0.002291483
28 0.0007386791 0 0 0 0 0 0 0.0001585433 0 0 0 0 0 0 0.0004792295 0 0 0 0 0 0 0.0009803987 0 0 0 0 0 0 0.0004081055 0 0 0 0 0 0 0.0007294129
29 0.002490705 0 0 0 0 0 0 0.0003735389 0 0 0 0 0 0 0.0005788994 0 0 0 0 0 0 0.001742415 0 0 0 0 0 0 0.0009632885 0 0 0 0 0 0 0.001048321
30 0.0006802218 0 0 0 0 0 0 0.0007296233 0 0 0 0 0 0 0.001016952 0 0 0 0 0 0 0.00215813 0 0 0 0 0 0 0.003710717 0 0 0 0 0 0 0.003832288
31 0.0008991945 0 0 0 0 0 0 0.001055798 0 0 0 0 0 0 0.001289651 0 0 0 0 0 0 0.0008476706 0 0 0 0 0 0 0.001741326 0 0 0 0 0 0 0.003198321
32 0.0008676481 0 0 0 0 0 0 1.933173e-05 0 0 0 0 0 0 0.0007525816 0 0 0 0 0 0 0.000494603 0 0 0 0 0 0 0.0001861134 0 0 0 0 0 0 0.0009216041
33 0.001156708 0 0 0 0 0 0 0.0006240425 0 0 0 0 0 0 0.0003668085 0 0 0 0 0 0 8.921226e-05 0 0 0 0 0 0 0.0008814392 0 0 0 0 0 0 0.006689933
34 0.0009238497 0 0 0 0 0 0 0.0002275888 0 0 0 0 0 0 0.002576665 0 0 0 0 0 0 0.0001610375 0 0 0 0 0 0 0.001458968 0 0 0 0 0 0 0.0002185031
35 0.001158449 0 0 0 0 0 0 0.0002142894 0 0 0 0 0 0 0.0003199104 0 0 0 0 0 0 0.0002307188 0 0 0 0 0 0 9.387196e-06 0 0 0 0 0 0 0.003689137
36 0.002227846 0 0 0 0 0 0 0.0003484361 0 0 0 0 0 0 0.001054871 0 0 0 0 0 0 0.0002688535 0 0 0 0 0 0 0.0005029755 0 0 0 0 0 0 0.000958819
37 0.003557732 0 0 0 0 0 0 0.0002380681 0 0 0 0 0 0 0.0004998645 0 0 0 0 0 0 0.0006587577 0 0 0 0 0 0 0.002116126 0 0 0 0 0 0 0.002095778
38 3.030071e-05 0 0 0 0 0 0 5.13432e-05 0 0 0 0 0 0 0.0007470818 0 0 0 0 0 0 0.0004367893 0 0 0 0 0 0 7.147871e-05 0 0 0 0 0 0 0.003380737
39 0.0001960563 0 0 0 0 0 0 0.000296439 0 0 0 0 0 0 0.0002454703 0 0 0 0 0 0 0.0001064948 0 0 0 0 0 0 0.0008112891 0 0 0 0 0 0 0.002575285
40 0.0008236674 0 0 0 0 0 0 0.0006512061 0 0 0 0 0 0 0.001612076 0 0 0 0 0 0 0.002625268 0 0 0 0 0 0 0.0003518568 0 0 0 0 0 0 0.002302203
41 0.000723564 0 0 0 0 0 0 0.0003736786 0 0 0 0 0 0 0.0002737811 0 0 0 0 0 0 0.0001057627 0 0 0 0 0 0 0.001914526 0 0 0 0 0 0 0.001388973
42 0.0007007017 0 0 0 0 0 0 0.0004621288 0 0 0 0 0 0 0.0007961166 0 0 0 0 0 0 0.001336667 0 0 0 0 0 0 0.002244652 0 0 0 0 0 0 0.0002654666
43 0.00122508 0 0 0 0 0 0 0.0003789877 0 0 0 0 0 0 0.001664466 0 0 0 0 0 0 0.0008727607 0 0 0 0 0 0 1.700587e-05 0 0 0 0 0 0 0.002589871
44 0.0005248374 0 0 0 0 0 0 0.000129047 0 0 0 0 0 0 0.0009676665 0 0 0 0 0 0 0.001123012 0 0 0 0 0 0 0.0004485474 0 0 0 0 0 0 0.0001643974
45 0.0005144518 0 0 0 0 0 0 0.001047885 0 0 0 0 0 0 0.002072971 0 0 0 0 0 0 0.0005661427 0 0 0 0 0 0 0.002910197 0 0 0 0 0 0 0.003450653
46 0.0007247412 0 0 0 0 0 0 4.632824e-05 0 0 0 0 0 0 0.001645979 0 0 0 0 0 0 0.001742796 0 0 0 0 0 0 0.001399771 0 0 0 0 0 0 0.003268597
47 0.0006074482 0 0 0 0 0 0 0.0009020362 0 0 0 0 0 0 0.00301154 0 0 0 0 0 0 0.00195189 0 0 0 0 0 0 0.002446152 0 0 0 0 0 0 0.004031775
48 0.0003895949 0 0 0 0 0 0 0.0006297348 0 0 0 0 0 0 0.0002079371 0 0 0 0 0 0 0.0002461067 0 0 0 0 0 0 0.0004794104 0 0 0 0 0 0 0.0006084911
49 0.00037346 0 0 0 0 0 0 0.0009637378 0 0 0 0 0 0 0.001093457 0 0 0 0 0 0 5.701179e-05 0 0 0 0 0 0 0.003106925 0 0 0 0 0 0 0.002144635
50 0.002047281 0 0 0 0 0 0 0.0008745591 0 0 0 0 0 0 0.0008085631 0 0 0 0 0 0 0.0007489921 0 0 0 0 0 0 0.0007864603 0 0 0 0 0 0 0.001078116
51 0.001873758 0 0 0 0 0 0 8.250797e-05 0 0 0 0 0 0 0.0005834943 0 0 0 0 0 0 0.0006815213 0 0 0 0 0 0 0.0002591246 0 0 0 0 0 0 0.005077367
52 0.001766866 0 0 0 0 0 0 0.0002417244 0 0 0 0 0 0 0.0006152684 0 0 0 0 0 0 0.001131912 0 0 0 0 0 0 0.001273683 0 0 0 0 0 0 0.001187428
53 0.000782665 0 0 0 0 0 0 0.0007090513 0 0 0 0 0 0 0.0009453123 0 0 0 0 0 0 0.000390853 0 0 0 0 0 0 0.003882257 0 0 0 0 0 0 0.001955463
54 0.0008555039 0 0 0 0 0 0 0.0004176359 0 0 0 0 0 0 0.001664247 0 0 0 0 0 0 0.0007747799 0 0 0 0 0 0 0.001148942 0 0 0 0 0 0 0.0007425688
55 0.0009604751 0 0 0 0 0 0 0.0005002443 0 0 0 0 0 0 0.0005658169 0 0 0 0 0 0 7.041211e-05 0 0 0 0 0 0 0.001385083 0 0 0 0 0 0 0.00125372
56 0.0002215962 0 0 0 0 0 0 8.836995e-05 0 0 0 0 0 0 0.0001533896 0 0 0 0 0 0 0.001038657 0 0 0 0 0 0 0.0006215453 0 0 0 0 0 0 0.0007701865
57 0.0001790934 0 0 0 0 0 0 0.000466443 0 0 0 0 0 0 0.0002282945 0 0 0 0 0 0 0.003321257 0 0 0 0 0 0 0.001015383 0 0 0 0 0 0 0.001338172
58 0.001171231 0 0 0 0 0 0 0.0002323553 0 0 0 0 0 0 4.348091e-06 0 0 0 0 0 0 0.0002359135 0 0 0 0 0 0 0.002463744 0 0 0 0 0 0 0.0005203905
59 0.0002194837 0 0 0 0 0 0 0.0001307183 0 0 0 0 0 0 0.001346813 0 0 0 0 0 0 0.001206957 0 0 0 0 0 0 0.0008595572 0 0 0 0 0 0 0.002109868
60 0.0003608785 0 0 0 0 0 0 0.001069285 0 0 0 0 0 0 0.0008411775 0 0 0 0 0 0 0.0009802976 0 0 0 0 0 0 0.001510297 0 0 0 0 0 0 0.002856287
61 0.0005358275 0 0 0 0 0 0 6.550664e-05 0 0 0 0 0 0 0.0001065102 0 0 0 0 0 0 5.910051e-05 0 0 0 0 0 0 0.0002662377 0 0 0 0 0 0 0.005067345
62 0.0005659699 0 0 0 0 0 0 0.0004657946 0 0 0 0 0 0 0.001432036 0 0 0 0 0 0 0.0005515656 0 0 0 0 0 0 0.003871619 0 0 0 0 0 0 0.004460454
63 0.001604495 0 0 0 0 0 0 0.0004528408 0 0 0 0 0 0 0.0006519241 0 0 0 0 0 0 0.0008838833 0 0 0 0 0 0 0.002988439 0 0 0 0 0 0 0.004385221
64 0.001184707 0 0 0 0 0 0 0.000235041 0 0 0 0 0 0 0.001528713 0 0 0 0 0 0 0.0003603028 0 0 0 0 0 0 0.0002428642 0 0 0 0 0 0 0.007232671
65 0.0007279408 0 0 0 0 0 0 0.0004388574 0 0 0 0 0 0 0.001362602 0 0 0 0 0 0 0.001905379 0 0 0 0 0 0 0.0001998129 0 0 0 0 0 0 0.002079034
66 0.002229389 0 0 0 0 0 0 0.0002337281 0 0 0 0 0 0 0.001933345 0 0 0 0 0 0 0.001324353 0 0 0 0 0 0 0.003126082 0 0 0 0 0 0 0.0005672772
67 0.0002243895 0 0 0 0 0 0 0.0003564752 0 0 0 0 0 0 0.001859483 0 0 0 0 0 0 0.001648727 0 0 0 0 0 0 0.0009311375 0 0 0 0 0 0 0.002945899
68 0.0001312371 0 0 0 0 0 0 0.0003496926 0 0 0 0 0 0 8.745022e-05 0 0 0 0 0 0 0.0006208807 0 0 0 0 0 0 0.002157296 0 0 0 0 0 0 0.002908116
69 0.0005292425 0 0 0 0 0 0 0.0007533697 0 0 0 0 0 0 0.001535128 0 0 0 0 0 0 0.0004439926 0 0 0 0 0 0 0.002404501 0 0 0 0 0 0 0.004471712
70 0.0004097947 0 0 0 0 0 0 0.0002182774 0 0 0 0 0 0 0.002019095 0 0 0 0 0 0 0.00027119 0 0 0 0 0 0 0.002611729 0 0 0 0 0 0 0.00187939
71 0.000740764 0 0 0 0 0 0 0.0008853644 0 0 0 0 0 0 0.0006345675 0 0 0 0 0 0 0.0003772064 0 0 0 0 0 0 0.0003858123 0 0 0 0 0 0 0.001053946
72 0.001800031 0 0 0 0 0 0 0.0002207098 0 0 0 0 0 0 0.001476046 0 0 0 0 0 0 0.001476053 0 0 0 0 0 0 0.0004639575 0 0 0 0 0 0 0.002472771
73 0.001656324 0 0 0 0 0 0 0.0003069541 0 0 0 0 0 0 0.002057643 0 0 0 0 0 0 0.001547015 0 0 0 0 0 0 0.002823917 0 0 0 0 0 0 0.0045177
74 5.308085e-05 0 0 0 0 0 0 0.0007953053 0 0 0 0 0 0 0.00142343 0 0 0 0 0 0 0.001448611 0 0 0 0 0 0 0.001301621 0 0 0 0 0 0 0.006254372
75 0.0004536248 0 0 0 0 0 0 0.001169638 0 0 0 0 0 0 0.000606451 0 0 0 0 0 0 0.002295538 0 0 0 0 0 0 0.001494757 0 0 0 0 0 0 0.003828682
76 0.001238632 0 0 0 0 0 0 0.0002099442 0 0 0 0 0 0 0.0006363165 0 0 0 0 0 0 0.0007910101 0 0 0 0 0 0 0.0004536884 0 0 0 0 0 0 0.002078016
77 0.001196345 0 0 0 0 0 0 0.0005595808 0 0 0 0 0 0 0.0005848711 0 0 0 0 0 0 0.00112662 0 0 0 0 0 0 0.002154019 0 0 0 0 0 0 0.0007904284
78 0.0007646748 0 0 0 0 0 0 0.0005869221 0 0 0 0 0 0 0.0002660151 0 0 0 0 0 0 0.000518319 0 0 0 0 0 0 0.001259892 0 0 0 0 0 0 0.0008510325
79 0.000564928 0 0 0 0 0 0 0.001401745 0 0 0 0 0 0 0.001359612 0 0 0 0 0 0 0.001647156 0 0 0 0 0 0 0.002620458 0 0 0 0 0 0 0.000671662
80 0.0001299502 0 0 0 0 0 0 0.0007729033 0 0 0 0 0 0 0.0002023317 0 0 0 0 0 0 0.001990976 0 0 0 0 0 0 0.001215918 0 0 0 0 0 0 0.001040428
81 0.0002511582 0 0 0 0 0 0 5.752408e-05 0 0 0 0 0 0 0.0009092757 0 0 0 0 0 0 0.0004732577 0 0 0 0 0 0 8.311544e-05 0 0 0 0 0 0 0.003071879
82 0.0004115586 0 0 0 0 0 0 0.001167599 0 0 0 0 0 0 2.528452e-05 0 0 0 0 0 0 0.002173455 0 0 0 0 0 0 0.005086149 0 0 0 0 0 0 0.002860652
83 0.001179313 0 0 0 0 0 0 0.001246026 0 0 0 0 0 0 0.0002661385 0 0 0 0 0 0 0.0002910114 0 0 0 0 0 0 0.001240609 0 0 0 0 0 0 0.001935199
84 0.002378462 0 0 0 0 0 0 0.0001510897 0 0 0 0 0 0 4.495498e-05 0 0 0 0 0 0 0.00185564 0 0 0 0 0 0 0.002176744 0 0 0 0 0 0 0.009385192
85 0.00119398 0 0 0 0 0 0 0.000490298 0 0 0 0 0 0 0.0007383079 0 0 0 0 0 0 0.0005909808 0 0 0 0 0 0 0.0007484531 0 0 0 0 0 0 0.001897798
86 0.001399503 0 0 0 0 0 0 0.0002172493 0 0 0 0 0 0 0.001428761 0 0 0 0 0 0 0.0003206862 0 0 0 0 0 0 0.0008239526 0 0 0 0 0 0 0.001612639
87 0.0009764356 0 0 0 0 0 0 0.0003000498 0 0 0 0 0 0 0.003294908 0 0 0 0 0 0 2.58295e-05 0 0 0 0 0 0 0.0004348197 0 0 0 0 0 0 0.005260738
88 0.001442262 0 0 0 0 0 0 0.001550686 0 0 0 0 0 0 4.039382e-05 0 0 0 0 0 0 0.001767443 0 0 0 0 0 0 0.003300215 0 0 0 0 0 0 0.002770476
89 0.0008857265 0 0 0 0 0 0 0.0004790251 0 0 0 0 0 0 0.0009406221 0 0 0 0 0 0 5.296994e-05 0 0 0 0 0 0 3.350806e-05 0 0 0 0 0 0 0.001259317
90 0.0002896042 0 0 0 0 0 0 0.0003834626 0 0 0 0 0 0 0.0002842028 0 0 0 0 0 0 0.001387025 0 0 0 0 0 0 0.0008493198 0 0 0 0 0 0 0.0002803649
91 0.0006834655 0 0 0 0 0 0 0.0003045677 0 0 0 0 0 0 0.001254963 0 0 0 0 0 0 0.001638265 0 0 0 0 0 0 0.0002807797 0 0 0 0 0 0 0.00166655
92 0.001837013 0 0 0 0 0 0 0.0003857782 0 0 0 0 0 0 0.0006266881 0 0 0 0 0 0 0.0008656971 0 0 0 0 0 0 0.002524646 0 0 0 0 0 0 0.001828399
93 0.000250638 0 0 0 0 0 0 0.000838232 0 0 0 0 0 0 0.0002809382 0 0 0 0 0 0 0.0007672656 0 0 0 0 0 0 0.004258298 0 0 0 0 0 0 0.002247118
94 0.0008257411 0 0 0 0 0 0 0.0003268846 0 0 0 0 0 0 0.0005096976 0 0 0 0 0 0 0.001109519 0 0 0 0 0 0 0.001259668 0 0 0 0 0 0 0.002918468
95 0.001250434 0 0 0 0 0 0 0.0003316986 0 0 0 0 0 0 0.001736412 0 0 0 0 0 0 0.0005605168 0 0 0 0 0 0 0.002102856 0 0 0 0 0 0 0.0014633
96 0.0003297763 0 0 0 0 0 0 0.0004651618 0 0 0 0 0 0 0.0009384165 0 0 0 0 0 0 0.001988538 0 0 0 0 0 0 0.0006558998 0 0 0 0 0 0 0.0003257268
97 0.00237875 0 0 0 0 0 0 0.0001397124 0 0 0 0 0 0 0.001373957 0 0 0 0 0 0 0.0008776189 0 0 0 0 0 0 0.001614215 0 0 0 0 0 0 0.0003753217
98 0.002389602 0 0 0 0 0 0 0.0001744966 0 0 0 0 0 0 0.0001221335 0 0 0 0 0 0 0.0005929677 0 0 0 0 0 0 0.002669923 0 0 0 0 0 0 0.001258485
99 0.001810087 0 0 0 0 0 0 0.0001525354 0 0 0 0 0 0 3.782314e-05 0 0 0 0 0 0 0.0003175548 0 0 0 0 0 0 0.001325873 0 0 0 0 0 0 0.002788082
100 0.0008802761 0 0 0 0 0 0 0.0006748847 0 0 0 0 0 0 0.001257172 0 0 0 0 0 0 0.001773923 0 0 0 0 0 0 0.001438417 0 0 0 0 0 0 0.00171589
