1 0.1684392 0.5307505 0.5045489 0.7309505 0.05271625 0.3063565
2 0.09106958 0.2915627 0.1025554 0.2518303 0.08682159 0.2732067
3 0.0102183 0.2499126 0.05529017 0.1122024 0.4959143 0.1738635
4 0.001476975 0.1851795 0.2580264 0.2118506 0.837406 0.2144214
5 0.108463 0.2269212 0.5378442 0.3853683 0.2720695 0.04614265
6 0.02062829 0.05825082 0.04741463 0.06122249 0.136549 0.01833675
7 0.2889757 0.5817928 0.2398912 0.3226439 0.2026724 0.1774004
8 0.2349418 0.04425256 0.2314335 0.304543 0.08891073 0.09736779
9 0.08810419 0.05059872 0.6493736 0.1989767 0.2669967 0.3912006
10 0.2845592 0.0305321 0.4506846 0.5469054 0.1562822 0.276858
11 0.4434374 0.1643023 0.01720868 0.5557168 0.2563186 0.05058474
12 0.3002504 0.02448603 0.2150187 0.5096294 0.3630999 0.2273254
13 0.006343857 0.04386936 0.3054353 0.007927064 0.4456201 0.3351067
14 0.06585434 0.4432363 0.4079214 0.08107743 0.2698987 0.3434834
15 0.3728818 0.09521609 0.1033002 0.4651238 0.2965094 0.4316768
16 0.357174 0.3853739 0.01532449 0.1471399 0.571855 0.6506909
17 0.2773034 0.008031326 0.3602136 0.7135003 0.4443128 0.2400613
18 0.1408584 0.1948448 0.1789564 0.3336338 0.3669162 0.195912
19 0.1858539 0.3110886 0.2981835 0.5133495 0.3631298 0.4214999
20 0.2171384 0.3959518 0.7362642 0.7401644 0.00541628 0.02708049
21 0.2775021 0.6612605 0.3684452 0.2826548 0.1339797 0.3101943
22 0.01252915 0.3295259 0.5391513 0.1604723 0.02526998 0.09632499
23 0.04034723 0.2608504 0.8077477 0.5791345 0.07263021 0.2024067
24 0.07488731 0.1952032 0.8191593 0.8955946 0.2313548 0.03247946
25 0.3747258 0.07931431 0.2610613 0.5729193 0.007736676 0.1422028
26 0.2448422 0.07026518 0.6375958 0.6416228 0.3944894 0.7620609
27 0.03014474 0.3163802 0.8110764 0.5737768 0.9721635 0.8716132
28 0.09261369 0.5791175 0.1514095 0.05336567 0.004408505 0.370223
29 0.2222423 0.2756689 0.9011735 0.6273598 0.2313685 0.01685942
30 0.2332176 0.1260123 0.0380179 0.02314939 0.3131138 0.06601569
31 0.1565409 0.1359999 1.276175 0.166184 0.3103135 0.3291566
32 0.1462611 0.1100102 0.2561185 0.7154167 0.3892518 0.2328541
33 0.4040639 0.03327022 0.05434855 0.365538 0.3849651 0.134466
34 0.1952566 0.6705738 0.2462241 0.07727484 0.3530176 0.2832097
35 0.1788011 0.0418643 0.5050081 0.7120641 0.2310613 0.1920091
36 0.04488825 0.06733976 0.5398397 0.2023075 0.05669694 0.127906
37 0.1756447 0.4283882 1.178281 1.167004 0.2546324 0.0843999
38 0.3882252 0.4124869 0.3739739 0.2347601 0.009098952 0.2551206
39 0.1712631 0.19891 0.06706136 0.315426 0.1479294 0.2387856
40 0.01132388 0.6422886 0.2483895 0.240551 0.4633798 0.6183156
41 0.1308639 0.05256116 0.142266 0.1872316 0.2104816 0.02531842
42 0.1600377 0.09519701 0.004981082 0.1854445 0.615674 0.2519823
43 0.1175612 0.2386934 0.5536303 0.4891692 0.5103847 0.2457846
44 0.0296349 0.3090815 0.4376378 0.05922954 0.1451269 0.1845622
45 0.1279166 0.2024202 0.9301388 1.330536 1.16137 0.5591451
46 0.1015387 0.2833384 0.07614508 0.2717319 0.1941822 0.4008707
47 0.3540814 0.168324 0.5107658 0.4255678 0.008277635 0.1405533
48 0.02538211 0.1938355 0.3030149 0.4860916 0.3378514 0.2907073
49 0.006203877 0.05883251 0.1062467 0.5991676 0.5231685 0.3821935
50 0.1746387 0.1116098 0.4861747 0.2308491 0.5476075 0.879936
51 0.09507252 0.09668523 0.07209921 0.7478295 0.2313667 0.05794389
52 0.0278039 0.09401788 0.4912684 0.9457193 0.5307462 1.718767
53 0.3612776 0.4617076 0.037811 0.4615578 0.2800104 0.2732869
54 0.09636472 0.1415946 0.09658232 0.2461337 0.08749817 0.02922208
55 0.09496224 0.1448407 0.1329125 0.06212126 0.2520031 0.5669341
56 0.240201 0.07895329 0.4248555 0.08043094 0.3821845 0.1418127
57 0.009006185 0.06251851 0.08588029 0.5707943 0.5242366 0.0343836
58 0.6270927 0.2398194 1.198911 1.117965 0.6974625 0.1934761
59 0.5341573 0.2474015 0.4334799 0.1243436 0.02739366 0.1081461
60 0.1818865 0.1144896 0.7197083 0.4754677 0.1748777 0.325998
61 0.3489378 0.01396022 0.5164985 1.260715 0.1975562 0.4766044
62 0.3606509 0.2961362 0.3104948 0.123338 0.1374668 0.1954613
63 0.3330793 0.3040723 0.1737712 0.08454483 0.2670875 0.2185589
64 0.1842149 0.245075 0.1830058 0.451262 0.3889598 0.2689259
65 0.1112082 0.2878248 0.5116452 0.1882486 0.3306764 0.2360804
66 0.3207711 0.448557 0.2930454 0.4464819 0.08045307 0.3954723
67 0.4182716 0.1488103 0.1196318 0.1484484 0.571653 0.1010357
68 0.3866616 0.05415542 0.1224761 0.4396 0.07637194 0.06855084
69 0.199827 0.1832757 0.3699468 0.4299395 0.1598933 0.260736
70 0.1590652 0.2980338 0.05840393 0.132588 0.1518372 0.0261885
71 0.2449842 0.1035069 0.236408 0.4891552 0.595923 0.279212
72 0.5184354 0.5711212 0.4290711 0.1696388 0.08063443 0.1061855
73 0.1624727 0.09591756 0.1566127 0.2068905 0.4286488 0.6595841
74 0.006725276 0.09994434 0.1840234 0.5606435 0.2386459 0.03987783
75 0.3255555 0.1540264 0.178822 0.3040697 0.4480186 0.04193202
76 0.1849226 0.1983142 1.346245 0.3700386 0.2973013 0.01720843
77 0.5349986 0.4159684 0.8054204 0.196318 0.2193937 0.05250881
78 0.001894176 0.1771483 0.008543503 0.08843306 0.2063394 0.8195739
79 0.048511 0.100001 0.037218 0.001543398 0.05321938 0.1054023
80 0.2106112 0.04065373 0.8794007 0.2064625 0.05502783 0.1930416
81 0.02550974 0.1788991 0.1846961 0.5988437 0.4050123 0.9957845
82 0.2893549 0.4568094 0.3065277 0.5671965 0.1340725 0.1628644
83 0.5737951 0.202466 0.5565921 0.1990553 0.4299695 0.08434292
84 0.1701478 0.1871933 0.3168465 1.082002 0.1421813 0.01581666
85 0.07854199 0.06758972 0.6550148 0.2611087 0.3757531 0.6943577
86 0.1965843 0.1852659 0.4978042 0.253661 0.02011013 0.2656648
87 0.3981681 0.3151606 0.5097491 1.626677 0.5745862 0.4515453
88 0.3631648 0.2210672 0.4055526 0.2518088 0.1883986 0.2772504
89 0.2208291 0.2959232 0.338194 0.2938012 0.8374821 0.8443567
90 0.04160981 0.04229528 0.9945028 0.2329363 0.4447074 0.2136145
91 0.1556325 0.08730817 0.807831 0.01766003 0.03901117 0.3347421
92 0.06927865 0.1230196 0.0936311 0.02096971 0.1074534 0.3931999
93 0.09925951 0.02426116 0.2815818 0.3137753 0.1489387 0.3323569
94 0.3863513 0.1058363 0.140142 0.2649924 0.08856107 0.4474578
95 0.03479982 0.1001833 0.4889051 0.01944021 0.03679467 0.7625644
96 0.3278372 0.05220764 0.3544186 0.4637689 0.1307723 0.0008156853
97 0.09652019 0.1929814 0.07891738 0.1084232 0.2330986 0.2471162
98 0.2660065 0.3119677 0.1898991 0.3159109 0.04201066 0.08280464
99 0.2775581 0.153242 0.105411 0.3704484 0.3130672 0.2707805
100 0.05513241 0.2378742 0.01040593 0.09284834 0.2966519 0.1696757
