1 0.01579247 0.01579814 0.07273933 0.0838605 0.1908891 0.182273 0.1716024 0.1495559 0.1726965 0.1718339 0.3479009 0.3508717 0.1580216 0.1381451 0.1042632 0.003653818 0.1365589 0.4088908 0.06905621 0.331824 0.1655824 0.08491026 0.1147512 0.0004000611 0.0002352133 0.0003636288 0.0005272285 0.0006773537 0.000693557 1.181425 3.114071 0.002537118 0.0005074256 0.002251217 0.0009023352 0.004206832 0.000345458 0.004119416 0.003160695 0.0004322994 0.001701253 0.003599262 0.004308344 0.005163245
2 0.01609705 0.01610813 0.103091 0.1211978 0.1808717 0.1824559 0.160092 0.1616984 0.169781 0.1732618 0.3418899 0.3250988 0.146784 0.1436393 0.1219696 0.009537186 0.3197287 0.3641364 0.07352151 0.3691219 0.1435038 0.04832409 0.1502662 0.000262081 0.0002007568 0.0002990262 0.0005668195 0.0005516125 0.0006882804 1.73474 2.562256 0.002557559 0.000506339 0.002398423 0.0009909225 0.004472959 0.0004290916 0.004388453 0.003177614 0.0004698968 0.001715457 0.003831585 0.004548832 0.005505425
3 0.01531707 0.0154712 0.09607345 0.1016314 0.2022583 0.1993227 0.1375088 0.1396017 0.1560881 0.1600173 0.4238302 0.4289931 0.1509108 0.1410719 0.1165359 0.03741771 0.1658148 0.4346556 0.05832365 0.4331255 0.1732014 0.08613116 0.1653637 0.0003688798 0.0002226485 0.0003751541 0.0006009091 0.0005954815 0.0007296405 1.043603 2.514605 0.002615536 0.000578543 0.002206382 0.0009186083 0.004075451 0.0004813723 0.004042365 0.003080228 0.0004550768 0.001761806 0.003462384 0.004250404 0.005132121
4 0.01625249 0.01623233 0.08115645 0.08742951 0.1949331 0.1888407 0.1697889 0.1663779 0.1621412 0.1719352 0.3762532 0.3711292 0.1460648 0.1441012 0.09399067 0.006338398 0.1807119 0.4191221 0.01922442 0.3923807 0.1394798 0.03710741 0.07971351 0.0003268933 0.000223685 0.0003528617 0.0006265612 0.0006114134 0.0008472274 0.9367417 1.679987 0.002518992 0.0005217642 0.002427745 0.0009449516 0.004479301 0.0002970682 0.004420799 0.003229175 0.0004636362 0.001790019 0.003830883 0.004502746 0.005562736
5 0.01591914 0.01608535 0.09405609 0.104018 0.1770101 0.1749545 0.1540747 0.1550338 0.1614701 0.183598 0.3929642 0.3932409 0.1552908 0.152952 0.1035462 0.00814442 0.1459255 0.3538985 0.04230832 0.3854497 0.1322072 0.01956264 0.1480331 0.0003245964 0.0002067089 0.000379069 0.0004732477 0.0006538976 0.0006330908 0.9828914 2.108598 0.002538275 0.0004735098 0.002269847 0.0008891483 0.004180635 0.0002925907 0.004105775 0.003110473 0.0004421062 0.0016734 0.003580099 0.004377861 0.00517528
6 0.01599933 0.01597628 0.09917753 0.1053562 0.1756232 0.1792348 0.1393009 0.1395688 0.1617624 0.1882423 0.3331543 0.3258259 0.1450108 0.1379197 0.1410697 0.01111251 0.1837857 0.3807328 0.06666571 0.4379904 0.1207629 0.07044397 0.1484908 0.000359259 0.0002488051 0.0003989129 0.0006600707 0.0006321 0.0008249251 1.265929 1.636855 0.002550848 0.0005850228 0.002226403 0.0008816814 0.004133852 0.0004481687 0.004040339 0.003093587 0.0004683582 0.001719205 0.003538928 0.00421602 0.005119614
7 0.01595711 0.0159873 0.09650092 0.1102501 0.1881473 0.1795053 0.1288484 0.136834 0.161892 0.176059 0.3097779 0.3043287 0.1541908 0.1441918 0.1170153 0.01057115 0.2226345 0.4670525 0.0181742 0.4550984 0.07986283 0.006441793 0.07020766 0.0003033991 0.0002281384 0.0003565724 0.0005179245 0.0006050783 0.0006724679 1.132522 1.708852 0.002535189 0.0004826468 0.00234146 0.0009187059 0.004302635 0.0002649884 0.004201862 0.003080963 0.0004619202 0.001708326 0.00367532 0.004407283 0.005253552
8 0.01608146 0.0161545 0.08285608 0.1050473 0.2049346 0.1915932 0.1596961 0.1636036 0.1531436 0.1851365 0.386697 0.375311 0.1429558 0.1515064 0.1045647 0.01157174 0.2325073 0.641347 0.03799351 0.6342579 0.1722437 0.09160679 0.1674851 0.0002695472 0.0002169866 0.0004060548 0.0005484454 0.0005682794 0.0007686198 1.358565 2.281276 0.002525417 0.0004903717 0.002425729 0.0009463725 0.004500352 0.0003710962 0.004396932 0.003211702 0.0004634962 0.001791586 0.003845893 0.004562142 0.005547094
9 0.01526221 0.01536653 0.08494682 0.09475588 0.1863767 0.1802003 0.1443367 0.1423759 0.1740595 0.1786082 0.3898318 0.3813164 0.1346027 0.1288744 0.137296 0.0100153 0.1898951 0.6230406 0.09629355 0.5029413 0.1495423 0.09936421 0.08216101 0.0003454699 0.0002240728 0.0003446312 0.0005824201 0.0007118455 0.0008809552 1.052851 1.883292 0.002657873 0.0005949322 0.002268088 0.0008921236 0.004178191 0.0005270152 0.004150252 0.003034461 0.0004462315 0.001716148 0.003569201 0.00430927 0.005254288
10 0.01611939 0.01625605 0.09291235 0.09854481 0.1934086 0.1936936 0.1805794 0.1543841 0.1642453 0.1717828 0.3721339 0.4017939 0.1656667 0.1331464 0.1300046 0.02726893 0.1762444 0.4801479 0.0703851 0.518072 0.135084 0.06058989 0.07040024 0.0002931442 0.0002072474 0.0004216222 0.0005250178 0.0005536901 0.0006701727 0.8124652 2.070112 0.00253111 0.0005300584 0.00226549 0.000919888 0.004205028 0.000380678 0.004068306 0.003012658 0.0004900092 0.001727335 0.003588043 0.004266289 0.005113793
11 0.01555661 0.01568151 0.08382292 0.09369235 0.1813303 0.1732852 0.1290877 0.126099 0.1480174 0.16134 0.3707431 0.3415465 0.1527331 0.1509539 0.1371704 0.006708322 0.2131716 0.4944022 0.0543735 0.4652199 0.1206651 0.05306978 0.07505375 0.0003096636 0.0001927748 0.0003763731 0.0004679556 0.0005193158 0.0006182924 0.9882537 1.526143 0.002574551 0.0005002873 0.002301739 0.0009310468 0.004289628 0.0004891868 0.004234694 0.003045112 0.00048328 0.001733862 0.003671817 0.004263456 0.005296302
12 0.01227947 0.01467641 0.07789503 0.08680024 0.1959175 0.2066685 0.1650588 0.1589055 0.1083925 0.1209788 0.3584118 0.3701145 0.2586144 0.2539681 0.06987637 0.007636225 0.1002849 0.3965739 0.06048321 0.4467397 0.2037573 0.1077419 0.1640637 0.0002866902 0.0001624125 0.0002906472 0.0003830053 0.0004878786 0.0005475829 0.007570643 1.689677 0.0211637 0.0005491944 0.002295428 0.0009275903 0.00424064 0.0004010746 0.004153516 0.003091307 0.0004648144 0.001699262 0.003616012 0.004286988 0.005282516
13 0.0159931 0.01609868 0.1102159 0.1114508 0.1869152 0.1813547 0.1529808 0.1525705 0.1753192 0.1765861 0.3763331 0.3817228 0.1564147 0.1470635 0.1641164 0.02857363 0.2316977 0.4623033 0.02539258 0.4147357 0.1530023 0.05851251 0.10199 0.0003638072 0.0002476291 0.0003213051 0.0005992962 0.0006914946 0.0007920871 1.041095 1.975188 0.002551239 0.0006013076 0.002384139 0.0009281442 0.004396069 0.0004839845 0.004289576 0.003109164 0.0004895246 0.00176834 0.003773158 0.004467884 0.005354752
14 0.0164701 0.01654228 0.08934302 0.09539781 0.2049975 0.2104646 0.1354248 0.1552843 0.1855891 0.1667445 0.4534866 0.4781841 0.1526563 0.1493856 0.1486752 0.01279115 0.1844284 0.4144396 0.03579693 0.5107632 0.1245913 0.04476572 0.1568165 0.0003080177 0.0001959139 0.0003443198 0.0004825999 0.0005458422 0.0005992607 1.362876 1.558145 0.002503244 0.0004792295 0.002350225 0.0009277581 0.004342276 0.0003768686 0.004234181 0.003165218 0.0004748515 0.001792005 0.003715875 0.004446709 0.005328686
15 0.01562077 0.01576763 0.09058034 0.1086933 0.1868008 0.1862137 0.1542756 0.1445168 0.1520948 0.1796911 0.3890774 0.4171713 0.1554035 0.1457297 0.1433782 0.03396825 0.2354699 0.4377222 0.0790755 0.3783657 0.1167717 0.02758524 0.08215873 0.0003042783 0.0002080839 0.0003073727 0.0005501682 0.0005603053 0.0006312246 0.9089935 1.659621 0.002617087 0.000568293 0.002420084 0.000925744 0.004455945 0.0004087605 0.004330569 0.003218385 0.0004792137 0.001704836 0.003831888 0.004477409 0.005432928
16 0.01554041 0.01552802 0.1006507 0.1064593 0.1701901 0.1694808 0.1108712 0.1280191 0.1550668 0.1646174 0.3526425 0.3567233 0.1526395 0.15305 0.1538968 0.009562887 0.2379237 0.3281318 0.04762708 0.276423 0.08933877 0.01657996 0.1271234 0.0003930712 0.0002284868 0.0003710416 0.0005994363 0.0005453263 0.0008008787 1.143113 1.938848 0.002595894 0.0005414718 0.002285439 0.0008808441 0.004200529 0.0003044778 0.004142927 0.00303117 0.0004597347 0.001709157 0.003589109 0.004322242 0.005159795
17 0.01629518 0.016201 0.1032657 0.1137528 0.2140904 0.2103394 0.1647573 0.1357125 0.1693535 0.1980521 0.3807272 0.3795137 0.1534849 0.1395612 0.1987249 0.01647068 0.2084562 0.3762486 0.05055967 0.40188 0.1604744 0.06364271 0.0723463 0.0003496482 0.0002289852 0.000341995 0.0005575182 0.0006037823 0.0007174033 1.239285 2.405006 0.002556214 0.0005362243 0.002349321 0.0009627576 0.004371565 0.0004770838 0.004314717 0.003091669 0.000466602 0.001805756 0.003747752 0.004449109 0.005415634
18 0.01549157 0.01575077 0.09863082 0.1154098 0.1803502 0.1690255 0.1543126 0.1486691 0.1423156 0.1652369 0.3627621 0.362472 0.1491536 0.1406455 0.1552058 0.02195233 0.2513554 0.4434896 0.02434626 0.3924267 0.136127 0.03012883 0.05559842 0.0003744375 0.0003157438 0.000324131 0.0006247663 0.0007962318 0.0008663077 1.025364 1.877664 0.00263346 0.0005600534 0.002343533 0.0009113765 0.004371091 0.0002671866 0.004284916 0.003170635 0.0004580163 0.001729848 0.003737451 0.00445121 0.005380035
19 0.01658144 0.01665005 0.09310362 0.09337659 0.1711409 0.1689874 0.1527388 0.1517271 0.1755254 0.1787388 0.4307348 0.4203037 0.1449612 0.1428257 0.1642351 0.007242817 0.1399095 0.3729956 0.09259357 0.4550505 0.1316583 0.05623863 0.09420255 0.0003245418 0.0002151196 0.0003625291 0.0004865544 0.000602656 0.0006831869 0.967354 1.395341 0.002506111 0.0005910567 0.002343668 0.0009796614 0.004316028 0.0003688527 0.004291856 0.003168208 0.0004967823 0.001793942 0.003699423 0.004478533 0.005458833
20 0.01600768 0.01614436 0.08086384 0.1021719 0.2078293 0.2023255 0.203514 0.1982474 0.170175 0.1853087 0.3890406 0.4071421 0.1438513 0.1371688 0.1065713 0.011774 0.2599405 0.5213919 0.1572322 0.470371 0.1448503 0.06781181 0.09542013 0.0003287233 0.0002538882 0.0003869149 0.000598266 0.0006853749 0.0008158673 1.234448 2.051345 0.002549073 0.0005870982 0.002421268 0.0009646334 0.004450644 0.000529335 0.004388443 0.003233966 0.000481981 0.001848232 0.003804394 0.004630713 0.005562012
21 0.01570418 0.01589611 0.09891151 0.1063403 0.1551694 0.1569051 0.1388746 0.1495828 0.1724387 0.1640199 0.3898733 0.3972331 0.1484526 0.1485756 0.1625711 0.03479273 0.1932876 0.4793539 0.04676578 0.4434721 0.1321091 0.08663617 0.1480827 0.0003486884 0.000256205 0.0003109633 0.0005707114 0.000738612 0.0007673981 0.8237923 1.985781 0.002597733 0.0005486684 0.00234513 0.0009438117 0.004349379 0.0005546103 0.004240858 0.003110752 0.0004633237 0.001753221 0.003719716 0.00435793 0.00536051
22 0.01576299 0.01579094 0.09490561 0.1091981 0.1958298 0.1778886 0.1062523 0.1100575 0.1565194 0.1645975 0.3665077 0.3534483 0.1566229 0.154836 0.1300626 0.01872714 0.2388716 0.4677474 0.01457789 0.2829799 0.07972627 0.0248053 0.0729726 0.0003034735 0.0001923441 0.0003551375 0.0005297446 0.0004894569 0.0006338631 0.9169456 1.259299 0.002568175 0.0004786458 0.00229983 0.0008802841 0.004231766 0.0003907123 0.004185149 0.00301034 0.0004567785 0.00167021 0.003634612 0.004294761 0.005202507
23 0.01583275 0.01588753 0.08172158 0.1041233 0.1603141 0.15238 0.1518979 0.1570111 0.1779741 0.1864655 0.3752294 0.3857194 0.1572581 0.1553054 0.1481876 0.0133132 0.2416447 0.3183284 0.07565525 0.2947553 0.1268269 0.06302792 0.1172038 0.0003281178 0.0002237097 0.0003675629 0.0005930294 0.0005701167 0.0007751134 1.055294 1.668175 0.002554359 0.0005479691 0.002318404 0.0009344739 0.004302044 0.0004582856 0.004204332 0.003099306 0.000463381 0.001733816 0.003665975 0.004395373 0.005389851
24 0.0160215 0.01608064 0.09780911 0.115896 0.192028 0.1828702 0.1332041 0.1525106 0.1584107 0.1564349 0.4348271 0.4206664 0.1482333 0.1467472 0.1410548 0.05153796 0.2244992 0.4821708 0.08460882 0.4531902 0.1304651 0.04344029 0.1723792 0.0003105659 0.0002251639 0.0003240936 0.0005565669 0.0005830492 0.0007681119 1.259147 1.816421 0.002515226 0.0005153689 0.002374851 0.0009411259 0.004405647 0.0003675075 0.004300747 0.003171768 0.0005969398 0.001814116 0.003742914 0.00461148 0.005491906
25 0.01593989 0.0160044 0.08713862 0.08783824 0.1765148 0.1714754 0.1391886 0.1293018 0.1723285 0.1684027 0.418728 0.4222446 0.1469752 0.142198 0.1325602 0.01719375 0.1434174 0.3612129 0.03818183 0.3506911 0.1504669 0.07409395 0.1092771 0.0003207639 0.0002237366 0.0002982944 0.0006692999 0.0005613996 0.0007595777 1.222413 1.282052 0.002558096 0.0005220404 0.002242923 0.0009244186 0.004166598 0.0003964033 0.004095777 0.003015169 0.0004421808 0.001704473 0.003560757 0.004189328 0.00516375
26 0.01545259 0.01552477 0.09458954 0.1053291 0.1886132 0.1842372 0.1737051 0.1721903 0.1728005 0.1803764 0.3120146 0.3279531 0.1586259 0.156173 0.1688849 0.01602075 0.2460367 0.4325397 0.06328771 0.4308982 0.1500389 0.06124401 0.1080885 0.00043342 0.0002365432 0.00031926 0.0005337228 0.0006939047 0.0006815787 1.13033 4.636701 0.002581862 0.0006259161 0.002218298 0.0008742992 0.004115622 0.0006045582 0.004051352 0.003072209 0.0004249345 0.001611777 0.003523693 0.004293734 0.005092999
27 0.01602419 0.01609043 0.1054382 0.1145151 0.1802594 0.1779731 0.1249622 0.1302254 0.1580748 0.1594818 0.3933911 0.3661709 0.1464079 0.150067 0.1631162 0.02292158 0.212443 0.4261923 0.05905336 0.404024 0.1369252 0.04421148 0.1587878 0.0003352917 0.0002866834 0.0004036242 0.0006937296 0.0007077647 0.00091252 1.002651 2.043061 0.002558797 0.0006972576 0.002394751 0.0009409432 0.004470809 0.0007401054 0.004356522 0.003210705 0.0004556583 0.001748249 0.00383147 0.00449865 0.005473217
28 0.01608884 0.01613584 0.1022494 0.1138677 0.1507634 0.1538196 0.1526872 0.1462017 0.1805562 0.1949724 0.3707757 0.3784633 0.1465389 0.1408499 0.1842476 0.02425041 0.1710463 0.3375006 0.01968381 0.4622296 0.2132293 0.1950075 0.1201565 0.0005003572 0.0002733398 0.0003664051 0.0005968978 0.0008568878 0.0007383543 1.182033 4.362035 0.002566148 0.000578244 0.002298695 0.0009002176 0.004267511 0.0006196507 0.004164743 0.003150094 0.0004619061 0.001692095 0.00367837 0.004320479 0.005218682
29 0.01599449 0.01623808 0.08337249 0.09267964 0.1518441 0.1430122 0.170253 0.1827427 0.1399627 0.161903 0.4482016 0.417886 0.1398275 0.144296 0.149636 0.01464879 0.1635409 0.3280978 0.02167319 0.2181765 0.1648177 0.08490908 0.1816275 0.0002850996 0.0002047043 0.0003191838 0.0005407259 0.0006150678 0.0006662911 1.191032 2.223167 0.002558894 0.0005748256 0.002285018 0.0009106834 0.004218165 0.0004779769 0.004079722 0.002939076 0.0004372247 0.001722164 0.003623026 0.004303954 0.005097313
30 0.01557776 0.01570241 0.1006668 0.1077889 0.1813972 0.1788012 0.1609136 0.1608915 0.1733639 0.1601159 0.3502234 0.3466485 0.1492655 0.1526009 0.1630169 0.00957833 0.2311367 0.4844844 0.008120811 0.424445 0.1633912 0.02065334 0.2105657 0.0004405709 0.0002741784 0.0003039251 0.0005649158 0.0008415905 0.0007182286 0.9840874 1.695982 0.00254917 0.0004245943 0.00221692 0.0008542435 0.004106128 0.0003245175 0.004003446 0.002975037 0.0004223704 0.001599768 0.003497129 0.004159564 0.005014766
31 0.01607549 0.01606251 0.08864371 0.09472025 0.1876466 0.1685099 0.1515598 0.1577586 0.1811372 0.203823 0.4004417 0.3817385 0.1364144 0.1412089 0.1680127 0.002038987 0.1853089 0.5103608 0.03859363 0.3822158 0.1157056 0.01743213 0.1561222 0.0003036661 0.0002084028 0.0003122382 0.0004810251 0.000576377 0.0007236035 1.372468 2.667949 0.002578621 0.000485107 0.002310042 0.0008891587 0.004281793 0.0003014293 0.004157017 0.003098353 0.000441563 0.001690673 0.003653865 0.004375592 0.005273883
32 0.01586589 0.01596732 0.09416596 0.09971907 0.1244026 0.1245725 0.1254351 0.1256115 0.156243 0.1850607 0.3700571 0.3641541 0.1464204 0.1477749 0.1168415 0.009460422 0.1963664 0.276031 0.007078323 0.3012824 0.1129523 0.02926229 0.090617 0.0003641484 0.0002181965 0.0004055865 0.000569035 0.0005789569 0.0007152921 1.062885 2.046732 0.002554632 0.0004406825 0.002331555 0.0009281856 0.004284571 0.0003664696 0.004216656 0.003048701 0.0004408032 0.001727535 0.003674982 0.004320029 0.005275193
33 0.01557095 0.0156397 0.08875874 0.1114469 0.146318 0.1282732 0.1602984 0.1540409 0.1507031 0.1664503 0.3668667 0.3722499 0.1469797 0.146769 0.1143721 0.01455258 0.225435 0.3888442 0.01477637 0.2153706 0.1220236 0.04691156 0.1595346 0.0003635455 0.0002330103 0.0003384501 0.000574243 0.0007078849 0.0008746354 0.9760886 1.974003 0.002583757 0.0004981951 0.002177989 0.0008817852 0.004077585 0.0003683614 0.004004577 0.002917588 0.000421966 0.001665071 0.003483828 0.004183402 0.00503941
34 0.01581161 0.01580927 0.09808633 0.1144941 0.1796974 0.1669135 0.1169983 0.1265936 0.1468929 0.1612796 0.3893022 0.4016192 0.158414 0.1516702 0.1802425 0.02286177 0.2415676 0.3677743 0.04977284 0.3090536 0.1029813 0.01860376 0.07210387 0.0003014606 0.0002029212 0.000306287 0.0004431358 0.0005758798 0.0006347715 0.6995012 2.400857 0.002571266 0.0005366966 0.002283862 0.0009173439 0.004256025 0.0003982157 0.004184394 0.003033024 0.0004521114 0.001704111 0.003647477 0.004335763 0.005298581
35 0.01641088 0.01639519 0.08934418 0.1077663 0.178642 0.16953 0.1959664 0.1961651 0.1647355 0.1810558 0.3532197 0.3324834 0.1528188 0.1521032 0.1092568 0.005362704 0.1666906 0.4761517 0.03644351 0.4526444 0.1924135 0.0374275 0.2394468 0.0003373322 0.0002070374 0.0004035087 0.0005168134 0.0005946568 0.000638536 0.9790793 2.009864 0.002518926 0.0005070353 0.002423157 0.0009860523 0.004483543 0.000348291 0.00441253 0.003295093 0.000460274 0.001785991 0.003827915 0.004508783 0.00555666
36 0.01599671 0.01617194 0.1103745 0.1194659 0.2271399 0.2136112 0.1517583 0.1431836 0.1726894 0.1936028 0.3714274 0.3574322 0.1554371 0.144392 0.1716824 0.006546987 0.2254976 0.4986347 0.01654728 0.4891442 0.147104 0.06521023 0.103987 0.0003383963 0.0002330928 0.0003438477 0.0006425675 0.0006382105 0.0007744756 1.330209 1.595199 0.002535129 0.0004948483 0.002448497 0.0008977253 0.004540832 0.0003370397 0.004399004 0.003168348 0.0004730364 0.001683728 0.00389018 0.004565151 0.005502075
37 0.01625874 0.01633027 0.1118638 0.1103158 0.2163518 0.2017989 0.1786883 0.1712059 0.1856123 0.1766245 0.3989433 0.3887903 0.1486113 0.1445006 0.2069802 0.007405797 0.2410029 0.3526105 0.007497711 0.4284087 0.1233214 0.04331148 0.08596691 0.0002976339 0.0002144206 0.0003924997 0.0005723809 0.0005595312 0.0006543017 0.7290177 1.595313 0.002522709 0.0004517177 0.002337609 0.0009176107 0.004326017 0.0002439719 0.004234256 0.003039952 0.0004483707 0.001762218 0.003702748 0.004302484 0.005289682
38 0.0154559 0.01572662 0.08043288 0.09595575 0.2120618 0.221367 0.1560867 0.1601516 0.1458814 0.1640392 0.3858279 0.3786853 0.1451424 0.1455703 0.1310207 0.008343622 0.2083547 0.425159 0.1269565 0.4743618 0.1377348 0.06939559 0.1556258 0.000329927 0.000213076 0.0003092941 0.0004995785 0.0006997229 0.0006977233 1.137491 1.365359 0.002610559 0.0005916111 0.00214764 0.0008592867 0.003997861 0.0005233146 0.003950339 0.002925439 0.0004167904 0.001571104 0.00341632 0.00409249 0.00498896
39 0.01603888 0.0160052 0.09493019 0.1062928 0.1883165 0.1780416 0.133047 0.1361833 0.1820417 0.1815594 0.3777634 0.37125 0.1479236 0.1424674 0.1266777 0.03535435 0.2224005 0.3095995 0.0392688 0.2210232 0.1620275 0.07423696 0.1650908 0.0003360472 0.0002104232 0.000342236 0.00058212 0.0005992588 0.0006677109 0.8871848 1.163266 0.002533268 0.0005929411 0.002258401 0.0008895989 0.004171261 0.0007035591 0.004170701 0.003077991 0.0004508486 0.001692825 0.003573333 0.00430956 0.005240867
40 0.01525194 0.01532508 0.08335817 0.09988273 0.1669531 0.1676875 0.165616 0.1515068 0.1456735 0.1544717 0.3176019 0.3167588 0.152772 0.1396394 0.1153546 0.01127588 0.2051462 0.4319317 0.05905322 0.4666105 0.1322919 0.05945164 0.06886451 0.0003720334 0.0002531602 0.0004482407 0.000594591 0.0006953341 0.0007205731 1.342175 1.307735 0.002658611 0.000573383 0.00222283 0.0009327328 0.004169491 0.0003514023 0.004049596 0.003115482 0.0004376558 0.001728906 0.00357329 0.00425457 0.005132221
41 0.01545223 0.01557508 0.08242211 0.09329836 0.1923257 0.1985834 0.1672908 0.1622188 0.1544204 0.1677012 0.4139885 0.4465416 0.1515139 0.1390078 0.1046619 0.01205476 0.2075876 0.5306749 0.09529071 0.5610292 0.1067455 0.03920839 0.1392549 0.0003754665 0.0002239862 0.0003106247 0.0005291808 0.0006102708 0.0006463968 0.9655155 1.823612 0.002621506 0.0005901498 0.00227862 0.0009036122 0.004253525 0.0003549485 0.004146304 0.003085642 0.0004475688 0.001716537 0.00363307 0.004319301 0.005250715
42 0.01608225 0.01621435 0.09432065 0.1129049 0.2101184 0.1940219 0.1560641 0.1653952 0.1547816 0.1795644 0.3854908 0.3934918 0.1516119 0.1373892 0.1671676 0.01772085 0.2059836 0.5259976 0.1215356 0.4434935 0.1375679 0.06163143 0.09755332 0.000335741 0.0002204735 0.0003180002 0.0004695721 0.0006829714 0.0006760371 1.199246 2.282681 0.002558042 0.0005649641 0.002289225 0.0009278856 0.004249081 0.0004961462 0.004098277 0.003119234 0.000446499 0.001752212 0.003631328 0.004385331 0.005200504
43 0.01558365 0.01559693 0.101718 0.1100301 0.2045577 0.1792243 0.146476 0.1480486 0.1628706 0.1922755 0.3722501 0.3316723 0.1500224 0.149776 0.157238 0.02169869 0.224956 0.4270151 0.03602505 0.300213 0.1182681 0.04676209 0.1059789 0.0003813739 0.0002545133 0.0003006848 0.0006536613 0.0006607911 0.0009361947 1.095519 1.557858 0.002625762 0.0005202244 0.002444336 0.0009152288 0.004491662 0.0004110673 0.004419103 0.003193333 0.0004803256 0.001709513 0.003821353 0.004450241 0.005547426
44 0.01566255 0.01573903 0.09280623 0.1086935 0.1659235 0.1508035 0.1540262 0.1536338 0.1663654 0.1859517 0.3874061 0.3716935 0.1532481 0.1467657 0.1861301 0.008327072 0.3243688 0.2957112 0.0190008 0.365982 0.1387929 0.01624967 0.08468995 0.0002800088 0.000215869 0.0003497748 0.0006155867 0.0004806696 0.0007105636 1.059112 1.536573 0.002580154 0.0004347943 0.002292298 0.0008918407 0.004272408 0.00037359 0.004163643 0.003055007 0.0004475398 0.001740157 0.003650471 0.004291102 0.005221302
45 0.01554405 0.01567541 0.09374956 0.1121984 0.1713025 0.1660226 0.1767842 0.1702758 0.1438858 0.1504519 0.2989131 0.3140796 0.1577082 0.1512769 0.1750871 0.02210747 0.2751043 0.3459226 0.02134421 0.1858554 0.1787981 0.08280942 0.153595 0.0003494326 0.0002694264 0.0003733611 0.0007104166 0.0006735081 0.001013825 1.100906 2.80153 0.002584057 0.0005691216 0.002233056 0.0009225547 0.004128868 0.0004001733 0.004075743 0.003002107 0.0004319109 0.001726165 0.003534317 0.004204787 0.005119405
46 0.01623789 0.01620129 0.114537 0.1135161 0.1699578 0.1534247 0.1591163 0.1510519 0.1678312 0.1749698 0.3235522 0.3483114 0.1400758 0.1372113 0.1316007 0.02939192 0.195756 0.4503798 0.01181536 0.2887576 0.1717813 0.1003621 0.1616701 0.0003043299 0.0002180872 0.000313537 0.0004931072 0.0006849513 0.000595203 1.084625 1.450798 0.002557993 0.0005304403 0.002299772 0.0009559384 0.004209481 0.0002941673 0.004155831 0.003049734 0.0004423858 0.001742237 0.00361274 0.004317458 0.005234558
47 0.01597213 0.01586684 0.09635484 0.102211 0.179194 0.1615193 0.1392216 0.1251208 0.1637368 0.1927089 0.3768693 0.3975556 0.1695099 0.1518006 0.115608 0.009093822 0.2033525 0.3725094 0.02956388 0.2662665 0.1354111 0.06878874 0.08089787 0.0002886478 0.0001886388 0.0003677121 0.00048398 0.0005226899 0.0007192232 0.7242946 2.888995 0.002545464 0.0005219581 0.002186197 0.0008755356 0.004101096 0.0003383098 0.004008725 0.002954018 0.0004472405 0.001629227 0.0035181 0.00420999 0.005066188
48 0.01605019 0.01609873 0.1091318 0.1137493 0.206278 0.1951329 0.1440982 0.1310353 0.1716834 0.1756117 0.4289539 0.4060664 0.1464399 0.13347 0.1133603 0.02388878 0.2050135 0.592355 0.0820691 0.524478 0.1277564 0.04275638 0.06504278 0.0002758868 0.0001971726 0.0003481188 0.0005432789 0.0005473881 0.0006448055 1.440671 1.105065 0.002543995 0.0005452099 0.002414206 0.0009533284 0.004447543 0.0004768087 0.004364282 0.003208789 0.0004801386 0.001796909 0.003807757 0.004587834 0.005520301
49 0.01595906 0.01604403 0.09860555 0.1098369 0.2087281 0.1848037 0.1467855 0.1511445 0.1557927 0.1487435 0.3742702 0.377176 0.1475147 0.1431436 0.1996866 0.01032319 0.2873506 0.4957451 0.05458147 0.4014052 0.1651692 0.09076064 0.1467348 0.0003372217 0.0002102188 0.0003716624 0.0005734622 0.00054369 0.0007490473 0.9264969 1.336777 0.002538082 0.0005433982 0.002384199 0.0009118396 0.004409862 0.0004092282 0.004313578 0.003155114 0.0004643125 0.001720502 0.003775106 0.00441424 0.005385
50 0.01605078 0.01619122 0.08540182 0.108768 0.1691667 0.1582606 0.1421515 0.1446356 0.17359 0.1845322 0.3665447 0.3449215 0.1444078 0.1425646 0.1034844 0.02332552 0.2031418 0.6100633 0.1000823 0.5495898 0.1036719 0.002251302 0.08588634 0.0003272148 0.0002318173 0.000352474 0.0006480931 0.0005455812 0.0007528937 0.8142639 2.344845 0.002548492 0.0005133044 0.00234142 0.0009380728 0.004323263 0.0005824669 0.004229548 0.003153136 0.0004430096 0.001784572 0.003700809 0.004401649 0.005377189
51 0.01634618 0.01624494 0.09313325 0.09567664 0.1807959 0.1758019 0.1382239 0.1482343 0.1883716 0.1980792 0.3785451 0.3734664 0.1403538 0.1456577 0.1664689 0.005918585 0.1370651 0.3855409 0.02867416 0.2956013 0.100418 0.03482429 0.1676589 0.0002736714 0.0002046958 0.0003421308 0.0005218804 0.0004841845 0.00075485 1.045149 2.201332 0.002528421 0.0005179884 0.002191886 0.0009179518 0.004066253 0.0004266131 0.003943754 0.003008489 0.0004500865 0.001674754 0.003476787 0.004226794 0.004989505
52 0.01595324 0.01612814 0.080091 0.09122297 0.1970056 0.19122 0.1479544 0.1267058 0.167277 0.1653493 0.4589553 0.4527095 0.1566866 0.1476141 0.1046856 0.006549659 0.2057417 0.36498 0.05487248 0.4303112 0.1217295 0.04555527 0.05127541 0.0003209802 0.0002278391 0.0003272998 0.0005343455 0.0005875545 0.000773761 0.6825955 1.632732 0.002564952 0.0005371437 0.002342936 0.0009441219 0.004375946 0.0003470638 0.004269561 0.003168302 0.0004694639 0.001781027 0.003748882 0.004501963 0.005369165
53 0.01625673 0.01638252 0.09621198 0.1171548 0.1481215 0.1373127 0.1454893 0.1327159 0.164022 0.1665506 0.399906 0.3985653 0.1550065 0.1446837 0.1436547 0.02627026 0.2445639 0.5230367 0.01005498 0.4395988 0.1387006 0.06026366 0.08126347 0.0002949604 0.0002012114 0.0003108182 0.0004925136 0.0005793638 0.0006276687 1.038634 2.132502 0.002553726 0.0005246074 0.002353604 0.0009354438 0.004391505 0.0002862077 0.004301013 0.003135392 0.0004569168 0.00169945 0.003753989 0.004351619 0.005411962
54 0.01582585 0.0158565 0.07400549 0.08711496 0.1760512 0.1763376 0.1520042 0.1592239 0.1495239 0.1515843 0.3900886 0.4065671 0.1380448 0.1354767 0.1024573 0.008338297 0.1696791 0.3583906 0.0726193 0.3065696 0.1179692 0.01033784 0.1272751 0.0003218977 0.0002558581 0.0004222517 0.0005524905 0.0007884037 0.0008515751 0.9443041 2.306481 0.002580477 0.000566943 0.002235352 0.0009016766 0.004118124 0.0004483278 0.004052661 0.002888017 0.0004270911 0.001703373 0.003516051 0.00413889 0.005093376
55 0.01580924 0.01590272 0.083016 0.1013152 0.1895541 0.1858502 0.1471225 0.1548734 0.1675511 0.17702 0.3506425 0.3515648 0.1495196 0.1494431 0.1149209 0.009543967 0.2410336 0.4607035 0.02906528 0.4243859 0.1300446 0.02595212 0.07260002 0.0002897061 0.0001947302 0.0003273774 0.0004586933 0.0005533704 0.0006880182 0.8314362 2.156358 0.002564598 0.0004769675 0.002216083 0.0008952123 0.004138108 0.0003942989 0.004063386 0.003022312 0.0004435601 0.001682595 0.003537201 0.004247424 0.005101457
56 0.01578859 0.01592409 0.1121949 0.1206126 0.1604738 0.1512865 0.1566264 0.1552176 0.1525918 0.1569187 0.3945183 0.4005134 0.1537143 0.153933 0.1861106 0.009506678 0.2136686 0.3956856 0.04474942 0.3498186 0.124918 0.05105331 0.1175381 0.0003181089 0.0002097367 0.0003293866 0.0005526924 0.0006030474 0.0006688569 1.195745 3.066487 0.002571459 0.0005156501 0.00224219 0.0009100356 0.004155327 0.000364272 0.004056365 0.002983916 0.0004340128 0.001685682 0.003553818 0.004169119 0.005096376
57 0.01629728 0.01638454 0.09946714 0.09275898 0.19667 0.1845531 0.1518599 0.1467564 0.1597558 0.1704503 0.4210082 0.4311765 0.1422189 0.1368134 0.2003603 0.01012144 0.1593406 0.528503 0.08749192 0.4117696 0.1564403 0.08253768 0.1041821 0.000322429 0.0002393349 0.0003066592 0.0006158845 0.0006449363 0.0009344266 1.237035 2.374363 0.00251262 0.0005484755 0.002328084 0.0009338619 0.004313155 0.0005809662 0.004260716 0.003100124 0.0004657478 0.001682992 0.003688499 0.004344544 0.005380635
58 0.01589183 0.01607495 0.08897781 0.09416343 0.1819328 0.1778898 0.1329829 0.1385831 0.1636078 0.162701 0.3383412 0.3614759 0.1426331 0.1326147 0.1619469 0.01582638 0.1975869 0.4182312 0.1089748 0.3396751 0.1066364 0.02153056 0.1000388 0.0002789334 0.0002020814 0.0003613979 0.0004988116 0.0005372462 0.0007530585 0.9693692 1.1877 0.002564647 0.0005418413 0.002297609 0.0009445628 0.004234465 0.0005881524 0.004166084 0.003025315 0.0004788004 0.001783464 0.003613949 0.004264068 0.005228557
59 0.01594793 0.01588404 0.09977665 0.1166202 0.1946728 0.1777771 0.141524 0.1584381 0.1643978 0.1825754 0.3309781 0.3177303 0.1337107 0.1391148 0.1562336 0.01227298 0.1975618 0.4893256 0.1159944 0.419538 0.1204056 0.04015862 0.131529 0.0003138316 0.0002441049 0.0003248116 0.0006840156 0.0006069484 0.0008471798 0.583733 1.690719 0.006141785 0.0005529303 0.002295361 0.0009121723 0.004272569 0.0003945468 0.004180866 0.002953595 0.0004458646 0.001672035 0.003639914 0.004210892 0.00523866
60 0.01595714 0.01594818 0.09181888 0.1038607 0.1733758 0.1604515 0.1440612 0.1508382 0.1758251 0.1971726 0.3866186 0.3871401 0.153206 0.1451182 0.1637082 0.02056125 0.1882387 0.404701 0.07000625 0.3666187 0.1086293 0.006793527 0.05059231 0.0002959359 0.0001895176 0.0003512274 0.0005777066 0.000542059 0.0006717127 0.8609549 1.761566 0.00258195 0.0005718934 0.002251959 0.0008881919 0.004157256 0.0003097939 0.004031678 0.002993352 0.000449214 0.001729044 0.003538603 0.004334368 0.00509272
61 0.01629556 0.01627411 0.0923532 0.1023931 0.1482496 0.156021 0.1723242 0.1836137 0.1662372 0.1751615 0.371908 0.3836998 0.1540672 0.1470496 0.1146268 0.007308392 0.1916261 0.4014809 0.02597639 0.3888443 0.1304663 0.03504223 0.1010309 0.0003042672 0.0002229854 0.0003669282 0.0005712479 0.0006060488 0.000765889 1.115631 1.762951 0.002515596 0.000526271 0.002403474 0.0009091402 0.004442781 0.0003017982 0.00433974 0.003206932 0.000470538 0.001770199 0.003787683 0.00447141 0.005462239
62 0.0152167 0.0152284 0.09113874 0.1017842 0.1889253 0.1732964 0.2076654 0.2016042 0.1505709 0.1633737 0.3333562 0.3437227 0.1464488 0.1459701 0.1650872 0.008669536 0.2480313 0.4822625 0.05125052 0.2629661 0.152491 0.0090989 0.1716245 0.0003511377 0.0002354402 0.0003401146 0.0006379928 0.0006747209 0.0008952661 1.5326 1.761751 0.002634324 0.000491536 0.002213007 0.0008522489 0.004086696 0.0003433385 0.004028876 0.002960579 0.0004180418 0.00160517 0.003488316 0.004217532 0.005089186
63 0.01628407 0.01645378 0.1000762 0.1167353 0.2062295 0.1903163 0.1692213 0.1528987 0.178337 0.1696293 0.4151243 0.4127287 0.1513298 0.1470443 0.1293892 0.02366444 0.2307187 0.5076793 0.04436739 0.4586178 0.1389046 0.01907756 0.1103164 0.000316084 0.0002423677 0.0004295509 0.000677041 0.0005858414 0.000806076 1.316687 2.353485 0.002503061 0.0004462094 0.002329485 0.0009655876 0.004302852 0.0005636459 0.004219172 0.003056906 0.0004555536 0.001754253 0.003666567 0.004332388 0.005321728
64 0.01562614 0.0156806 0.09761105 0.1150228 0.1687731 0.1564517 0.1531588 0.1634708 0.1656815 0.1651447 0.3930061 0.435239 0.1451598 0.1523521 0.1200409 0.009219552 0.2270047 0.4352575 0.04285928 0.364721 0.1745306 0.08650701 0.2025559 0.0003703566 0.0002194546 0.0002912425 0.000608299 0.0006481371 0.0007057878 1.235965 4.070002 0.002611732 0.0005273446 0.002275118 0.0008994525 0.004210249 0.000563242 0.004065579 0.003071314 0.0004481502 0.001689109 0.003591805 0.004258892 0.005104735
65 0.01620696 0.0163019 0.09398036 0.1052803 0.2478442 0.233351 0.1800837 0.1945574 0.1852333 0.1832648 0.3941015 0.3793672 0.1593263 0.1634046 0.1146238 0.01569261 0.2063728 0.5787756 0.03094809 0.5382491 0.1426038 0.02955887 0.1488494 0.000300744 0.000246613 0.00031002 0.0006375002 0.0006179128 0.0008796423 0.7266097 1.633489 0.002553806 0.0005162354 0.002381605 0.0009133003 0.004396553 0.0004400521 0.00429401 0.003165813 0.0004511314 0.001679039 0.003755645 0.004430986 0.005412333
66 0.01571549 0.01572193 0.1012706 0.1025213 0.1489685 0.1430292 0.1430478 0.1512253 0.1667484 0.1860288 0.3423588 0.3426587 0.1545329 0.1561796 0.1649906 0.03228314 0.2025414 0.3824558 0.04445382 0.2919919 0.09609706 0.01244339 0.1535037 0.0002789709 0.000188715 0.0003259634 0.0004760716 0.0005168784 0.000611576 1.469431 1.334584 0.002575588 0.0005222399 0.002294072 0.000919906 0.00423311 0.0002350153 0.004185836 0.003042434 0.0004774145 0.001745481 0.003626099 0.00435344 0.005272579
67 0.01627921 0.01622249 0.08914866 0.1094469 0.1714666 0.1552454 0.1435206 0.151695 0.1708912 0.1899326 0.3698835 0.3670566 0.1459444 0.145398 0.1091058 0.010788 0.2279083 0.3319892 0.03615122 0.2546907 0.1032069 0.01390678 0.09532738 0.0003418427 0.0002221791 0.000346873 0.0005374706 0.000660943 0.0006705936 0.9914347 2.106226 0.002533672 0.0005221239 0.0023745 0.0009037747 0.004394387 0.0004310006 0.004267031 0.00315155 0.0004529957 0.001761419 0.003753396 0.004441918 0.005360525
68 0.01605513 0.01616067 0.1160941 0.1286012 0.1762459 0.1589944 0.1723499 0.1739451 0.158198 0.1702588 0.463653 0.4624264 0.1555255 0.1473881 0.1952635 0.02827553 0.2333868 0.3637528 0.03308399 0.2787371 0.1666782 0.0930046 0.1687035 0.0003087635 0.000221268 0.0003519771 0.0006147366 0.0006029896 0.0007954864 0.8798148 2.331187 0.002533163 0.000565479 0.002273395 0.0009096381 0.004237617 0.0004354203 0.004186355 0.003056325 0.0004581361 0.001743154 0.003632178 0.004282688 0.005236504
69 0.01596894 0.01610204 0.09403028 0.09862502 0.1629769 0.1697812 0.1457488 0.1474246 0.1639801 0.1663293 0.3503337 0.3662823 0.1463953 0.1417621 0.1820873 0.01836051 0.2079437 0.4116004 0.0320673 0.4213975 0.1242548 0.01706664 0.1221965 0.0003011362 0.0002326291 0.0003060562 0.0006276606 0.0005907176 0.0008358572 0.8395973 1.901221 0.002529741 0.0004877456 0.002295578 0.0008970767 0.004241694 0.0003032077 0.004190324 0.003074253 0.0004379322 0.001684936 0.003636752 0.004362086 0.00528275
70 0.01491993 0.01506688 0.08939841 0.1010252 0.1852055 0.1881657 0.1447268 0.1480886 0.1598204 0.1623479 0.4124854 0.3662508 0.1672125 0.148276 0.1773574 0.02191703 0.2352825 0.4365066 0.02291196 0.4796293 0.1295961 0.05700373 0.1070701 0.0003167776 0.0002387516 0.0003157201 0.0006023089 0.0005619258 0.0007090199 1.067593 1.780668 0.002673914 0.000528075 0.00217889 0.0008777975 0.004062488 0.0003699518 0.003964351 0.002970206 0.0004255376 0.001697611 0.003481187 0.004178292 0.004974684
71 0.01631373 0.01653634 0.09908127 0.1063863 0.1620765 0.1604226 0.1558522 0.1616461 0.1652394 0.1861439 0.4041401 0.4060819 0.1514898 0.1504086 0.1177929 0.01735877 0.1405788 0.4577604 0.03719955 0.3610517 0.1435552 0.08310345 0.1726172 0.0003264386 0.0002082855 0.0004138813 0.0005190999 0.0005054546 0.0006642776 1.150791 1.790925 0.00251303 0.0005774315 0.002354257 0.0009919058 0.00438713 0.0003937363 0.004302329 0.003174712 0.0004622844 0.001855715 0.00378342 0.004389087 0.005402795
72 0.01637643 0.01640986 0.1092027 0.1043335 0.1728092 0.1714675 0.1535648 0.1518204 0.2040862 0.2007725 0.4111809 0.3824066 0.163901 0.1503294 0.206981 0.004183654 0.2355516 0.3765908 0.05537371 0.3615967 0.1320081 0.02668667 0.0778892 0.0003392473 0.0002227825 0.0003267691 0.0005072648 0.0006758539 0.0006519831 0.9989498 2.471177 0.002543125 0.0005132391 0.002294625 0.0009375337 0.004249409 0.0002560689 0.004130373 0.003125103 0.0004362332 0.001736166 0.003638773 0.004399221 0.005210028
73 0.01572309 0.01587074 0.08427837 0.09896302 0.2044425 0.195327 0.1935648 0.1874041 0.1603765 0.1732768 0.3439023 0.3512762 0.1534028 0.1516993 0.1635686 0.01728001 0.1938595 0.4606208 0.09147929 0.3803958 0.1414402 0.04855272 0.1211212 0.0002727778 0.0002187029 0.0003349337 0.0005773068 0.0005836645 0.0008074568 1.007478 2.297369 0.002568254 0.0005601955 0.002175117 0.0008914978 0.004057831 0.0004202522 0.004001203 0.002935155 0.00047089 0.001683638 0.003475305 0.004259624 0.005014049
74 0.0163892 0.01645349 0.1033933 0.1049776 0.2259699 0.2083782 0.1893935 0.2031605 0.1684529 0.1778411 0.3761349 0.3491543 0.1551199 0.1524319 0.1455703 0.02105587 0.1855666 0.5902657 0.05315809 0.5175211 0.1450562 0.07002604 0.161888 0.0002982996 0.0002841671 0.0003094816 0.0007435741 0.0005804478 0.0009058118 1.014941 1.511496 0.002542108 0.0005573012 0.002477401 0.0009476903 0.004588075 0.0004069104 0.004430918 0.003229257 0.0004951043 0.001784027 0.003925884 0.0046082 0.005600684
75 0.01564079 0.01566745 0.09143871 0.1102295 0.1820568 0.167413 0.1334355 0.1437083 0.1490265 0.1518985 0.3802172 0.3615141 0.1470819 0.1430668 0.1071183 0.01702491 0.1879276 0.3697056 0.01047159 0.3012765 0.1518639 0.09180441 0.1709254 0.0003177023 0.0002192294 0.0003757478 0.0005129218 0.000604713 0.0007236458 1.534155 1.539396 0.002608184 0.0004485191 0.002203651 0.0009040674 0.004108855 0.0002995331 0.003914918 0.002951014 0.0004267864 0.001667034 0.003514911 0.004211892 0.004928739
76 0.01579663 0.01581445 0.08977671 0.1034268 0.1327499 0.1262661 0.1402624 0.132901 0.1709488 0.175219 0.3895788 0.3830194 0.1492555 0.1427899 0.1583921 0.01435855 0.2775967 0.3401441 0.004189642 0.321899 0.1322879 0.009486253 0.0713233 0.0002738121 0.0002005778 0.0003373695 0.0005487797 0.0005308491 0.0006541533 1.121131 1.556584 0.002554505 0.0004176715 0.002330841 0.0008795398 0.004314431 0.0001738151 0.004221305 0.003130453 0.0004474033 0.00168468 0.003677259 0.004305523 0.005287702
77 0.01574563 0.01580565 0.09392708 0.1188987 0.1902565 0.1908334 0.1855991 0.191242 0.1699621 0.192065 0.4079267 0.391237 0.1485073 0.1443402 0.1248844 0.04891692 0.2138277 0.6660947 0.04045981 0.6569603 0.1236124 0.01431011 0.05460378 0.0003239854 0.000198969 0.0004485368 0.0005653602 0.0005248677 0.0006627503 0.8587604 3.453215 0.002583871 0.0005793983 0.002273731 0.0009154859 0.004232486 0.0004664446 0.004122071 0.003041744 0.0004377177 0.001802703 0.003617751 0.004278148 0.00518526
78 0.01612873 0.01613647 0.09996377 0.1075434 0.1800492 0.1634072 0.1441058 0.157016 0.180982 0.1818803 0.4080423 0.4082357 0.151499 0.1529399 0.1573603 0.01183498 0.2080529 0.4123388 0.01560947 0.249796 0.1373444 0.0580568 0.1673471 0.0002948863 0.0002118352 0.0003308492 0.0006137679 0.0005467181 0.0007299711 1.084457 2.370083 0.002546615 0.000501038 0.002332169 0.0009271478 0.004315427 0.0002383263 0.004211145 0.00319061 0.0004809982 0.001737166 0.003687533 0.004403937 0.005272428
79 0.01609151 0.01608507 0.1029107 0.1035953 0.2003041 0.196626 0.1287481 0.1331669 0.1654005 0.1555128 0.3424984 0.3296182 0.1497571 0.1506324 0.1987839 0.01730865 0.197476 0.4611239 0.05317954 0.4124408 0.1154617 0.05359011 0.1255905 0.0003322006 0.000219755 0.0003546177 0.0006103499 0.0005265619 0.0007614923 1.151256 1.832486 0.00256159 0.0005687374 0.002298237 0.0009227639 0.004269391 0.0004544755 0.004162675 0.003057573 0.000466067 0.001695337 0.003639062 0.004312283 0.005231677
80 0.01600427 0.01601027 0.1017519 0.1006547 0.2033864 0.1810904 0.2134773 0.1990371 0.1575191 0.1624639 0.3646043 0.3471397 0.1431857 0.130388 0.176968 0.01262578 0.1869605 0.5531282 0.08181714 0.3855601 0.1719069 0.02333985 0.146137 0.0003442491 0.0002618977 0.0003091156 0.0006843888 0.0006897009 0.0008310475 1.017783 2.566892 0.002552852 0.0004994938 0.002312028 0.0009037738 0.004286709 0.0003627821 0.004225737 0.003129015 0.0004410157 0.001706154 0.003646868 0.004320606 0.00536045
81 0.01591943 0.0159468 0.07402683 0.09095841 0.2260751 0.2270127 0.1499821 0.1514091 0.1618221 0.1762843 0.3920291 0.3796264 0.1494169 0.1464618 0.1173444 0.002443056 0.1737429 0.4196749 0.1191242 0.3696071 0.1303263 0.02895536 0.08506035 0.0003519231 0.0002189785 0.0003334468 0.0005553704 0.000617115 0.0006861453 1.066767 2.465281 0.00259232 0.0004573965 0.002224696 0.0008712301 0.004103378 0.0003199954 0.004021818 0.00293149 0.0004214923 0.001645427 0.00351344 0.004177086 0.005019815
82 0.01612879 0.01618748 0.09382699 0.1151091 0.2251691 0.2182271 0.1584268 0.1600728 0.1602694 0.1901238 0.3461189 0.3146388 0.1399233 0.1447153 0.1446796 0.008222243 0.1985055 0.6379226 0.2157351 0.5265698 0.138646 0.06186341 0.1325613 0.000346771 0.0001912838 0.0003478018 0.0004568751 0.0005855576 0.00061887 0.7680452 1.611634 0.002544621 0.0005871464 0.002289187 0.0009425044 0.004282969 0.0004773513 0.00423174 0.003084233 0.0004452854 0.001779956 0.003683774 0.004350716 0.005317723
83 0.01571677 0.01577091 0.09337095 0.09979587 0.2129645 0.2009034 0.1232698 0.134015 0.1591997 0.1732623 0.3401614 0.3346669 0.1456229 0.1403561 0.1492782 0.006029288 0.1794422 0.4764584 0.09382543 0.4725608 0.1013995 0.05401756 0.1341394 0.0002915198 0.0002417695 0.000381147 0.0005560391 0.0005972417 0.0007500489 1.339381 1.480563 0.002552621 0.0005257411 0.002351517 0.0009342394 0.004349683 0.0003232724 0.004288026 0.003158079 0.000464504 0.001794348 0.003719199 0.004461838 0.005420189
84 0.01595002 0.01600614 0.09473312 0.1095332 0.1851226 0.1755806 0.1201004 0.117148 0.1772113 0.1672875 0.3210967 0.3196653 0.1417379 0.1424642 0.1513015 0.004668433 0.2250957 0.4235376 0.04308456 0.4742521 0.07632811 0.01776859 0.1399653 0.0002852324 0.0002096383 0.0003166993 0.0005547972 0.0004875392 0.0007276179 0.9917476 1.376205 0.002558143 0.0004956833 0.002427195 0.0009393861 0.004509369 0.000327459 0.004388796 0.003166956 0.0004859 0.001779646 0.003852218 0.004533169 0.005546077
85 0.01602376 0.01594399 0.09923232 0.09531318 0.1798882 0.179703 0.1440522 0.1425865 0.1657937 0.157959 0.4002372 0.3845975 0.1537716 0.1389513 0.1481012 0.0201216 0.1727396 0.3690333 0.03734321 0.3959349 0.1315055 0.04412639 0.09133258 0.0003113845 0.0002162594 0.0002937005 0.0005227554 0.000589423 0.0007369363 1.684207 1.550827 0.002578164 0.000637972 0.002396486 0.0009587417 0.004452051 0.0005421148 0.004336259 0.003142564 0.0005215257 0.00174937 0.003805076 0.004479154 0.005456268
86 0.01665911 0.01609272 0.08431652 0.09107336 0.1950349 0.1762759 0.1377502 0.1423633 0.1867682 0.1939311 0.3487218 0.3342551 0.1442936 0.1461312 0.1244646 0.004570695 0.1342979 0.5110277 0.02090504 0.4577679 0.1244254 0.03657696 0.113351 0.0002699609 0.0001837102 0.0003190506 0.0004618575 0.0005012689 0.0006680857 0.2418262 1.956008 0.01046222 0.0004600755 0.002199119 0.0008888059 0.004077753 0.0003119593 0.00402387 0.002966049 0.0004356935 0.001669843 0.0034888 0.00423278 0.005065882
87 0.01584378 0.0160553 0.09348081 0.0938988 0.202851 0.2081703 0.1513952 0.1568724 0.1739688 0.1823025 0.4210573 0.4150841 0.1625401 0.1467154 0.1621383 0.01519289 0.1909361 0.4890878 0.01649138 0.4856376 0.129729 0.05620155 0.1112085 0.0003480409 0.0002445233 0.0003413316 0.0005447925 0.0006688835 0.0008012595 0.8086478 2.039666 0.002591623 0.0005104271 0.002277685 0.0009388339 0.004231514 0.0003218328 0.004092499 0.003093895 0.0004555496 0.001715053 0.003628875 0.004306121 0.005136347
88 0.01580262 0.01591159 0.07298155 0.1004116 0.1989317 0.1951066 0.1174619 0.1191516 0.1820177 0.1939956 0.3952551 0.3838176 0.1544913 0.1428577 0.05644593 0.009877071 0.206403 0.5847275 0.1605524 0.5147905 0.1218439 0.04802701 0.1074038 0.0003516014 0.0002273973 0.0003694119 0.0005430342 0.0005825416 0.000693446 1.285248 2.079889 0.002604731 0.0005778787 0.002179847 0.000908105 0.00404509 0.0005247878 0.003943608 0.00295296 0.0004516635 0.001715901 0.003455699 0.004144904 0.005041813
89 0.01575621 0.0158332 0.0840316 0.104321 0.1392608 0.154797 0.1486498 0.1467941 0.147563 0.1736932 0.3411123 0.3533938 0.1522899 0.1478 0.09575765 0.01427651 0.1965976 0.2244368 0.01546782 0.3592253 0.1236423 0.02680402 0.1196939 0.0003176631 0.000210866 0.0003952614 0.0005898476 0.0006129195 0.0007228146 1.244588 1.763439 0.002567505 0.0004884189 0.002294171 0.0008916807 0.004229051 0.0002383265 0.004114768 0.002988782 0.0004396345 0.00168482 0.003622188 0.004354335 0.00514078
90 0.01607745 0.01625462 0.08951006 0.1013254 0.240653 0.2192411 0.1234482 0.1197997 0.1706337 0.1697255 0.3802378 0.3642357 0.1649277 0.1532256 0.1236498 0.005626967 0.1860872 0.5956653 0.0198183 0.5362023 0.121321 0.01028752 0.06200009 0.000321309 0.0002232771 0.0003260668 0.0005940696 0.0005506215 0.0007218987 1.734468 2.498127 0.002565276 0.0004179392 0.002451258 0.0009229525 0.004556949 0.0001734233 0.004450221 0.003326336 0.0004619552 0.001765168 0.003891928 0.004519544 0.005602353
91 0.01577825 0.01582377 0.1051401 0.1001362 0.1658717 0.1662907 0.1362123 0.1420655 0.1600596 0.1703421 0.4119419 0.4195553 0.1494477 0.1396704 0.1411885 0.01768988 0.1673238 0.3450049 0.03013908 0.2970071 0.1238415 0.0166997 0.1059903 0.0003050168 0.0002223674 0.0003228474 0.0006642717 0.0005128911 0.0008211369 0.8436188 1.871008 0.002541676 0.0005656213 0.002274192 0.0009397174 0.004227795 0.0004426098 0.004153271 0.003081806 0.0004403609 0.001723874 0.003622054 0.004320236 0.005264066
92 0.0160137 0.01613695 0.0877851 0.1094268 0.1854293 0.1850123 0.1550519 0.1576685 0.1412141 0.1634736 0.4193664 0.3687578 0.1473394 0.1412943 0.1436477 0.02194495 0.2549984 0.3487456 0.06099429 0.3127692 0.1282461 0.01898042 0.1162266 0.0003296308 0.000234044 0.0003247425 0.000540422 0.0006523162 0.0008250839 1.026847 1.262745 0.002564382 0.0004285202 0.00231757 0.0009399238 0.004297048 0.0003348561 0.004198207 0.003141378 0.0004953042 0.0017028 0.003671158 0.00437813 0.005275345
93 0.01557691 0.01564558 0.09093118 0.09548194 0.1806755 0.1774866 0.1458451 0.1495723 0.1766679 0.1799087 0.3701771 0.3782096 0.1477897 0.143976 0.1606414 0.0112237 0.1601441 0.3861375 0.01491397 0.3871256 0.1321823 0.05693497 0.1056822 0.0003383934 0.0002284455 0.00031552 0.0005986334 0.0006206469 0.000795274 0.7928952 2.114266 0.002606397 0.0005287496 0.002211715 0.0008635837 0.004079699 0.0002927928 0.003989617 0.003010934 0.000426559 0.001638498 0.00348354 0.00418858 0.005030125
94 0.01583527 0.01594484 0.09092508 0.09721756 0.1805028 0.1648164 0.1219258 0.121093 0.1681464 0.1625634 0.3408434 0.3428658 0.1528391 0.1418056 0.1197864 0.02153004 0.1630613 0.4711842 0.01654006 0.3963982 0.1214304 0.01707761 0.1123961 0.0002962703 0.0002254752 0.0004583244 0.0005712821 0.0005445261 0.0007213705 1.006517 1.617755 0.002552858 0.000494951 0.002321177 0.0009036158 0.004276704 0.000304322 0.004157221 0.003120383 0.0004424625 0.001735785 0.003669759 0.004339731 0.005226657
95 0.01530484 0.01547875 0.09289181 0.100226 0.2059579 0.1991511 0.1326025 0.1310729 0.1421569 0.1466176 0.3954179 0.3651819 0.1537217 0.1476149 0.1430933 0.02160757 0.1888874 0.3860439 0.02000376 0.4344159 0.1213383 0.01931182 0.05911711 0.0004104723 0.0002350899 0.0003437075 0.0005980463 0.0007063984 0.0008023814 0.871949 2.482876 0.00260208 0.0004719938 0.002244471 0.000898557 0.004163362 0.0003458462 0.004056512 0.003036274 0.0004338784 0.001636282 0.003594561 0.004269523 0.00512829
96 0.01581335 0.01586225 0.09504329 0.108017 0.1559475 0.1457748 0.1234758 0.1263359 0.1857672 0.182228 0.3982257 0.4210633 0.1490117 0.1487907 0.1301915 0.01086736 0.2177051 0.4545024 0.008251619 0.3261694 0.1602428 0.04016436 0.1084176 0.0002957053 0.0002125952 0.0003420284 0.0005257865 0.0005871654 0.0007115497 1.331088 1.974114 0.002593616 0.0004374577 0.002230684 0.000871147 0.00412037 0.0002958509 0.004048595 0.00302857 0.0004268149 0.001635173 0.003514663 0.004214569 0.005083501
97 0.01533507 0.01545715 0.07753397 0.09148977 0.1703119 0.1565362 0.1403719 0.1389959 0.1648849 0.1755427 0.3496559 0.3407388 0.1552088 0.1446922 0.1163951 0.01019856 0.1855723 0.3999104 0.016073 0.3370609 0.1328358 0.08350029 0.06761927 0.0003079199 0.0001923792 0.0003146089 0.0004867622 0.0005701576 0.000703997 1.085231 1.918554 0.002579446 0.0004958055 0.002316106 0.0008725214 0.004283553 0.0004608915 0.00416817 0.003031347 0.0004444575 0.001665726 0.003663067 0.004320033 0.005222193
98 0.01571114 0.01596054 0.1047999 0.1102887 0.161876 0.165933 0.1883392 0.1865813 0.1554757 0.1679162 0.3730348 0.3477887 0.141812 0.1346102 0.1597045 0.02868519 0.2278255 0.268879 0.04730533 0.3362755 0.1187243 0.03767901 0.07845278 0.0003254642 0.0002413571 0.0003589691 0.0006086636 0.0005712375 0.0008858206 0.9840232 2.313162 0.002555888 0.000495377 0.002267144 0.0009386279 0.004199199 0.0003206069 0.004125166 0.003092893 0.0005060228 0.001763614 0.003586734 0.004364937 0.005119381
99 0.01617275 0.01613828 0.1025685 0.1001479 0.1744547 0.1735736 0.1681528 0.1751714 0.1610635 0.1617107 0.3570435 0.3452009 0.1484426 0.1422636 0.1690926 0.02892623 0.1768084 0.3839952 0.07144189 0.4381548 0.1305953 0.04726379 0.1273707 0.0003480045 0.0002555285 0.0003545475 0.0005772463 0.0006570599 0.0008323466 1.050373 1.676575 0.002524502 0.0005713954 0.002328553 0.0009627971 0.00427249 0.0004939551 0.004183997 0.003131137 0.0006442609 0.001776069 0.00363905 0.004586664 0.005334916
100 0.01587704 0.01592291 0.08484213 0.1009018 0.183205 0.1803552 0.1356525 0.1382975 0.1780385 0.1852599 0.3420076 0.3290957 0.1495919 0.1353597 0.09148333 0.02207426 0.2066987 0.3529648 0.02598298 0.3731235 0.1336374 0.0199014 0.1462965 0.0003549289 0.0002442449 0.0003297985 0.0005609588 0.0006756476 0.0006770101 1.206823 1.608088 0.002554263 0.000463571 0.002294176 0.0009392783 0.004219799 0.0003651972 0.004102324 0.003035923 0.0004472291 0.001699898 0.003608136 0.004296348 0.005194084
