1 0.034219 0.03527596 0.1706234 0.260372 0.5609965 0.5361852 0.5610936 0.5693993 0.3589365 0.3828772 0.6862445 0.6372085 0.3993178 0.4237373 0.1348535 0.04184956 0.7510281 1.497431 0.732975 1.486199 0.4211302 0.2983667 0.5993161 0.0008285718 0.0006374837 0.001008461 0.001834255 0.001460852 0.002523916 6.52181 4.118921 0.006729426 0.001275448 0.005389511 0.002460488 0.009869574 0.001085489 0.01000993 0.007429156 0.001022588 0.00478881 0.008427742 0.01038567 0.01281918
2 0.03556518 0.03725732 0.1467882 0.1870753 0.4751398 0.3897246 0.786508 0.7311268 0.4547065 0.4799437 1.638741 1.62147 0.4322035 0.3611499 0.1378944 0.002472796 0.4250895 1.984415 0.02324373 1.577242 0.7261685 0.5096295 0.2640829 0.0006686132 0.0005064311 0.0006623488 0.001450681 0.001067416 0.001846581 1.866051 12.3314 0.006708849 0.001171876 0.005742695 0.002083951 0.01082147 0.000436522 0.0104103 0.007716586 0.001104881 0.00394905 0.009231163 0.01132074 0.01317531
3 0.03511165 0.03538667 0.1559615 0.1890186 0.3694526 0.3070207 0.2627211 0.2628376 0.3358208 0.3768727 1.001419 1.107735 0.4004422 0.423202 0.3168635 4.540055e-05 0.1592142 1.215783 0.01085558 0.4426543 0.158449 0.007818729 0.07751981 0.0009097276 0.0006395728 0.000617939 0.001349123 0.001526478 0.001782689 0.1425561 6.66628 0.01250877 0.0007880156 0.004756875 0.001992482 0.008780001 0.0002004574 0.008716929 0.00657401 0.0008843498 0.003761814 0.007505344 0.009184835 0.01092184
4 0.03778929 0.03852785 0.31621 0.3352676 0.5168327 0.6616055 0.3568134 0.3034202 0.4183142 0.4061617 1.156065 1.204115 0.3070459 0.3270972 0.5415499 0.02580445 0.7282293 1.151523 0.3732037 2.037121 0.2655956 0.05119136 0.09589132 0.0006946308 0.0004287753 0.001093508 0.001276268 0.001061442 0.001569556 2.467987 7.103401 0.006171398 0.001027798 0.005402805 0.002141608 0.01007553 0.001379924 0.009978388 0.007216623 0.001171756 0.004110492 0.008716024 0.0106505 0.01264647
5 0.03684984 0.03746903 0.2545508 0.2545061 0.417011 0.4737627 0.2609027 0.2573789 0.330354 0.3220438 0.8772779 0.9412317 0.3783745 0.3470261 0.54474 0.002355744 0.9012095 1.404473 0.1180837 1.759105 0.3154336 0.02982074 0.07386268 0.000881094 0.0006118443 0.0009685646 0.001883791 0.00137601 0.002597025 3.598417 3.458109 0.006558154 0.001172654 0.006197862 0.002503763 0.01141472 0.0006983896 0.01102343 0.008065367 0.001194939 0.004466005 0.009779564 0.01137819 0.01390156
6 0.02171485 0.03899242 0.2421603 0.2217663 1.072157 1.068381 0.3341064 0.3431584 0.2161661 0.1878883 1.169024 0.8814881 0.4372457 0.4318949 0.2672863 0.03391087 0.2391867 3.34153 0.07222568 3.271039 0.9247044 0.2466774 0.5909579 0.0006075054 0.0005511243 0.0009408528 0.001744673 0.001155215 0.001842846 0.01875645 11.81703 0.8035187 0.00148344 0.005418716 0.002194704 0.01010129 0.0006574477 0.009864694 0.007926702 0.001279136 0.004375057 0.008713575 0.0105364 0.01237357
7 0.03549798 0.03657535 0.2405532 0.3151671 0.4395362 0.5616484 0.7383545 0.6415723 0.3482601 0.4001742 1.080666 1.193797 0.4033199 0.3290404 0.2272595 0.0001671034 0.7350296 0.9194753 0.1065368 1.734623 0.3104466 0.009249588 0.2701811 0.000426046 0.0005303931 0.0009901692 0.001517588 0.0009831642 0.001938551 2.054468 6.552504 0.007909632 0.001054243 0.005671538 0.002345759 0.01082802 0.0003298971 0.01036832 0.00777112 0.001085021 0.004158908 0.009272623 0.01075313 0.0130423
8 0.03406147 0.03486648 0.1698146 0.2038195 0.4393676 0.3799351 0.4587009 0.4339487 0.3228653 0.4066436 0.8902701 0.7525057 0.3617572 0.3785708 0.166015 0.009248746 0.5057326 1.565043 0.3505158 1.033354 0.3049117 0.05873403 0.219193 0.0009364482 0.0005621518 0.0007004539 0.001446048 0.001656568 0.002315664 4.294611 4.221779 0.006770995 0.001233571 0.005305618 0.00197524 0.009650977 0.0006323364 0.00945582 0.007010317 0.001026029 0.003855039 0.008269852 0.009883395 0.01188633
9 0.03469033 0.03714063 0.1687509 0.227492 0.8396037 0.8182889 0.2920841 0.304037 0.3902192 0.4425439 0.7575915 0.8126037 0.3776434 0.3786513 0.2524242 0.001041284 0.5723035 1.329467 0.04717851 1.532173 0.3946292 0.2844794 0.3327596 0.0006712815 0.000556727 0.0006191634 0.001589287 0.001326088 0.001609841 1.29832 0.0545051 0.01267637 0.0009361428 0.005024324 0.001857305 0.009409998 0.0004612276 0.009225965 0.006462356 0.0009645176 0.003669706 0.008047626 0.009585514 0.01154234
10 0.03770334 0.03867703 0.1570436 0.158819 0.4750564 0.5195358 0.5685448 0.6037314 0.3667309 0.4678945 1.248432 1.224393 0.495516 0.4014327 0.3248506 0.005849932 0.2347531 1.008185 0.5083185 1.021601 0.4568117 0.2790608 0.2376821 0.0008119969 0.0005872279 0.0008186769 0.001355727 0.001683006 0.00178845 5.64776 11.60139 0.006349805 0.001555327 0.005920083 0.00263101 0.01086423 0.0005472215 0.01069982 0.007779772 0.001191983 0.004582817 0.009298413 0.01083224 0.01341259
11 0.02193587 0.03871375 0.1542785 0.181273 0.3569406 0.2944071 0.3820139 0.3010385 0.2172749 0.2491171 0.8163728 0.7214727 0.7657079 0.8501368 0.112152 0.01360109 0.2545022 0.9295186 0.03188866 0.4501654 0.7569594 0.05903638 0.6905089 0.0007907038 0.0005064232 0.000651281 0.001278511 0.001360328 0.001560846 0.00659757 2.148183 2.892105 0.001189261 0.004951095 0.002000145 0.009116752 0.001284858 0.009063751 0.006647484 0.0009476646 0.003470061 0.007796835 0.009615602 0.01135695
12 0.03514057 0.03567737 0.1975784 0.2256853 0.5124501 0.4751148 0.412764 0.4981564 0.3436699 0.3326286 0.8652072 0.8481081 0.3787035 0.3308597 0.4430118 0.08453974 0.5317363 1.323628 0.04971009 1.158883 0.2809368 0.05111363 0.09866233 0.001011466 0.0006028855 0.000571894 0.001385987 0.00185581 0.001918577 4.85269 5.766202 0.006647388 0.001188062 0.00511727 0.001889983 0.009728412 0.000862168 0.009325883 0.006754974 0.001005372 0.00375569 0.00827677 0.009792389 0.0119484
13 0.03707478 0.03729679 0.1743298 0.1579956 0.4373774 0.4503481 0.5061105 0.518444 0.3944808 0.4455405 0.9546579 0.9716274 0.4197793 0.4213003 0.3290659 0.001600278 0.3617334 0.8799119 0.2429273 0.990728 0.7273222 0.6131992 0.2976795 0.0008714738 0.0004378727 0.001174461 0.001305835 0.001373416 0.001669002 4.585785 4.54904 0.006488057 0.001079353 0.004944335 0.002207851 0.009050712 0.0005737413 0.00863625 0.006612696 0.0009626373 0.004470055 0.007636423 0.009150544 0.01082922
14 0.03434757 0.03547907 0.1357879 0.2051938 0.5004255 0.4490719 0.3042929 0.3067269 0.3356178 0.3023958 1.098227 1.10565 0.3405821 0.3056393 0.1961045 0.02285276 0.4010399 2.669169 0.4283044 2.079457 0.343517 0.3000589 0.3618582 0.0008621528 0.000571519 0.0008715754 0.001306894 0.001606904 0.001800119 1.618834 6.251041 0.00680018 0.001893406 0.005307673 0.002289187 0.009846508 0.001402082 0.009618403 0.007563781 0.00113335 0.003967593 0.008456906 0.01045109 0.01281889
15 0.03554018 0.03648527 0.1424946 0.1619165 0.5074013 0.5436218 0.5182488 0.5875106 0.2999822 0.4132679 1.008602 0.9704273 0.3686724 0.3812564 0.1632906 0.0009905286 0.1603456 0.6999658 0.252252 1.00518 0.06431095 0.0003970053 0.1474199 0.0005800401 0.0004809192 0.0006861975 0.001112632 0.0007272126 0.001942642 2.046531 11.94512 0.00657913 0.0008563159 0.005533901 0.002198593 0.009927427 0.0005202088 0.009727464 0.007413576 0.001019327 0.003821986 0.008446916 0.01040304 0.01238316
16 0.02170336 0.03891598 0.1908155 0.2448519 0.5487831 0.5391911 0.5548732 0.5436296 0.2634619 0.2721866 0.7449018 0.7196506 0.7374144 0.7356733 0.09735529 4.487222e-05 0.1866614 1.650091 0.0061717 1.397318 2.799275 0.2171908 3.178348 0.0005370784 0.0003687034 0.0009288133 0.001094899 0.0008899978 0.001821417 0.006514055 3.99499 1.889711 0.0008542652 0.005604145 0.002332384 0.01052812 0.0002852915 0.01044008 0.007409044 0.00105076 0.004095497 0.009000319 0.01037962 0.01311297
17 0.0226163 0.03718124 0.2802476 0.3377559 0.3551429 0.2895055 0.3622051 0.4431198 0.2206235 0.2530423 0.5717726 0.5695024 0.7904035 0.8736569 0.2995059 0.1653963 0.3020376 0.9040791 0.01088288 0.6678726 0.7266644 5.97566e-05 0.1225731 0.0008270514 0.0005035995 0.00108741 0.001213008 0.001503156 0.001670324 0.006743028 2.749991 2.432196 0.0009195053 0.004762573 0.002197518 0.0088755 0.0006678669 0.008692828 0.006226791 0.0009094901 0.003944096 0.007600108 0.00930418 0.01092051
18 0.03591724 0.03614671 0.1731325 0.2185731 0.9309969 0.8059713 0.5329798 0.4646839 0.3550202 0.3478115 0.9588775 0.6846385 0.4998584 0.4654982 0.209721 0.005271364 0.5682147 2.441251 0.4085077 1.691178 0.5694145 0.4349886 0.4490462 0.0007706609 0.0005265817 0.0006983287 0.001321448 0.001500395 0.001676824 0.3611703 4.967093 0.01270973 0.001150405 0.005963794 0.002364102 0.01095734 0.0008457433 0.0106425 0.007738462 0.001149399 0.004440548 0.009355738 0.01137683 0.01345592
19 0.03709748 0.03830201 0.2900683 0.3401945 0.7753082 0.6852158 0.4245576 0.3986105 0.3533014 0.4761026 1.011543 0.9943926 0.3410422 0.3520486 0.3980013 0.0009691016 1.036666 2.078096 0.1265153 1.805913 0.3363389 0.09931076 0.2245994 0.0008281344 0.0006180541 0.0009805403 0.001625714 0.001606805 0.001937031 2.147489 4.370231 0.006682183 0.001002587 0.006316141 0.002447982 0.01153153 0.0003524791 0.01151481 0.008426059 0.001165025 0.004475699 0.009878191 0.01150314 0.01446744
20 0.03501069 0.03576078 0.2561464 0.2347141 0.4033961 0.3443108 0.3578707 0.3498539 0.4884738 0.3945339 0.7127998 0.7529654 0.3490358 0.3866448 0.5105831 0.1002347 0.4267254 1.148657 0.326797 0.9969105 0.131276 0.09775654 0.5301941 0.0007254779 0.0005840541 0.0007597325 0.001364265 0.002072569 0.001724031 3.112157 3.267112 0.006609182 0.001287434 0.005625274 0.002029714 0.01007277 0.001558616 0.009925706 0.007468413 0.001151725 0.004122319 0.008620929 0.01061526 0.01267278
21 0.03515426 0.03606901 0.2121403 0.2527365 0.376556 0.3501962 0.3031125 0.3486321 0.3522438 0.3635229 0.7430798 0.8328297 0.3765638 0.3419751 0.1757 0.1126646 0.541854 1.27995 0.205986 0.7863116 0.3126625 0.0870218 0.2445208 0.001166784 0.000693377 0.0009812545 0.001776511 0.001967157 0.002276848 1.531362 14.86096 0.006719749 0.001173023 0.005458728 0.002266906 0.01013569 0.001254845 0.009958949 0.007922545 0.001426018 0.004282889 0.008564903 0.01113892 0.01261888
22 0.03457416 0.03629397 0.1581846 0.2182367 0.5064723 0.6500047 0.3780394 0.4866445 0.2867976 0.325058 0.9270363 1.151275 0.3876446 0.4501179 0.2820966 0.001271205 0.4297523 0.6579041 0.0729462 0.8693894 0.1607386 0.5551773 0.9041115 0.0008951157 0.0006394971 0.0008855381 0.00125626 0.00193332 0.002101909 2.05004 5.851839 0.006557774 0.0008307635 0.005021692 0.002035759 0.009329578 0.0004075682 0.009181564 0.006398654 0.0009140963 0.003904347 0.008016232 0.009783257 0.01167128
23 0.02226793 0.03610337 0.3893841 0.3474853 0.5512358 0.537815 0.4115117 0.4479384 0.2490385 0.2381016 0.923686 1.027119 0.5251329 0.5240024 0.168 0.001485057 0.1312834 1.991379 3.069402 1.899674 0.86249 0.4642616 0.9449647 0.0009089852 0.0005243382 0.0009617639 0.001527336 0.001488066 0.002654288 0.00678438 11.46461 1.417713 0.001319339 0.005381844 0.001983111 0.009953396 0.0009107291 0.01009839 0.007666178 0.001035193 0.003915749 0.008467091 0.01062342 0.01305753
24 0.02144786 0.0402023 0.2708953 0.2093305 0.6770509 0.6801312 0.5034872 0.5576414 0.2315128 0.2130917 0.9565434 0.9191719 0.5877613 0.7451394 0.2893701 0.1509693 0.2369725 1.554389 0.3685797 1.428078 0.7855026 0.04272536 0.7262373 0.0007917746 0.0005020632 0.0008317896 0.001276483 0.001475888 0.001888454 0.01016058 4.855964 0.8247226 0.001775962 0.005129852 0.002220668 0.009661122 0.001563468 0.009601255 0.007610191 0.001000086 0.004751199 0.008487103 0.01042802 0.01226517
25 0.02149843 0.04080855 0.2050614 0.2360598 0.6180502 0.4821685 0.5937482 0.675716 0.1736019 0.2211731 1.331754 1.152953 1.07044 1.175204 0.01647145 0.00204202 0.332156 1.798871 0.4075285 0.9267624 1.499218 0.2634275 1.295669 0.0006781129 0.000497102 0.0006757959 0.001404679 0.0009057799 0.00201837 0.006443259 28.36558 5.954049 0.001060009 0.005783124 0.002331783 0.01083409 0.0005554183 0.01045668 0.007775579 0.001074097 0.004231225 0.009208849 0.01096293 0.01321489
26 0.03390583 0.03573629 0.2442633 0.2743205 0.581579 0.5520994 0.2549905 0.2145564 0.3753432 0.4224607 0.9149972 0.9492899 0.3859109 0.4326852 0.4031673 0.1312854 0.4694757 1.746077 0.7215014 1.446875 0.2994903 0.008662453 0.04873508 0.0005493173 0.000417252 0.0005097947 0.001357229 0.0008105598 0.001438836 26.42145 0.03679436 0.006784781 0.001347785 0.005356165 0.002184381 0.009982433 0.001040262 0.009668471 0.007508869 0.001032463 0.004525599 0.008587965 0.01045657 0.01230665
27 0.03480104 0.03477125 0.1851262 0.2683035 0.509149 0.4391362 0.4266571 0.427845 0.3893282 0.3350714 0.697441 0.6529651 0.3673397 0.3113094 0.2035281 0.003835565 0.5179268 2.247232 1.825961 1.41478 0.7418292 0.8437635 0.5899173 0.0007784221 0.0006109145 0.0008249021 0.001423357 0.001718241 0.002174587 4.839119 11.99772 0.006937098 0.001073584 0.005712117 0.002230547 0.01061784 0.0008360574 0.01036429 0.007743157 0.001133074 0.004174776 0.009088982 0.01111131 0.01318093
28 0.03548566 0.03597329 0.1609834 0.1750162 0.5280472 0.50594 0.5937145 0.6631508 0.4390777 0.5363875 0.6781486 0.6820466 0.3647112 0.3569158 0.2901897 0.002267312 0.5379053 1.084855 0.2209598 0.3863824 0.1698116 0.04512401 0.5285312 0.001113466 0.0007824094 0.000858316 0.001565949 0.002063275 0.001854319 1.442143 5.727358 0.006653504 0.0009872993 0.005498052 0.002033401 0.01016641 0.0005019925 0.009971169 0.007221778 0.001049425 0.003781449 0.008720007 0.01026684 0.01252871
29 0.03446398 0.03621321 0.2539581 0.2496747 0.3320797 0.3852157 0.3164981 0.3767724 0.3765631 0.3700298 0.9065403 0.7234793 0.3550828 0.3311447 0.5952187 0.04754161 0.5489606 0.7206186 0.05813257 0.8107872 0.1100154 5.346619e-05 0.07975484 0.000848559 0.0003763117 0.0007648819 0.00151489 0.0007018205 0.00237508 2.377243 8.113149 0.006734194 0.0009968055 0.005140141 0.001974469 0.009609973 0.0005090312 0.009483379 0.007204653 0.0009924549 0.003727544 0.008227138 0.009687638 0.01195696
30 0.03620557 0.03319069 0.1208133 0.2024829 0.7943543 0.7122946 0.3932746 0.3551288 0.443427 0.519219 0.9373371 0.6631386 0.5495669 0.5638889 0.05236689 5.704019e-05 0.376909 2.129912 0.522196 2.287876 0.4875709 0.4217019 0.3152307 0.000865298 0.0005978519 0.0007770029 0.001428063 0.001355505 0.002140653 0.02526985 13.28141 0.0131439 0.0009300879 0.005358777 0.002176417 0.01001798 0.0004303201 0.00971721 0.007678044 0.001006427 0.003984649 0.00857471 0.01056935 0.01224131
31 0.03674301 0.03737218 0.1737456 0.1859362 0.5784763 0.3546004 0.3304502 0.255783 0.3926468 0.4146935 0.8857907 0.9290775 0.372109 0.3637879 0.3937198 0.01470802 0.3147993 0.7418965 0.0001306703 0.1531499 0.3246646 0.01263071 0.03431025 0.0005752885 0.0004335287 0.0006550486 0.001331084 0.001220117 0.001555455 4.237814 4.119146 0.006386576 0.0006268898 0.004001806 0.001574543 0.007236381 0.0002834935 0.007037462 0.005383601 0.0007536548 0.002988217 0.006205337 0.007988384 0.008818278
32 0.03515219 0.03592619 0.1872591 0.1647323 0.7040552 0.6450956 0.3062029 0.3606177 0.4001866 0.3566612 1.148094 0.9375235 0.4575329 0.4049123 0.5187326 0.01579228 0.3277213 1.739732 0.2277026 1.704803 0.4897891 0.260129 0.7297121 0.001129227 0.0005919633 0.0006317831 0.001447997 0.001672979 0.001682383 5.243567 59.99766 0.006580219 0.001250766 0.005335098 0.002141166 0.00973616 0.0009172032 0.009767753 0.007398141 0.001143961 0.004099211 0.008313199 0.01032341 0.01226362
33 0.03486272 0.03624394 0.1398037 0.1901891 0.4229492 0.4375954 0.4033873 0.3705894 0.3789659 0.4107622 0.7613264 0.8372393 0.4391021 0.3184177 0.2359319 0.009910507 0.5091153 1.339727 0.1710403 1.344167 0.6002852 0.3989047 0.2258551 0.0007067306 0.0005464601 0.0006945304 0.001474001 0.001716608 0.001754413 2.806977 5.787448 0.00663987 0.001243876 0.005038288 0.001990896 0.009339585 0.0008820584 0.009271497 0.006939865 0.0009521646 0.003718369 0.007960377 0.009448554 0.01168267
34 0.03581881 0.03539418 0.2789976 0.3522523 0.7817592 0.745119 0.8335968 0.8425376 0.4089859 0.3304071 0.8031382 0.8440638 0.3306341 0.3387494 0.3753373 0.2764633 0.6104867 1.896762 0.0523765 1.828603 0.4860945 0.03711973 0.3502794 0.0008511544 0.0004736376 0.000742032 0.001395321 0.001487704 0.002064151 3.706434 5.273638 0.006377497 0.001117961 0.005188132 0.001936146 0.009567588 0.00111755 0.009528083 0.006867408 0.0009804951 0.004016743 0.00811411 0.01010496 0.01201956
35 0.02229108 0.03682733 0.2200253 0.2278068 0.4382144 0.2776761 0.3145653 0.3174097 0.2100416 0.2369642 0.8558371 0.7858854 0.6128918 0.6088148 0.2440533 0.07659764 0.1830481 1.009218 0.08963345 0.3006376 0.6668427 0.2150327 0.5992995 0.0007666472 0.0006187754 0.0005859806 0.00147103 0.001795099 0.002016526 0.008291185 10.54177 1.007291 0.00123014 0.005408152 0.002159972 0.009896998 0.0009416064 0.00969416 0.007489338 0.001238892 0.004167867 0.008471238 0.01064225 0.01222015
36 0.03616383 0.03725006 0.1901583 0.2087363 0.4219178 0.3156482 0.3514132 0.3068179 0.495224 0.5298406 0.6737617 0.7110021 0.3677137 0.3326623 0.2347476 0.0170743 0.4790952 1.042475 0.3699622 0.6757843 0.3121993 0.05373966 0.2674177 0.0006984913 0.0005172778 0.0008331117 0.001387758 0.001355367 0.00168936 2.568749 4.525152 0.006339737 0.001068455 0.005164147 0.00215379 0.009776949 0.0005925814 0.009733334 0.007324422 0.001249072 0.004318828 0.008377231 0.01049518 0.01258411
37 0.02115224 0.04164237 0.2187401 0.2078003 0.5202341 0.4896135 0.9188405 0.9863213 0.2010698 0.1990627 0.6780249 0.7553056 0.9823091 1.157859 0.2115019 0.06634613 0.2762752 1.2027 0.1869157 1.293096 2.432337 0.1412166 2.056239 0.001017271 0.0007415395 0.0007664598 0.001655635 0.001799092 0.0025457 0.006512059 2.643782 5.198129 0.001482744 0.005342437 0.002218157 0.01001926 0.000522218 0.01030763 0.007478697 0.001234903 0.004152465 0.008569551 0.01033418 0.01280539
38 0.03568136 0.03647545 0.1871938 0.2304035 0.5648727 0.5234502 0.4771032 0.4250248 0.3183193 0.3428829 1.29775 1.267586 0.3351341 0.285198 0.2990195 0.1293026 0.5446563 1.502011 0.6218929 1.041543 0.50503 0.573641 0.4210727 0.0008602191 0.0007084726 0.0009147442 0.001302608 0.002241789 0.002067514 6.611818 5.055393 0.006517484 0.002445947 0.005489019 0.00245382 0.01011985 0.002746631 0.01018127 0.008419801 0.0013372 0.004567387 0.008607959 0.01109535 0.01347712
39 0.0232938 0.0358007 0.1526944 0.1669481 0.4499078 0.4624555 0.4988026 0.4733442 0.2394178 0.2405326 0.7259181 0.7184462 0.5901742 0.555722 0.1501992 0.00012801 0.232178 1.630435 0.0499422 1.738764 0.7416384 0.6226501 0.2073025 0.0004583179 0.0004602004 0.0009679613 0.001216575 0.0009628247 0.00172994 0.007651244 10.49351 0.03395714 0.000855366 0.005308142 0.002025103 0.009881748 0.0003309675 0.009515718 0.006862448 0.0009943733 0.003742851 0.008456228 0.01038569 0.01197264
40 0.0359174 0.03683404 0.1819075 0.2236525 0.6541477 0.6209313 0.7186844 0.7873554 0.4628782 0.3894832 0.9187448 0.8639606 0.3804657 0.3854725 0.3330229 0.0521364 0.5555834 1.234527 0.5524499 1.187561 0.07103416 9.03939e-05 0.3576152 0.000677576 0.0001976876 0.0008296371 0.001115709 0.0008946405 0.001911541 2.682686 15.85825 0.006322866 0.001308331 0.00493744 0.002164905 0.008910672 0.0009774474 0.008642985 0.00654272 0.0009234434 0.00394399 0.007675113 0.009294278 0.01084158
41 0.03549914 0.03638657 0.2910447 0.2601232 0.4322634 0.4807507 0.3135017 0.351713 0.4159047 0.3528784 1.118736 1.192871 0.3659817 0.3117499 0.3020493 0.001217939 0.5125603 0.65321 0.007420595 0.9215479 0.2420899 0.0211591 0.3048397 0.0007606843 0.0005216479 0.0009652118 0.001261539 0.0015083 0.001706028 1.851058 3.128684 0.007648414 0.001081027 0.005778977 0.002032092 0.01092834 0.0003416849 0.0108222 0.00794005 0.00112367 0.004210003 0.009310456 0.01056407 0.01348638
42 0.03616021 0.03722155 0.2576923 0.2922321 0.2262976 0.2165953 0.2688621 0.2230694 0.3630434 0.4243703 1.054022 0.8879867 0.4170693 0.4154471 0.7109333 1.999108e-05 0.3721859 2.717411 0.001125485 2.772351 0.3087368 0.02251507 0.05585462 0.0009118991 0.0006309849 0.0007999972 0.0017681 0.001429001 0.002205335 1.720494 1.840247 0.00663072 0.0008645713 0.005379219 0.001994275 0.009927995 0.0002696916 0.009744472 0.007193625 0.001006016 0.003579736 0.008490724 0.01005737 0.01225653
43 0.03737402 0.03856022 0.296696 0.3239135 0.6558739 0.7033223 0.4528074 0.552323 0.4350254 0.4086885 1.194304 1.194605 0.345198 0.3094698 0.5381281 0.02064242 0.6416858 1.227105 0.1252173 1.382352 0.5474302 0.5552745 0.2898562 0.001040181 0.000705511 0.0009925346 0.001733885 0.001710183 0.002279411 2.159305 9.265564 0.006309837 0.001205934 0.006198873 0.002532978 0.01150073 0.001102243 0.01112462 0.008645374 0.001238464 0.004940386 0.009819983 0.01186983 0.01415478
44 0.03458213 0.03546114 0.3737749 0.3414826 0.4093127 0.371997 0.3848213 0.4043121 0.3656719 0.362607 0.8537334 0.8211658 0.3688081 0.3730033 0.3169568 0.1207222 0.6540869 1.312961 0.351974 1.188481 0.5482027 0.6197382 0.8989117 0.0008570062 0.000585627 0.001352856 0.001505958 0.001779913 0.002117458 2.92082 15.37087 0.006781369 0.001670773 0.005830944 0.00248886 0.01073054 0.001377931 0.01054576 0.008121233 0.001208919 0.004599761 0.009134497 0.01134337 0.01358405
45 0.02240927 0.03530156 0.2622398 0.2784096 0.2864943 0.3794766 0.3295628 0.2478722 0.276643 0.2595497 0.5268997 0.570096 0.6349739 0.5636241 0.2045552 0.01138304 0.4585485 0.3278791 0.3886713 0.7534182 0.7341116 0.2773853 0.3440572 0.0007197234 0.0004217856 0.0007646656 0.001291273 0.001080322 0.00169419 0.007031068 5.346609 3.140817 0.001311599 0.004956202 0.00187725 0.009149216 0.001101987 0.009136771 0.00716754 0.0009442845 0.003794277 0.007803394 0.009005833 0.01146587
46 0.03516625 0.0362344 0.4131189 0.447252 0.2739107 0.3396282 0.6729071 0.6221365 0.3676334 0.4342149 0.948656 0.8551503 0.3691031 0.3839424 0.741801 0.003001389 0.8928117 0.3366754 0.01872969 0.6753635 0.2394967 9.37327e-05 0.02857113 0.0005017457 0.0003125087 0.001081572 0.001211269 0.0007243627 0.001623483 3.016509 4.68015 0.006494489 0.0008269814 0.004850457 0.002043915 0.009021245 0.0003574548 0.008686748 0.006234871 0.0009326778 0.003692947 0.007694366 0.009307562 0.01083975
47 0.03358281 0.03499809 0.1775706 0.1938493 0.288998 0.2119981 0.3134663 0.3128574 0.3496443 0.3712037 0.8938089 0.8662406 0.3883978 0.388655 0.2836983 0.01441332 0.2142226 1.045249 0.02065934 0.5699924 0.4151973 0.0587434 0.2733851 0.0008453376 0.0006307697 0.001160294 0.001666401 0.001708488 0.001877836 2.024849 2.21331 0.006854989 0.001053519 0.004871431 0.002067084 0.008967598 0.001371059 0.008847822 0.006132404 0.0009344181 0.003671352 0.007660087 0.009014915 0.01108142
48 0.02225474 0.03738757 0.2361512 0.2882111 0.4806471 0.4041127 0.3656535 0.3020783 0.2650198 0.2669975 0.639415 0.7274614 0.7952116 0.8970355 0.3504248 0.08126389 0.5724951 0.9448953 0.477294 0.8139446 0.9773684 0.1149023 0.7277557 0.0006970431 0.0004378097 0.0008123004 0.001304275 0.001271912 0.001881547 0.006700154 4.389324 6.72274 0.001307517 0.005285727 0.002067204 0.009620256 0.0009695968 0.009791297 0.007167858 0.001056743 0.004123535 0.008259281 0.01010275 0.01239943
49 0.02224624 0.03762295 0.1567763 0.1590634 0.2477325 0.2761801 0.1972468 0.2193304 0.1703353 0.2063004 0.9628117 1.075219 0.9117365 0.7925846 0.09002425 0.0002961465 0.06240321 0.9399979 0.008356412 1.222395 0.7054192 0.02567648 0.8107251 0.0006260547 0.0004657142 0.001027776 0.001254572 0.0007986161 0.001758174 0.009081061 2.922319 0.5996118 0.0008702088 0.005135397 0.002021869 0.009482508 0.0003310321 0.009072007 0.006724408 0.0009935066 0.003860611 0.008077485 0.009877679 0.01141732
50 0.04034921 0.03819391 0.2001335 0.1925571 0.365796 0.3635304 0.3174134 0.2948384 0.4013549 0.4371592 0.8438542 0.8460993 0.3006574 0.326086 0.204775 0.009274708 0.2935676 1.355571 0.1981445 1.659372 0.4016308 0.1151943 0.2351457 0.0006761448 0.0005975516 0.0006514789 0.001648213 0.001426707 0.00187656 0.1606014 7.296895 0.02006647 0.001534448 0.005311417 0.00234157 0.009838029 0.000801072 0.009652828 0.0071516 0.001083565 0.004264047 0.008401671 0.01002551 0.01208412
51 0.03670495 0.03659978 0.2254482 0.2389718 0.2700272 0.3396233 0.6246758 0.6123981 0.4528139 0.5011795 0.8191519 0.7937893 0.3992571 0.4065213 0.2744468 0.03466337 0.3666061 0.3960886 0.06000797 0.9153952 0.1033674 0.1973704 0.6468084 0.0005899335 0.0004754956 0.0007247315 0.00130819 0.001267263 0.001550202 2.064276 5.535151 0.007283874 0.001171053 0.005564829 0.002031773 0.01042243 0.001089952 0.009976345 0.007388593 0.001075235 0.003984777 0.008872806 0.01070407 0.01264043
52 0.03529568 0.03651276 0.09723705 0.1782392 0.5377581 0.5691609 0.4202714 0.4004744 0.4164081 0.4438164 0.7754708 0.7004017 0.3021226 0.3180256 0.08554667 5.552246e-05 0.4758897 1.063965 0.737145 1.358617 0.316621 0.7626581 0.7351685 0.0009681178 0.000561919 0.0007672246 0.001252577 0.001828409 0.001898477 2.279809 1.508918 0.006760598 0.0008320848 0.004729758 0.001794753 0.009085381 0.0005726771 0.00889884 0.006828542 0.000863894 0.003583029 0.007772211 0.009280529 0.01123743
53 0.03511185 0.03496936 0.1646096 0.1950283 0.3671527 0.3207292 0.4162907 0.5067509 0.3378088 0.3072626 0.6850798 0.6114308 0.3230494 0.3494346 0.2371215 0.01031348 0.3880136 1.475826 0.05516922 1.229886 0.2533015 0.1650133 0.4242559 0.0007688649 0.0004944794 0.0009358963 0.001506355 0.00115042 0.001538211 2.202927 7.346462 0.006818097 0.001164161 0.004679564 0.001887504 0.008698887 0.0004788825 0.008869066 0.006788499 0.0009171914 0.004008841 0.007446303 0.009281025 0.01121402
54 0.03601683 0.03597546 0.4326494 0.4530459 0.3929676 0.294252 0.2448793 0.1825114 0.3348184 0.4321649 1.110409 1.097314 0.3867991 0.3647457 0.6713791 0.003038456 0.8881507 0.7167175 0.01601593 0.3971735 0.2570166 0.01626767 0.05270916 0.0007613181 0.0005217497 0.0008341593 0.001520918 0.001391427 0.002076321 2.365222 3.867504 0.006635363 0.0009698899 0.005297441 0.002108544 0.009963787 0.0004479639 0.009630081 0.006700627 0.0009931452 0.003860916 0.008554198 0.009534951 0.01217136
55 0.03536375 0.03602374 0.1925605 0.1816645 0.5766 0.5844584 0.23625 0.184526 0.452501 0.4636828 0.6441947 0.616218 0.4041306 0.3235297 0.4117218 0.001799577 0.199712 1.772531 0.29092 1.574325 0.1884233 0.0113979 0.06271336 0.0007771178 0.0004581918 0.0009810051 0.001385116 0.001196166 0.002072388 1.917163 41.08288 0.006731075 0.001310951 0.005862466 0.002410704 0.01068162 0.000666061 0.01061627 0.007590494 0.001163614 0.00426479 0.009130492 0.01084279 0.01319284
56 0.03590555 0.03624587 0.2236352 0.2596312 0.3251844 0.3052308 0.2696766 0.2877894 0.3294038 0.368888 0.9240458 0.9087892 0.3688646 0.3503028 0.419399 0.1866217 0.7075994 0.6686428 0.07055484 0.6528316 0.3295018 0.2391573 0.200026 0.001194392 0.0006320823 0.001102113 0.001567829 0.0017035 0.001763783 1.412616 3.732955 0.006594792 0.001751441 0.005360185 0.002376471 0.01018832 0.001527929 0.009991354 0.007422344 0.001019991 0.004304775 0.008675554 0.01072967 0.01286973
57 0.03599577 0.03642864 0.1690669 0.1948106 0.7012005 0.7340047 0.3061851 0.3132471 0.3647003 0.3982212 0.8612407 1.03548 0.3133538 0.3196847 0.216913 0.02958682 0.3739813 1.958725 0.2520305 1.92815 0.3262284 0.2990151 0.3533571 0.0006863996 0.0005587012 0.0009023681 0.00136283 0.001530467 0.002134275 2.606064 3.513909 0.006497235 0.001682745 0.005188478 0.002274838 0.009629112 0.001961986 0.00939868 0.007221292 0.00100641 0.004016402 0.008273775 0.009864311 0.01209684
58 0.03665774 0.03390434 0.1994114 0.2015855 0.4547925 0.4341808 0.2744877 0.2582564 0.3084889 0.3135489 0.7224822 0.7148054 0.3490027 0.34808 0.3750465 0.07870182 0.4074499 1.381739 2.525466 1.655409 0.2874007 0.03158274 0.1862275 0.0007819848 0.000527765 0.0007991483 0.001296985 0.001342485 0.001910595 0.4318279 3.567858 0.06745338 0.001093626 0.005571857 0.002175561 0.01008222 0.001853102 0.009881683 0.007338472 0.00111193 0.004200519 0.008560602 0.01010077 0.01247818
59 0.0359217 0.03665659 0.2450581 0.2248633 0.4811396 0.5150267 0.7612875 0.7191471 0.3026474 0.3840981 0.6348028 0.6794148 0.3847383 0.3797185 0.4960404 0.1552247 0.4366832 0.8354341 0.04793619 1.027767 0.4573994 0.08461899 0.2035477 0.001065491 0.0005888589 0.0009435691 0.001275625 0.001430358 0.001802929 2.864679 10.27513 0.006680878 0.001325403 0.005398442 0.002260929 0.009788593 0.001516267 0.009586839 0.007358328 0.001024554 0.003932578 0.008384191 0.01023911 0.01196497
60 0.02233359 0.03575809 0.2404799 0.219686 0.2688385 0.3376018 0.4213991 0.4931617 0.2778721 0.2583067 0.781734 0.8662555 0.7450243 0.8347009 0.2172148 0.02017823 0.2455077 0.4468859 0.3699232 0.7248123 0.9064387 0.3824637 1.180082 0.001363565 0.0005663074 0.0007109518 0.001698596 0.001505366 0.001997582 0.00687621 7.145143 2.403936 0.00139486 0.004879135 0.001845559 0.008903772 0.0009665019 0.008578159 0.006769454 0.001020752 0.003586763 0.007547904 0.009216528 0.01087118
61 0.03835158 0.03932455 0.1373977 0.2716977 0.6607789 0.6470531 0.172596 0.2906008 0.3762371 0.430492 0.7199594 0.7291101 0.3479834 0.3405806 0.1530264 0.01086637 0.4417953 1.577289 1.962101 1.41461 0.02346102 0.002823625 0.3752674 0.0008175276 0.0003445877 0.0007541009 0.001270026 0.001046643 0.001699244 4.144037 2.514748 0.006342996 0.00126612 0.005378105 0.002277111 0.01002334 0.000994444 0.01005611 0.007781599 0.001015601 0.004286893 0.00862508 0.01095026 0.01264317
62 0.03564972 0.03649566 0.2347795 0.2399027 0.4783771 0.5095813 0.5255156 0.4910418 0.3495559 0.3384034 0.9342424 0.939856 0.4553334 0.3960104 0.4308114 0.1901166 0.3487907 1.648199 0.7125686 1.618064 0.8342883 0.7325977 0.2638022 0.000830466 0.0006578123 0.0008692257 0.001899046 0.001567191 0.002718976 3.439104 3.482641 0.006478143 0.001937973 0.005761415 0.002340388 0.01037512 0.002376876 0.009989348 0.008197057 0.001482826 0.004962354 0.008737254 0.01168874 0.01318859
63 0.03471096 0.03496615 0.1840351 0.1491534 0.3303009 0.3388992 0.3216713 0.2635675 0.2980214 0.358823 0.8425759 0.8990217 0.3394341 0.3303156 0.4272127 0.006296506 0.1157574 1.440571 0.1365054 1.643419 0.2637753 0.01985176 0.1146492 0.0008363296 0.0004544918 0.000902356 0.001331953 0.001506219 0.001900172 0.9913553 3.814209 0.006689372 0.001133375 0.004837157 0.001993429 0.009168559 0.0008756174 0.008965055 0.006535697 0.0009287406 0.003682939 0.007893857 0.009334225 0.01130148
64 0.03541796 0.03705791 0.1687789 0.1903838 0.4430036 0.418659 0.6393324 0.6724575 0.4322193 0.4146035 1.208113 1.195082 0.4012263 0.4280347 0.1860355 0.008003442 0.3273768 3.128348 0.1177039 2.343543 0.217834 0.1008926 0.4195336 0.0007184324 0.0004771402 0.0005071054 0.001331954 0.001421446 0.001399338 3.33511 4.210846 0.006576021 0.001243894 0.005474596 0.002010841 0.01034318 0.0008968558 0.01017276 0.007468236 0.001043415 0.003973338 0.008800966 0.01040997 0.01304714
65 0.03569167 0.03568159 0.1894124 0.1803868 0.3691488 0.3880788 0.2881626 0.1793298 0.3749797 0.3551455 0.6983751 0.7477364 0.3476161 0.3025611 0.2954891 0.04640835 0.2958175 1.602874 0.1931307 1.839346 0.3921073 0.0110252 0.05360078 0.0006751685 0.0004055819 0.0006887226 0.001198433 0.0009023598 0.001283112 0.1963748 20.52275 0.00863042 0.001416051 0.005362748 0.002011379 0.009813736 0.001461121 0.009730587 0.007145353 0.00101608 0.004267371 0.008295202 0.009701491 0.01190442
66 0.0361601 0.03690865 0.259166 0.2455043 0.3650642 0.3719155 0.2753299 0.2551708 0.4970281 0.6128354 0.9078972 0.835129 0.3740167 0.3410284 0.4044366 0.07637829 0.3746784 2.453544 0.1664866 2.54298 0.2794615 0.15897 0.2451156 0.0007428403 0.0005236624 0.00102803 0.00149579 0.001493364 0.001828154 2.604411 3.480965 0.006462866 0.001381318 0.005472116 0.002078592 0.009995464 0.001444168 0.009808334 0.007342041 0.001061279 0.003921693 0.008576078 0.010175 0.01221336
67 0.03517607 0.03616389 0.261687 0.3275887 0.5291987 0.5169708 0.6819064 0.7036421 0.3904101 0.4038455 0.8352669 0.9535992 0.3565966 0.3837653 0.5072719 0.02757724 0.7180894 0.9879912 0.1099152 0.6052512 0.66853 0.4605382 0.800762 0.001034637 0.000621129 0.0009500292 0.001509343 0.001788767 0.002114231 5.310675 15.91887 0.006498302 0.001447561 0.005146713 0.002160668 0.009662363 0.0008265299 0.009633598 0.007407339 0.001037763 0.004358985 0.008302915 0.0102535 0.01212377
68 0.03691013 0.03790634 0.205607 0.2805461 0.5997121 0.5523797 0.2511279 0.2910629 0.3660343 0.386757 1.070482 0.9368228 0.3838885 0.3725391 0.5645932 0.06729977 0.9392251 1.171228 0.05155851 0.9230628 0.2880242 0.1802591 0.3305866 0.001141546 0.0006291122 0.001034519 0.001438382 0.001904975 0.001781358 5.757513 8.756405 0.006570949 0.001392219 0.005807026 0.00237938 0.01091163 0.0008366243 0.01055347 0.00814734 0.001142278 0.004419397 0.009301066 0.01095971 0.01336139
69 0.03712411 0.03749085 0.203373 0.247736 0.3630906 0.3699084 0.3084482 0.2477577 0.3104036 0.3738207 0.7732065 0.6981876 0.4108411 0.3681359 0.4507105 0.1376457 0.4199329 0.7778861 0.3164497 0.7330634 0.2099508 0.007699848 0.10913 0.0006987371 0.000493102 0.0008524132 0.001367011 0.0007627195 0.001741999 2.147836 2.175164 0.006474583 0.001146648 0.005127955 0.001966401 0.009322993 0.0007768955 0.009267522 0.007172718 0.001383285 0.003847324 0.007937236 0.0104733 0.01208142
70 0.03705741 0.03829054 0.3318102 0.2962129 0.7388795 0.5863149 0.2566383 0.2807225 0.4732785 0.3796549 0.9038078 0.805801 0.3711825 0.3879605 0.729279 0.3056708 0.5077782 1.898985 0.03814015 1.348707 0.08721025 0.0601393 0.4263436 0.0009024772 0.0007316531 0.0009079738 0.00167601 0.001617077 0.002878211 2.65683 11.92367 0.00631431 0.001152629 0.00604504 0.002449267 0.01130655 0.001259093 0.01111671 0.007844436 0.001169645 0.004269108 0.009690881 0.01154137 0.01405531
71 0.02101824 0.03830885 0.1430443 0.2116943 0.8366307 0.6972542 0.3834817 0.424918 0.2232941 0.2353515 1.116651 1.061952 0.913508 0.934945 0.0203708 0.001696623 0.2445419 1.40171 0.313901 1.332042 0.5247614 0.008388221 1.049478 0.0006814167 0.0003235164 0.0008460198 0.00123983 0.001223944 0.001531614 0.006638434 3.374401 1.781331 0.001338696 0.004705079 0.001923036 0.008816768 0.0008728725 0.008822848 0.006580583 0.0008782796 0.003855722 0.007598711 0.009091803 0.01097857
72 0.03538179 0.03677219 0.2366969 0.2507178 0.4801827 0.291243 0.7277446 0.7405482 0.3264466 0.328613 1.605296 1.64291 0.3659896 0.3466349 0.4668414 0.5368862 0.4973833 1.5103 0.03476109 0.4543835 0.4340093 0.04601049 0.3089015 0.0007942832 0.0004598144 0.001161631 0.00132403 0.001044784 0.001821686 2.241223 6.761679 0.006446013 0.001152937 0.005919859 0.002384402 0.01079263 0.0008335126 0.01029006 0.007919774 0.001147662 0.004592966 0.009256824 0.01110306 0.01297058
73 0.03469808 0.034939 0.1764585 0.1692268 0.5855158 0.4590573 0.5686354 0.463147 0.4207224 0.4907756 0.6132925 0.5005343 0.3738082 0.2855558 0.5630255 0.02506012 0.3310828 0.8878096 0.3664007 0.4661643 0.622469 0.7867675 0.4687387 0.0007254225 0.0005071059 0.000950122 0.001093899 0.001488369 0.001472459 1.620724 7.217935 0.006649222 0.001465424 0.005398602 0.002082866 0.009881904 0.00112502 0.009632908 0.00703133 0.001213734 0.003914317 0.0084049 0.009968762 0.01222479
74 0.03452822 0.03557312 0.1660344 0.2125337 0.5436242 0.5651188 0.3782781 0.4186621 0.259317 0.3682405 1.02596 0.8420764 0.3017614 0.3974947 0.3041004 0.02329916 0.517275 1.319051 0.03099308 1.253462 0.4512214 0.3887009 0.8348891 0.000860955 0.0006363188 0.001097662 0.001577108 0.001799079 0.002193219 2.43153 6.541455 0.006781584 0.001336099 0.005452046 0.00233473 0.01021353 0.001130628 0.01006494 0.007629409 0.00109552 0.004270313 0.00876574 0.0107943 0.0128101
75 0.03704717 0.03752857 0.1865665 0.1988463 0.3941054 0.3408398 0.4803761 0.5152116 0.4103024 0.3632311 1.123854 1.18577 0.4075864 0.4029334 0.2642081 0.00545262 0.4144912 1.00813 0.1417727 0.6946304 0.3729923 0.1706594 0.2762538 0.0007566056 0.0006790568 0.001199279 0.002025092 0.001277751 0.002200209 4.111064 4.28085 0.006408985 0.0009868197 0.004874033 0.001934743 0.009144052 0.0006898887 0.008889685 0.006654611 0.0009804624 0.003918439 0.007853277 0.009280866 0.01130171
76 0.03657192 0.03364693 0.1715686 0.1691528 0.7872178 0.8523429 0.4480212 0.4176505 0.2969667 0.4120367 1.427275 1.381912 0.6960883 0.5289169 0.2717964 0.00631912 0.1646855 1.51172 1.177025 1.800175 0.4912996 8.255259e-05 0.1600351 0.0005251315 0.0003424584 0.0007453825 0.001492166 0.001026228 0.001605632 0.01856407 6.70266 0.01422533 0.001025661 0.005903561 0.001970159 0.0109274 0.0006561943 0.01060402 0.007785626 0.001088836 0.003830828 0.009350283 0.01110951 0.01331657
77 0.02222549 0.03947971 0.2533542 0.2814073 0.3884369 0.3814796 0.2227506 0.3201578 0.2005695 0.2331388 0.7276579 0.7217271 0.9442394 0.8811895 0.2644875 0.003124466 0.08311397 1.100101 0.4385274 0.8339542 0.2204573 0.1624536 0.728399 0.000669773 0.0003642961 0.0006347269 0.001225823 0.00090373 0.001356378 0.006742744 2.278384 2.561703 0.001119686 0.005097123 0.002028147 0.009542168 0.0005284176 0.009469659 0.006677431 0.0009791134 0.003677272 0.008164223 0.009281042 0.01188798
78 0.03661474 0.03747938 0.1728968 0.2115538 0.6798576 0.5673548 0.2275142 0.134129 0.4315731 0.3537394 1.272173 1.16542 0.3592344 0.4069987 0.3461854 0.05627825 0.6088281 1.305609 0.02177392 0.5138119 0.08869553 5.9656e-05 0.02085199 0.0005340222 0.0004951799 0.0008649706 0.001415556 0.0003097293 0.002045951 1.851228 11.54302 0.006403499 0.0009639434 0.005798773 0.002198708 0.01074595 0.0002664868 0.01036797 0.007815516 0.001109804 0.00416071 0.009206134 0.01104117 0.01285763
79 0.03535566 0.03594231 0.1916936 0.1898652 0.4409546 0.3870874 0.3657066 0.4073889 0.3821131 0.3627362 1.053444 1.070155 0.3513459 0.3418441 0.4660344 0.006591538 0.3419887 1.568585 0.05313511 0.8799602 0.1576453 0.2364361 0.4547124 0.0008840011 0.0005374235 0.0007792898 0.001326724 0.001617988 0.001656191 5.453981 6.212707 0.006718434 0.001523756 0.005390383 0.002404296 0.009956729 0.0009505264 0.009753898 0.007638988 0.001054865 0.004250363 0.008604684 0.01001657 0.01223325
80 0.02154125 0.04136883 0.1547688 0.1646428 0.7510418 0.728876 0.5480149 0.5127824 0.2396119 0.2162871 0.9706512 0.9656499 0.6082943 0.691482 0.1157644 0.008167528 0.289286 3.237434 0.1866733 2.440392 1.17998 0.0002851373 1.476386 0.0009733956 0.0005308313 0.001285954 0.001360063 0.001284438 0.001752397 0.006546297 15.997 3.200623 0.001127877 0.005711041 0.002221223 0.01063122 0.0006774045 0.01053111 0.007941705 0.001120633 0.004299295 0.009086526 0.01115464 0.01307756
81 0.03569712 0.03704639 0.1892506 0.2630514 0.7075513 0.6565053 0.4490956 0.3850634 0.3030111 0.3488805 1.065807 0.9847407 0.3249028 0.2925946 0.2696401 0.006110878 0.7402192 1.657061 0.0603104 1.676203 0.4976726 0.1104384 0.3951647 0.000646684 0.0004926643 0.0007029537 0.001431499 0.00128567 0.001759358 4.291503 5.16037 0.006544169 0.001171758 0.00572049 0.002360968 0.01071006 0.0007836832 0.01045351 0.007682406 0.001083621 0.004277597 0.009135487 0.01041952 0.01317867
82 0.03568921 0.03711642 0.1954896 0.2022005 0.5317484 0.4986029 0.2635793 0.1794454 0.3573246 0.3752272 0.6216554 0.5495729 0.3773115 0.3625121 0.2865395 0.3642171 0.3602876 0.8746458 0.06903895 0.9769855 0.1822266 1.439277e-05 0.05422993 0.0005415769 0.0003168424 0.0006978064 0.001396805 0.0005764746 0.001705668 1.905007 6.036615 0.006634591 0.001006467 0.005023897 0.001902033 0.00922211 0.0003088737 0.00913927 0.00649314 0.0009250238 0.003474328 0.007902621 0.009663664 0.01160703
83 0.03611566 0.0376251 0.1888469 0.2289494 0.5271524 0.5350059 0.3659966 0.3831195 0.4971483 0.5076059 1.029976 1.037186 0.3514086 0.3568385 0.3312885 0.0838219 0.5648271 1.173271 0.3216671 0.918444 0.682476 0.5313537 0.6051706 0.001058173 0.00056118 0.0007785732 0.001234976 0.001566599 0.001989575 2.777978 2.033163 0.006439647 0.001492171 0.005753201 0.002271497 0.0105283 0.001548263 0.01029464 0.007639087 0.001500516 0.004136507 0.00898151 0.01116094 0.01356071
84 0.02189585 0.04125021 0.2073514 0.2307013 0.7810198 0.8189542 0.5062926 0.4541883 0.1814173 0.2129475 0.8651702 0.8677847 0.6843493 0.7400541 0.1191198 0.04606399 0.3964867 1.182692 0.019519 1.34061 2.539624 2.309089 2.05625 0.000658402 0.0005387944 0.0007272743 0.001468447 0.001372886 0.001738761 0.006361385 2.920017 2.608704 0.001284768 0.005466357 0.002153652 0.01011222 0.0009524247 0.01001034 0.00744941 0.00116935 0.004150961 0.008644086 0.01074339 0.01260081
85 0.03490483 0.0356916 0.1841774 0.2121354 0.3990916 0.2999986 0.3517333 0.4378957 0.3238971 0.3406046 0.6378197 0.5890408 0.356666 0.4211177 0.1390659 0.01358363 0.3443189 0.7463895 0.01529794 0.2581365 0.2781068 0.5895479 0.8295431 0.0008816481 0.0006227141 0.001212433 0.001538016 0.002039154 0.00241322 13.13601 4.38906 0.006641508 0.001080564 0.004511225 0.002146974 0.008135392 0.001266846 0.00822719 0.006295903 0.0009749668 0.003706 0.006962156 0.008777614 0.01045134
86 0.03510529 0.03586006 0.2011032 0.1558186 0.2039275 0.1802835 0.5392699 0.6032929 0.4029152 0.4125006 0.851235 0.8716717 0.3842917 0.3687103 0.4229661 0.007715892 0.2604427 2.416325 0.0006181072 1.860622 0.2776414 0.1150023 0.1995847 0.000648109 0.0005131981 0.0007402945 0.001525184 0.001134469 0.001795393 3.064817 3.811982 0.006519181 0.0008590534 0.0051745 0.001912387 0.009506163 0.0003989658 0.00938736 0.007109299 0.001005786 0.003584537 0.008117307 0.009262385 0.01175119
87 0.03617477 0.03714462 0.1549969 0.140582 0.7717364 0.6578411 0.5807114 0.5924083 0.358516 0.3976387 1.36128 1.077534 0.3563039 0.3592678 0.4051204 0.0008769407 0.2074218 5.455081 8.168421 3.908481 0.4777677 0.4072797 0.4382136 0.0005928081 0.0003683634 0.0005253281 0.000952769 0.001094518 0.001181457 6.104876 10.99788 0.006566205 0.001054347 0.005868027 0.002335629 0.01071684 0.0003991938 0.01022568 0.007525418 0.001159022 0.004365659 0.009104032 0.01078645 0.01288436
88 0.02181572 0.03723992 0.2887419 0.2609778 0.5250317 0.4556698 0.4567144 0.4175316 0.2717853 0.292504 0.6622743 0.6961118 0.642718 0.5580144 0.2486057 0.07505321 0.2410957 0.8604199 0.1103346 0.5198953 0.6928597 0.5975741 0.9508387 0.0009012705 0.0005077875 0.0007080807 0.001234337 0.001524513 0.001580381 0.006648059 8.741047 1.930231 0.001593864 0.004862877 0.002132418 0.008899252 0.001833936 0.008827793 0.006821633 0.001089546 0.003976912 0.007597 0.008839326 0.01112678
89 0.03914837 0.03347279 0.2404001 0.2418716 0.3367947 0.418625 0.5061157 0.4283253 0.2966306 0.3279216 0.9797637 1.025272 0.5876159 0.4268063 0.3483846 0.02181541 0.6830559 1.017967 0.02864057 1.246046 1.730407 2.650121 1.233894 0.0007485627 0.0004940756 0.0006864374 0.001285285 0.001472276 0.001704112 0.04357215 9.020923 0.02108908 0.001719261 0.005815928 0.002322442 0.01099091 0.001660679 0.01072818 0.007946489 0.001245454 0.004417155 0.009385274 0.01059463 0.0133844
90 0.03443639 0.03688928 0.2355735 0.2624484 0.5280102 0.4266865 0.2990293 0.2604913 0.2934777 0.2916335 1.045777 1.247139 0.3894608 0.3665228 0.6464241 0.06588388 0.729556 1.162159 0.3688354 0.5921975 0.4574603 0.3170608 0.5522231 0.001183696 0.0005553075 0.001005545 0.001482726 0.001786971 0.002059392 2.848026 6.195373 0.006719477 0.001661896 0.005916572 0.002216898 0.01092649 0.001194599 0.01082016 0.007738188 0.001223398 0.004304195 0.009233327 0.01061805 0.01359205
91 0.03678295 0.03718603 0.2090384 0.1864457 0.5739591 0.6129508 0.7817565 0.9085963 0.4309308 0.3504544 0.5647891 0.5955428 0.3572113 0.3924881 0.2473055 0.0119647 0.3035703 1.838579 0.4058974 1.938932 0.3812527 0.0767864 0.2206221 0.0007845541 0.0005537656 0.0008322813 0.001310874 0.001502963 0.002105896 2.210939 8.087187 0.006501989 0.001466618 0.005900067 0.002549441 0.01099111 0.0007286237 0.01059665 0.00793241 0.001152479 0.0046156 0.009412288 0.01070486 0.01315608
92 0.03752793 0.03854859 0.1803011 0.2192667 0.3928742 0.3777994 0.3995151 0.3525989 0.4063779 0.4231265 1.424477 1.412758 0.4063444 0.3573865 0.2306658 0.06420537 0.5207277 0.6389223 0.3378226 0.4840655 0.3660517 0.1051088 0.4155617 0.0006202565 0.0004330862 0.0007395604 0.001069313 0.001428492 0.001685333 4.172595 38.0647 0.006272647 0.001446288 0.00579211 0.002562163 0.01071755 0.001109048 0.01052364 0.007549637 0.001283635 0.004194666 0.009106034 0.01099311 0.01324934
93 0.0369128 0.03746932 0.1716847 0.1529476 0.4766533 0.4648592 0.2994359 0.2584939 0.4973997 0.4457519 1.054484 0.9885654 0.3142817 0.3179531 0.441487 0.005389882 0.3661634 0.9188757 0.1147919 0.955979 0.3160736 0.03589489 0.3838705 0.0007895188 0.000580982 0.0009303525 0.00159344 0.001484288 0.002177945 2.613232 51.60321 0.006568439 0.0009693515 0.00496151 0.002015039 0.009084235 0.0006406571 0.008825035 0.006708581 0.001064421 0.003733867 0.007749377 0.009649749 0.01129713
94 0.02241298 0.0373175 0.2120678 0.2379292 0.3244049 0.3451865 0.3563279 0.3613619 0.2263061 0.2348316 0.6839781 0.6643228 0.7548067 0.9255523 0.2494929 0.0808513 0.137933 0.8127493 0.03919004 0.6644712 0.6953817 0.03070457 0.6438152 0.0008887431 0.0005414523 0.0009692246 0.001327953 0.001313405 0.001685423 0.006616494 2.652625 5.660049 0.001557798 0.005014584 0.002184382 0.009193889 0.000958025 0.00875671 0.006710138 0.001069869 0.004151848 0.007819693 0.009271496 0.01097842
95 0.03708026 0.03841926 0.2333431 0.2485191 0.4620345 0.4991851 0.2726795 0.2851942 0.3492178 0.3632615 1.454492 1.441195 0.3749874 0.4047449 0.5946962 0.1551708 0.7163744 1.887927 0.06899568 2.525618 0.4117759 0.2428788 0.3797822 0.0006552429 0.0005097253 0.000836015 0.001295229 0.001393587 0.001591271 4.739644 7.585785 0.006482531 0.002377931 0.006006715 0.002574701 0.01103166 0.00297592 0.01084868 0.008081357 0.001386863 0.004358492 0.00973035 0.01180473 0.0137669
96 0.03470369 0.0363403 0.1043659 0.1433533 0.4332724 0.3712944 0.9714209 1.043371 0.3127718 0.3947918 1.149746 1.192908 0.4239387 0.4279402 0.06289005 0.00069945 0.2986175 0.9949727 0.01189902 0.7712451 0.1941846 0.01599832 0.1813139 0.0007774432 0.0004985834 0.0008990954 0.00162068 0.0008213413 0.002114445 1.755642 7.226706 0.006433968 0.0008882274 0.004827654 0.001946891 0.008925024 0.0002500574 0.008873802 0.006990088 0.0009207197 0.00370352 0.007593664 0.009220812 0.0111152
97 0.03570454 0.03619045 0.1896701 0.1902742 0.4574339 0.3604559 0.1652617 0.226912 0.4402251 0.4861187 0.9604536 0.9008533 0.3757344 0.3077907 0.4290947 0.01107502 0.535741 1.472434 0.6176046 0.9153251 0.06294953 4.940252e-05 0.2031799 0.0007215289 0.0002691816 0.0008855528 0.0009322417 0.0006651128 0.001770836 4.701721 4.284585 0.006520258 0.001104507 0.005458627 0.002207582 0.01003923 0.000485801 0.009837434 0.007114554 0.001058314 0.00393004 0.008575433 0.01031076 0.01230845
98 0.03760493 0.03746812 0.3267394 0.2849577 0.4227354 0.3715038 0.4076328 0.4267033 0.4418589 0.3957709 1.118532 1.173933 0.412797 0.3914959 0.5606376 0.1556044 0.688794 1.114018 0.01263799 0.462077 0.3833428 0.2985855 0.2168184 0.0007999568 0.0005352062 0.0008699328 0.001064404 0.00170087 0.00153009 0.4333222 4.276428 0.009242815 0.001149625 0.006026073 0.002662146 0.01102257 0.0005632929 0.01097077 0.007552397 0.001131017 0.004657087 0.009479296 0.01110704 0.01373804
99 0.03598983 0.03642465 0.1882606 0.2099547 0.6558986 0.6036667 0.7006589 0.6099605 0.3367948 0.3349098 1.118522 0.9924213 0.3777385 0.315452 0.381894 0.01090514 0.3267986 1.085317 0.08657151 1.075426 0.4240106 0.2245546 0.318462 0.0008120375 0.0006106743 0.0008585518 0.001312042 0.001796659 0.001633644 2.863806 8.099159 0.006530303 0.001129942 0.005651137 0.002326242 0.01058342 0.001070013 0.01032974 0.007795526 0.001114976 0.004131019 0.009040751 0.01080921 0.01312709
100 0.02200054 0.03861142 0.1456742 0.1897558 1.134275 1.086204 0.7557657 0.7128342 0.2110733 0.2240979 0.7952882 0.7829497 0.6355045 0.7089135 0.05366507 0.005711826 0.2488587 2.276268 0.06389141 2.221279 1.321399 0.01975139 1.206902 0.0007188362 0.0004165761 0.0009635168 0.001251841 0.001010683 0.001627052 0.006562391 4.173836 3.034004 0.001067245 0.004666678 0.002221215 0.008820542 0.0007146494 0.008755131 0.00645084 0.0008848142 0.003885591 0.00753342 0.009027899 0.01110537
