1 0.02161966 0.0218833 0.1060613 0.1266746 0.1599679 0.1474482 0.1746469 0.1838408 0.2510799 0.2776431 0.5607005 0.580185 0.1948461 0.2078752 0.106717 0.003717482 0.1917824 0.3122002 0.001190841 0.2800951 0.1587146 0.03722193 0.19708 0.0004950535 0.0003069938 0.0004653145 0.0007621009 0.0008487008 0.00108842 1.530824 1.764034 0.00371703 0.0004982056 0.003102938 0.001141637 0.005738012 0.0001681023 0.00554565 0.004099896 0.0005892411 0.002096145 0.004914256 0.00591796 0.006960556
2 0.01277346 0.02259965 0.1301618 0.1764476 0.2843282 0.2996052 0.2112178 0.2119856 0.1170185 0.1373505 0.4929571 0.4739305 0.3497639 0.366075 0.111566 0.01980213 0.1163887 0.3781247 0.09119988 0.445026 0.4857954 0.1298565 0.4848733 0.0004506765 0.0003013445 0.0004923218 0.0007836235 0.0007213566 0.001138457 0.003626621 3.160589 1.229253 0.0007703257 0.003305639 0.001351191 0.006100869 0.0006326833 0.006037489 0.004393856 0.0006856976 0.002378451 0.005231812 0.006244227 0.007635587
3 0.02315131 0.02295553 0.1222701 0.1540372 0.2578622 0.2610891 0.1925278 0.1950677 0.2385464 0.2805436 0.5073855 0.4847623 0.2093135 0.2155535 0.1173108 0.01293884 0.3728222 0.9059443 0.05587054 0.7248811 0.1872294 0.1136988 0.2995085 0.0005485927 0.0003562505 0.0004865033 0.0008273924 0.0009061897 0.00108253 4.350934 4.564391 0.003624463 0.0007599584 0.003301107 0.001399878 0.006191258 0.0005901254 0.006047683 0.004441996 0.0007144855 0.00266539 0.005289731 0.006131775 0.00766204
4 0.02250456 0.02281013 0.1573944 0.1471997 0.2937651 0.282133 0.2195701 0.2053631 0.201707 0.2142605 0.6532041 0.6782546 0.1891764 0.1825343 0.2113686 0.04075079 0.2062362 0.6610049 0.06123846 0.6314394 0.2485557 0.147193 0.1987927 0.0004970238 0.0003135982 0.0004673472 0.0007537492 0.000893053 0.0009623334 1.334649 2.689559 0.003598529 0.0008156647 0.003143404 0.00122764 0.005731794 0.0007640174 0.005581304 0.003995688 0.0006790657 0.002484555 0.004925283 0.005888719 0.00699242
5 0.02160109 0.02187089 0.1144681 0.125274 0.4142503 0.3890225 0.1473704 0.1367426 0.2299076 0.239407 0.5296386 0.5010566 0.2295427 0.210847 0.2025709 0.01963292 0.2575433 0.7866433 0.30441 0.7297568 0.1125116 0.004492664 0.09840853 0.0004122646 0.0002565767 0.0004252819 0.000712149 0.0006725074 0.000937964 1.690177 5.378001 0.003618143 0.0008960271 0.003068476 0.001267321 0.005690193 0.0007282245 0.005544364 0.004126944 0.0006105285 0.002334782 0.004894785 0.005794083 0.006918157
6 0.02240614 0.02278161 0.1103682 0.1385375 0.2829676 0.3039582 0.2118812 0.2172739 0.2150858 0.1932313 0.6336853 0.6052296 0.205973 0.2050699 0.1622556 0.08145484 0.3493311 0.5594893 0.1018209 0.8558785 0.2057254 0.1350427 0.1655128 0.0005028077 0.0003078475 0.0004541875 0.0006144057 0.0009547511 0.0008727914 2.781296 3.573729 0.00359957 0.001038043 0.003253568 0.001353208 0.006110669 0.0009477602 0.005959388 0.004563409 0.0007796161 0.002510126 0.005199428 0.006243502 0.007498295
7 0.02278727 0.02286957 0.1460325 0.1425455 0.280526 0.2785276 0.2255255 0.239014 0.2518327 0.2768377 0.6931844 0.6629409 0.2234878 0.2085493 0.2712197 0.01124272 0.3391142 0.500579 0.03734268 0.4954301 0.2144592 0.07825019 0.1504259 0.0003629237 0.0002959733 0.000503933 0.0007359916 0.0007273241 0.0009406003 1.117206 1.605453 0.005818704 0.0006660751 0.003139995 0.001280535 0.005773036 0.0003705311 0.005750986 0.004269006 0.0006024445 0.002391422 0.004923439 0.005969678 0.007266094
8 0.02242382 0.02283547 0.1467113 0.1618691 0.2524415 0.2541086 0.3054483 0.2768576 0.2513997 0.1993242 0.5109064 0.6353501 0.2357043 0.2089172 0.2540096 0.05832969 0.3600642 0.7139539 0.3540503 0.5262006 0.2681787 0.211403 0.1722601 0.0004106064 0.0002959405 0.0005047319 0.0008662536 0.0006976678 0.001097193 1.066216 1.519527 0.003594395 0.00105952 0.003468387 0.001454779 0.006408819 0.001327825 0.006370665 0.004648486 0.0006632426 0.002685109 0.005498317 0.006565184 0.008097276
9 0.02243441 0.02248026 0.1493447 0.1620198 0.4236608 0.4328443 0.152446 0.1600132 0.2395693 0.2377893 0.491927 0.4655066 0.2195964 0.2220954 0.2112062 0.05074981 0.3491554 0.7774279 0.06627222 0.7960901 0.08988406 0.006143771 0.1324217 0.0004173287 0.0002991208 0.0004708879 0.0009403266 0.000712671 0.001157302 0.946336 5.666497 0.003748325 0.0006751395 0.003132053 0.001197935 0.005794276 0.000422131 0.005732784 0.004318079 0.0006113193 0.002488152 0.004946475 0.006165016 0.007285039
10 0.02156521 0.02190017 0.1207386 0.1222975 0.3409249 0.2806574 0.1927264 0.2145268 0.2089835 0.2251263 0.5700916 0.5772466 0.2082238 0.2192884 0.155388 0.006169926 0.1902453 0.6943651 0.02050678 0.3003847 0.1276065 0.008648808 0.1063134 0.0004551763 0.0004125812 0.000549346 0.001305345 0.0007361586 0.00148364 1.349344 2.709398 0.003695746 0.0006731374 0.003080745 0.001241628 0.005701996 0.0003967549 0.005665801 0.004254755 0.0006041417 0.002280107 0.004879837 0.005805047 0.007115391
11 0.02154008 0.02129882 0.1189564 0.1417481 0.3032529 0.3211115 0.2180773 0.2337137 0.2494246 0.2747901 0.5089744 0.5239867 0.2020935 0.1929559 0.2791832 0.007560367 0.3526146 0.8422323 0.05806711 0.8156926 0.2420313 0.1033948 0.3234637 0.000511879 0.0003468402 0.0004794953 0.0008924707 0.001148752 0.001123106 1.670428 1.782905 0.003791318 0.0007712627 0.002990306 0.001184656 0.005530403 0.0003994483 0.005371583 0.00393068 0.000580459 0.0022502 0.004698618 0.00584543 0.006790364
12 0.02238886 0.02266101 0.1263052 0.1464685 0.334366 0.3147341 0.3612596 0.3790207 0.2311665 0.2352891 0.5021039 0.4972646 0.2136392 0.2195425 0.1583254 0.04571314 0.2795387 0.800947 0.008852522 0.6794293 0.1704198 0.07665454 0.2802944 0.0004752423 0.0003098707 0.0003805307 0.0008853885 0.0007676207 0.001133607 1.517211 3.797346 0.003588289 0.0006328448 0.003474342 0.001381516 0.006452076 0.000279796 0.006341227 0.004632136 0.0006577773 0.002605527 0.005511751 0.006496718 0.007908873
13 0.02249886 0.02280048 0.1297762 0.1402039 0.2601647 0.2920685 0.1975502 0.214827 0.3219748 0.3301228 0.4908516 0.502235 0.2188507 0.2307306 0.2265687 0.03569692 0.3266259 0.5738498 0.079884 0.71996 0.1969732 0.0852821 0.3741274 0.0004660801 0.0003456167 0.0005342488 0.0008340856 0.0008326179 0.001189129 1.26619 1.301452 0.003615525 0.0007851829 0.003348621 0.001415085 0.006190259 0.0003798837 0.006075898 0.004501102 0.0006854897 0.002511673 0.005334347 0.006571313 0.007570069
14 0.02171847 0.02178269 0.141586 0.1244018 0.2968233 0.2831882 0.2014417 0.1808973 0.2128491 0.2068255 0.4680389 0.4888539 0.2201986 0.2079717 0.2317792 0.02480686 0.2081643 0.4390423 0.01905194 0.4429048 0.2142988 0.1119472 0.116726 0.0004998699 0.0003636471 0.0004541701 0.0009532129 0.0009083695 0.001074698 1.990334 2.033069 0.003681332 0.0007092966 0.003193201 0.001317774 0.005903692 0.0005433838 0.005743337 0.004359759 0.0006067554 0.002493832 0.005063841 0.006057416 0.00719619
15 0.02196825 0.02215417 0.1170416 0.1467719 0.3285864 0.32656 0.217482 0.2352619 0.2623659 0.2551028 0.526268 0.5751612 0.213046 0.2082725 0.09511251 0.003152681 0.3326916 0.6996724 0.1162618 0.6529979 0.1920236 0.06571069 0.2297577 0.0004212851 0.0002882704 0.000431832 0.0006891608 0.0008714167 0.0009456343 1.104388 3.00712 0.003634376 0.0006171164 0.003143899 0.001221067 0.005893055 0.0004434391 0.005700526 0.004136174 0.0005952731 0.002351093 0.005043233 0.00594754 0.007184965
16 0.02202832 0.02236289 0.09794248 0.1152189 0.2818532 0.2642814 0.2530966 0.2537473 0.2315645 0.2492231 0.6539215 0.6709409 0.1967708 0.2029729 0.1317969 0.009001374 0.200083 0.60596 0.01002716 0.7186762 0.2005689 0.02554697 0.2591506 0.0004648737 0.0003096943 0.000537733 0.000757017 0.0008307637 0.001127117 1.441558 2.511286 0.003658275 0.0005964644 0.002991185 0.001214962 0.005519298 0.0002613465 0.005413224 0.003904814 0.000580234 0.002319144 0.004714825 0.005632359 0.006841988
17 0.02193947 0.02208334 0.1342297 0.1381041 0.2319189 0.179247 0.2800087 0.3059366 0.2474739 0.261575 0.4646215 0.4635178 0.2158097 0.2255036 0.2565258 0.04034667 0.2733506 0.5009221 0.00978469 0.1439896 0.1856864 0.07314972 0.3254477 0.0003834955 0.0002956161 0.0006224317 0.0007966476 0.0007627629 0.000964214 1.43709 3.363802 0.003642523 0.0007012176 0.003110295 0.001340681 0.005714482 0.0005197955 0.005546386 0.004163718 0.0006104929 0.002305505 0.004883103 0.005867861 0.006957997
18 0.02213887 0.02252651 0.1366707 0.1575371 0.2272181 0.2208009 0.1960831 0.1952157 0.2476491 0.2361974 0.506537 0.5284801 0.1985199 0.1861046 0.2650834 0.04938415 0.2637842 0.6859921 0.06847519 0.6096101 0.1678085 0.03900767 0.1107158 0.0004869771 0.0002744596 0.0004483574 0.0007624569 0.0007706358 0.0008613479 1.36821 2.022279 0.003676309 0.0008642719 0.003307839 0.001309454 0.006016757 0.0005042707 0.005999948 0.004422229 0.0006315031 0.002550968 0.005174644 0.006244416 0.007513192
19 0.02312567 0.02292768 0.1152297 0.1599872 0.2671645 0.254082 0.2719145 0.2718651 0.2504937 0.2898633 0.4453823 0.4123518 0.1995907 0.1812892 0.1402083 0.009554412 0.3469753 0.5589808 0.09558161 0.4850353 0.2538887 0.1607224 0.2138953 0.0004852583 0.0002905458 0.0005111114 0.0006652683 0.0008492118 0.001022916 1.472835 2.192716 0.003529309 0.0008289347 0.003335546 0.00141095 0.006164968 0.0005130642 0.006075068 0.00459478 0.0006653712 0.002744496 0.005272372 0.006466064 0.007683213
20 0.01262426 0.02247984 0.1334647 0.1545969 0.2858026 0.2854686 0.1605282 0.1418144 0.1366816 0.1276489 0.5474754 0.5537828 0.3908891 0.4162512 0.1512517 0.03176584 0.227961 0.7000505 0.08034236 0.7560892 0.5290216 0.0148616 0.2981262 0.0004593712 0.0002568008 0.0004355162 0.0007889084 0.0007574457 0.0008253183 0.005648772 4.135476 0.43017 0.0007899966 0.00323209 0.001269552 0.0059931 0.0006990882 0.005843231 0.00408094 0.0006227574 0.002480063 0.005117689 0.005943982 0.007363235
21 0.02235892 0.02247245 0.1546001 0.1857262 0.1884501 0.1801887 0.2327614 0.2275681 0.2071948 0.2126784 0.5923068 0.6273114 0.2038958 0.1926006 0.1996991 0.006533336 0.2758874 0.5657969 0.02153497 0.288142 0.1701226 0.09701935 0.1380666 0.0004900009 0.0003496747 0.0004886817 0.0008329689 0.0009055161 0.0009790586 1.239757 2.439974 0.00369882 0.0007938831 0.003160429 0.001308561 0.005842433 0.0004931302 0.005743729 0.004223547 0.0006417004 0.002410184 0.004996414 0.005872557 0.007202882
22 0.02251789 0.02285524 0.1222407 0.1377888 0.3143606 0.3251798 0.2139949 0.2059662 0.2264432 0.213083 0.628404 0.6086965 0.204246 0.2089915 0.1701654 0.01903806 0.2385492 0.483828 0.07149189 0.6270917 0.1802482 0.05194306 0.09328652 0.000394573 0.0002760792 0.0004598575 0.000734623 0.0007745142 0.00103928 2.001226 2.338393 0.003620026 0.0008969172 0.003270486 0.001301171 0.006163246 0.0007449474 0.006031263 0.004428904 0.0007030824 0.002510195 0.005289225 0.006293536 0.007554897
23 0.02180591 0.02221409 0.1464527 0.1375 0.2711605 0.257718 0.2763971 0.282156 0.1982652 0.1917257 0.5418686 0.5102127 0.1990488 0.2150242 0.2040527 0.01763839 0.2214071 0.8666157 0.01510878 0.8660764 0.1940601 0.05987021 0.2783265 0.0004663223 0.0003099197 0.0005042442 0.0008421456 0.0008905595 0.001045885 1.722251 4.947126 0.003678646 0.0006825895 0.00319452 0.001244002 0.005929227 0.000355584 0.005857069 0.004167304 0.0006061722 0.002441041 0.005078594 0.0059838 0.007301739
24 0.02206819 0.02221874 0.1156802 0.1374831 0.2701757 0.2541846 0.2543456 0.2564434 0.2169692 0.2529244 0.4585717 0.4347526 0.2185283 0.2071012 0.2001564 0.02339445 0.3091892 0.831288 0.0297548 0.5958519 0.3140399 0.243737 0.2065858 0.0004051759 0.0002856661 0.0005483066 0.0007774545 0.0008425221 0.00104345 1.620619 2.118665 0.003666265 0.000743204 0.003152672 0.001209448 0.005819238 0.0007546608 0.00575574 0.004201343 0.0006191519 0.002197962 0.004958271 0.006215977 0.007229431
25 0.022174 0.02237666 0.1292004 0.1568689 0.3103167 0.283509 0.17426 0.2015067 0.2285035 0.2548398 0.5429808 0.6015762 0.2159544 0.2075877 0.2604073 0.01660045 0.3443076 0.6741076 0.144555 0.5172397 0.1322962 0.02576393 0.127788 0.0005490121 0.0003419914 0.000487833 0.0008074316 0.0009366563 0.001203919 1.761514 3.839768 0.003592306 0.0008159699 0.003210765 0.00125923 0.005935599 0.0005402321 0.005761842 0.004318717 0.0006401096 0.002411074 0.005078748 0.006211128 0.00725487
26 0.02175352 0.02216707 0.1204886 0.1429758 0.3076532 0.2872659 0.2788079 0.2808196 0.2519642 0.2616619 0.4616286 0.4701106 0.2235648 0.2172183 0.2113048 0.02181102 0.3151538 0.6677565 0.0461892 0.3498582 0.2083236 0.07511334 0.2034546 0.0005118412 0.0003667899 0.0005472601 0.0009057276 0.0009152318 0.001093596 2.101644 2.699298 0.003628632 0.0007988066 0.003218105 0.001296958 0.005799806 0.0007774724 0.005690347 0.004343521 0.0006474017 0.002487086 0.004916578 0.006124572 0.007229608
27 0.02224789 0.02278368 0.1313728 0.1319387 0.2766181 0.2466229 0.1985482 0.2277958 0.2421332 0.2184758 0.543884 0.5621544 0.2081511 0.2065991 0.1843635 0.003150445 0.3153899 0.6651323 0.04368292 0.3963072 0.1527361 0.07221111 0.1811455 0.0004171171 0.0002966838 0.000493077 0.0006805717 0.0007491972 0.0009370821 1.216977 3.226727 0.003631335 0.0008357643 0.00335206 0.001376861 0.00625223 0.0003378713 0.006161481 0.004464319 0.0006662284 0.002430333 0.005364681 0.006338147 0.007695601
28 0.02228705 0.02307571 0.1239553 0.143133 0.3074514 0.2948545 0.2054112 0.2212016 0.2089517 0.2465056 0.7117697 0.6901193 0.2021217 0.2002756 0.2046621 0.04234813 0.2691274 0.6584 0.1281878 0.5183847 0.2080651 0.1347146 0.1374873 0.0004175489 0.0003213998 0.0005725361 0.0007977091 0.000768182 0.001067429 1.639618 3.975122 0.003576968 0.0008331772 0.003209638 0.001379756 0.005945328 0.000673279 0.005861691 0.004500263 0.0007365264 0.002625445 0.005109385 0.006487827 0.00740988
29 0.02100931 0.02113324 0.1380378 0.1531516 0.2535912 0.2147709 0.2324193 0.259824 0.2269885 0.2427053 0.5227583 0.47774 0.2190077 0.216759 0.1600411 0.05382931 0.2826416 0.656764 0.123586 0.5131648 0.2097783 0.07008476 0.1726142 0.0004461962 0.0003754403 0.0004500638 0.0009077922 0.0009956423 0.001272151 0.8868944 2.184436 0.006846944 0.0006967052 0.003115991 0.001244818 0.005751963 0.0006058454 0.005677557 0.004169996 0.0006174955 0.002365995 0.004919375 0.005896859 0.007134003
30 0.02290923 0.02307334 0.1356711 0.1685515 0.3112754 0.2472993 0.1997064 0.1994629 0.2562645 0.2763599 0.5305126 0.566823 0.2110416 0.209406 0.1655759 0.01986777 0.3089015 0.7087572 0.02284511 0.3845841 0.2439471 0.06007647 0.2199511 0.0004230994 0.0003164997 0.0005434458 0.0008554495 0.0008581071 0.001117589 1.497391 3.966365 0.003657799 0.0006918659 0.003278845 0.001285113 0.006082856 0.000481149 0.005894052 0.004183281 0.0006731615 0.002405009 0.005199353 0.006152414 0.007358582
31 0.02092042 0.02139708 0.0982701 0.1203757 0.2459512 0.2172498 0.1479732 0.1781514 0.2452378 0.2770379 0.4900954 0.4764669 0.2146136 0.2014197 0.1018255 0.007151182 0.1990864 0.5428398 0.08801057 0.3838006 0.09894636 0.05952298 0.1914368 0.0005127365 0.0002975723 0.0006585445 0.0007945153 0.0008332436 0.0009557049 2.073744 3.006759 0.003787251 0.0007654823 0.002983631 0.001344047 0.005482646 0.0004105663 0.005475549 0.004050298 0.0005694473 0.00259362 0.004688086 0.005713329 0.006850279
32 0.02175102 0.02207725 0.1165384 0.1423855 0.2285847 0.2114964 0.1900948 0.1915175 0.2178487 0.2447372 0.6480881 0.657733 0.2047594 0.2113437 0.1262654 0.01108261 0.2969613 0.4753207 0.05033328 0.3625118 0.2187457 0.05704464 0.2447238 0.0004336764 0.0002939441 0.0005571506 0.000696038 0.0008487035 0.0009298551 0.9655916 3.388246 0.003701839 0.0006183384 0.003176012 0.001242708 0.005905249 0.0003797257 0.005781574 0.004209036 0.0006167202 0.002448804 0.005059263 0.005957846 0.007257585
33 0.02157079 0.02181871 0.1326619 0.1521804 0.2840929 0.2575058 0.2123172 0.2522459 0.2579265 0.2751236 0.4655993 0.4605545 0.2121908 0.2061567 0.2037576 0.02111574 0.3079502 0.4602048 0.02415215 0.3908032 0.1670908 0.1143089 0.2307414 0.0004524053 0.0002533586 0.0005036983 0.0006264328 0.0008300349 0.000762749 2.048076 2.372685 0.003676575 0.0007520004 0.003151199 0.001236243 0.005815686 0.0005488782 0.005753076 0.004363773 0.000600443 0.002344169 0.004980485 0.005992736 0.007198469
34 0.02272892 0.02299882 0.1495659 0.1613258 0.2353134 0.2362989 0.2981773 0.2879612 0.2062947 0.2098729 0.530349 0.4769772 0.2405671 0.223286 0.2277857 0.02065619 0.3325428 0.9660105 0.03559735 0.9136884 0.197202 0.02645949 0.0260191 0.0004665575 0.0003009669 0.0003857434 0.0007051906 0.0007694633 0.0008793312 1.132175 5.411084 0.003591615 0.000789935 0.003510196 0.001299816 0.006487182 0.0005958415 0.006431079 0.004601892 0.0006659152 0.002375257 0.005575738 0.00657091 0.008080134
35 0.02222017 0.02230776 0.1300646 0.1444594 0.2706471 0.2560733 0.1784174 0.1828198 0.236907 0.2695905 0.4534021 0.4285492 0.2387615 0.2096971 0.2761739 0.01596741 0.2872503 0.8808178 0.08461932 0.7822013 0.1945472 0.1043004 0.2068709 0.0004274429 0.0003621155 0.000442847 0.0009687611 0.0009264104 0.001344175 1.63185 3.842159 0.003675135 0.0008106244 0.003351273 0.001292439 0.006217725 0.0005342103 0.006100066 0.004484601 0.0006690836 0.002392518 0.005333029 0.006380646 0.007726003
36 0.02292528 0.02299133 0.1307305 0.1312392 0.31863 0.3241367 0.1962994 0.2062219 0.3059318 0.294855 0.5335879 0.524106 0.2164382 0.2015926 0.3586654 0.01038611 0.253996 0.7928187 0.009528455 0.7978638 0.2608639 0.1716723 0.1863506 0.0005492309 0.0003589501 0.0005676294 0.0008003337 0.001012188 0.00111489 4.199449 2.89421 0.003621195 0.0006846503 0.003208265 0.001276914 0.005960292 0.0004850807 0.005753839 0.004156956 0.0006099946 0.002378578 0.005069184 0.006014127 0.007229982
37 0.02104421 0.02132389 0.08390008 0.1202179 0.2139432 0.2228003 0.1826127 0.2002795 0.2197679 0.2350186 0.5103495 0.5127762 0.2221098 0.2257836 0.09530732 0.001107695 0.2162944 0.4126052 0.05595342 0.3938741 0.08114037 0.1169912 0.2953195 0.0005885641 0.0003655429 0.00055234 0.0009806246 0.0008981676 0.001193595 1.807452 5.26323 0.003722067 0.0006141408 0.003084413 0.001179504 0.005673918 0.0003018155 0.005629646 0.004285732 0.0005967558 0.002228798 0.004856447 0.005780996 0.007023828
38 0.02233748 0.02252905 0.1591966 0.1544125 0.3399337 0.3223287 0.2734667 0.276613 0.2480102 0.2284299 0.4972914 0.5000865 0.2060686 0.2063552 0.2787316 0.07569955 0.2595761 0.821335 0.356882 0.9015406 0.3003542 0.1889727 0.2776296 0.0004714794 0.0003595548 0.0004717012 0.0007973857 0.001048173 0.00109617 2.152064 4.687147 0.003632488 0.001071038 0.003301617 0.001367946 0.006063869 0.001166511 0.006030029 0.004439856 0.000780095 0.002448376 0.005257129 0.006351801 0.007764481
39 0.02206298 0.02241148 0.1331127 0.1439333 0.2520074 0.2656893 0.2744342 0.2916178 0.2077856 0.2425866 0.5864981 0.5858904 0.1861525 0.1930606 0.2681264 0.03692564 0.2835189 0.7067331 0.04035933 0.7671057 0.2040035 0.05123044 0.1513678 0.0005045103 0.0003816236 0.0004174715 0.0009326145 0.0009616095 0.001278207 2.108334 2.597086 0.003661538 0.0006903756 0.003300542 0.00131466 0.00613761 0.0005235982 0.005953387 0.004492083 0.0006311618 0.00240851 0.005266541 0.006260949 0.007510007
40 0.02188236 0.02215645 0.1244774 0.1390765 0.2206873 0.2213232 0.2132 0.2198979 0.2481272 0.2330108 0.5151243 0.5555505 0.2313732 0.2180181 0.2197773 0.01850292 0.2733155 0.5228897 0.0517499 0.5542776 0.2100921 0.05871118 0.1849132 0.0004280122 0.0004177097 0.0004002703 0.0007886138 0.001008095 0.001108223 1.259417 2.633392 0.003644157 0.0007352835 0.003395991 0.001393393 0.006139454 0.0004903345 0.006024769 0.004419011 0.0007029598 0.002632565 0.005262771 0.006465978 0.007514625
41 0.02165037 0.02149673 0.1444285 0.1441567 0.3398588 0.3148856 0.1669615 0.170478 0.2479233 0.2374179 0.5250387 0.4852706 0.2047727 0.2131366 0.2230246 0.06663543 0.28702 0.7060935 0.1028916 0.5094615 0.1123749 0.01583903 0.05463927 0.0003999574 0.0002774854 0.0004824779 0.0008938668 0.0005889339 0.001019786 1.7772 4.386821 0.003680044 0.0007561155 0.003242687 0.001292572 0.006007291 0.0005698726 0.005912609 0.004353578 0.0007478858 0.0024812 0.005141729 0.006071433 0.007432566
42 0.02145338 0.02163139 0.12658 0.1298482 0.1693278 0.1810309 0.2178586 0.255263 0.2198625 0.2300078 0.5794611 0.5369541 0.2090249 0.2243172 0.2287237 0.03557932 0.2083194 0.4013936 0.03438493 0.4395039 0.2218909 0.02275681 0.2444252 0.000493945 0.0003317538 0.0005237473 0.0009016516 0.000954918 0.001076547 2.487145 3.179784 0.003684303 0.0005539311 0.00329979 0.001288729 0.006098577 0.000771771 0.005882625 0.004451944 0.000629385 0.002484449 0.005229103 0.006384034 0.007462074
43 0.02291301 0.02298302 0.1154196 0.1349227 0.2908013 0.2864808 0.1574863 0.1626282 0.2215641 0.2306671 0.5242528 0.4863953 0.2104699 0.202743 0.1849516 0.01373885 0.1936362 0.684278 0.06087416 0.7153775 0.09080366 0.002011327 0.1423283 0.000408391 0.0003012985 0.0003783194 0.0009572886 0.0006186815 0.001367453 1.417907 2.148164 0.003550016 0.0007350451 0.003065066 0.001202462 0.005697282 0.0005198388 0.005585171 0.004339547 0.0005741782 0.002458614 0.004871699 0.005963661 0.007017718
44 0.02296735 0.02319588 0.1223119 0.1445995 0.2636854 0.2394313 0.2041774 0.164458 0.2427211 0.3033983 0.6418187 0.6219272 0.2333126 0.1987382 0.1934825 0.05666577 0.3099837 0.5589889 0.01382773 0.4619077 0.221232 0.1247119 0.08523341 0.0004690406 0.0003413982 0.0004605158 0.000959125 0.0007626485 0.001285131 1.686868 3.790642 0.003522554 0.0007847189 0.003268584 0.001335279 0.00603195 0.0004450546 0.005949671 0.004252701 0.0006580689 0.002520043 0.00515594 0.00630884 0.007456651
45 0.02284662 0.02288326 0.1191486 0.1343836 0.2469085 0.2650821 0.3027021 0.3416507 0.2033635 0.2126887 0.5164479 0.4910075 0.2154546 0.2171963 0.1616824 0.007280385 0.3363269 0.4618539 0.1479802 0.506864 0.1505237 0.008018836 0.1244056 0.000402749 0.0003110912 0.0004381047 0.0007047416 0.0007142007 0.0009511769 2.008146 2.960842 0.003572338 0.0007237074 0.003277651 0.001283223 0.006040753 0.0004734518 0.005876968 0.00437359 0.0006333717 0.002457386 0.005153073 0.006103796 0.007407383
46 0.02170612 0.02204082 0.120804 0.1294482 0.262126 0.2399597 0.232564 0.2268358 0.2015568 0.2038697 0.4620117 0.4408554 0.2220737 0.1843819 0.1875362 0.008246179 0.1659426 0.5917874 0.09134803 0.5083308 0.213863 0.1144781 0.1131254 0.0004613371 0.000386446 0.0004925416 0.0009314305 0.0008839955 0.001160031 0.9511085 2.771332 0.003662508 0.0007596723 0.003352899 0.001294734 0.006160388 0.0004790423 0.006022653 0.004603524 0.0006568118 0.002444127 0.00528207 0.006297092 0.007573921
47 0.02093708 0.02128128 0.07520332 0.1089581 0.2759211 0.2763456 0.249549 0.2607658 0.2133334 0.2025804 0.4171567 0.4075766 0.2446564 0.2185807 0.05383573 0.0003759076 0.1858939 0.5687221 0.1451111 0.552946 0.2229267 0.1411382 0.1269492 0.0005300157 0.0003439997 0.0005363254 0.0007618818 0.001066504 0.001274757 0.9150398 2.608789 0.003813245 0.0005260249 0.003009581 0.001195953 0.005581569 0.0002487312 0.005511236 0.004215958 0.0005765349 0.002197193 0.004771317 0.005875795 0.006905095
48 0.0220544 0.02244913 0.1264309 0.1479686 0.362222 0.3573062 0.283058 0.2734442 0.2160828 0.215151 0.6366854 0.5645159 0.2081728 0.2131361 0.173953 0.04028687 0.3267865 0.593078 0.01658642 0.5674258 0.1532104 0.1813739 0.3308169 0.0005330858 0.0004287558 0.0005225936 0.0009011067 0.001380616 0.001269414 1.866938 2.098893 0.003671845 0.0008030838 0.003245652 0.0012935 0.00603823 0.0004211725 0.005980586 0.00437845 0.0006573466 0.002461146 0.005180028 0.006258204 0.007453122
49 0.02406284 0.01891341 0.1171569 0.1440594 0.3641028 0.3388007 0.192487 0.2111656 0.2056665 0.2479283 0.4587837 0.4426081 0.3107493 0.3125388 0.1384052 0.02976875 0.2885838 0.8407119 0.02950523 0.7462647 0.2181524 0.1459093 0.2497522 0.0004917497 0.0003352346 0.0003998468 0.0007868718 0.0009038602 0.00102545 0.03667995 2.793519 0.02748984 0.0008775355 0.003352573 0.001333875 0.006226131 0.0005353185 0.006110145 0.004608796 0.000778002 0.002590364 0.005369666 0.006421724 0.007604472
50 0.02203553 0.02199082 0.1320955 0.1456977 0.2209245 0.210973 0.1837775 0.164745 0.2707073 0.2861458 0.4190013 0.4609943 0.2257653 0.2045832 0.1952559 0.01476181 0.3540836 0.4513938 0.07767159 0.3739756 0.1856496 0.03320358 0.1260922 0.0004212757 0.0003223776 0.0004695767 0.0007535026 0.0009035305 0.001075572 1.58612 1.898958 0.003679717 0.0006260631 0.003232227 0.001264155 0.005952821 0.0003618549 0.005756811 0.004310585 0.0006935677 0.00235066 0.005099842 0.006003016 0.007152971
51 0.02242168 0.02208161 0.09574897 0.117932 0.3104583 0.3139869 0.1857039 0.1594212 0.2251354 0.2291451 0.7371641 0.7666092 0.228197 0.208762 0.1152837 0.008679219 0.2213093 1.014514 0.07260958 0.9976415 0.1842251 0.0386056 0.04559147 0.0003553696 0.0002626755 0.0004063701 0.0006330735 0.0007214308 0.0007485375 0.2601647 3.485045 0.01843507 0.0006862413 0.003083941 0.001297632 0.005745718 0.0005551223 0.005657301 0.004289037 0.0006036871 0.00235809 0.004907417 0.006051444 0.007209327
52 0.01260063 0.02288485 0.1118507 0.1330534 0.2360356 0.2195198 0.1735485 0.2059041 0.1148746 0.1370675 0.5548606 0.5359047 0.4651559 0.4619352 0.09406998 0.01012993 0.1686901 0.4895788 0.05653655 0.461639 0.253231 0.04530234 0.3955776 0.000483501 0.0002784008 0.0004379335 0.0008922591 0.0006819597 0.001056763 0.003688127 3.580836 0.8654021 0.0008175838 0.003370874 0.001340172 0.006269791 0.000584628 0.006106268 0.004382055 0.0006450589 0.002412467 0.005352719 0.006251273 0.007620916
53 0.02281197 0.0230697 0.1378707 0.1711236 0.3412243 0.313416 0.1766865 0.1832995 0.235999 0.2520315 0.5685603 0.5442037 0.2033478 0.1932652 0.2252303 0.01667408 0.3751505 0.7615607 0.05850773 0.6271136 0.1368027 0.0528063 0.163444 0.0005185446 0.0003124722 0.0005116421 0.0007851573 0.0008195904 0.0009730343 1.269714 6.564097 0.003587479 0.000796538 0.003319602 0.001281464 0.006068459 0.0004928745 0.005961744 0.00444383 0.0006595838 0.002526626 0.005177174 0.006097215 0.007548351
54 0.02170057 0.02152267 0.1468906 0.1680189 0.2220709 0.211935 0.270424 0.2806745 0.2343545 0.2665868 0.4459646 0.4968135 0.2227599 0.2427688 0.2167153 0.04108324 0.2982078 0.4609282 0.02404903 0.6311528 0.09462198 0.09856702 0.257145 0.0005180975 0.0003649459 0.0004138199 0.0009716716 0.0009154065 0.001150109 1.415645 3.618781 0.00367218 0.0007859827 0.003224481 0.001243029 0.006062862 0.0006327972 0.005943552 0.004407553 0.0006635664 0.00234341 0.005175788 0.006080729 0.00749267
55 0.02266432 0.0228076 0.1430409 0.1419522 0.3018328 0.2972138 0.239162 0.2363727 0.2118086 0.254133 0.5628198 0.5793276 0.2233175 0.2027037 0.3437742 0.009934104 0.3094515 0.8385447 0.04728795 0.9644518 0.1814074 0.09613722 0.1463346 0.0004850448 0.0003256863 0.0004702951 0.0009095208 0.0009055143 0.001117705 2.409292 5.614702 0.003597353 0.0006667006 0.003186286 0.001246411 0.005941441 0.0005011249 0.005904568 0.004238273 0.0006087298 0.002395409 0.00507532 0.0061576 0.007441416
56 0.02161435 0.02187497 0.1429768 0.168748 0.235906 0.2333395 0.172611 0.1674745 0.193457 0.2112316 0.4168786 0.4217675 0.2225786 0.2138124 0.2258698 0.03071107 0.2803076 0.5838806 0.1414601 0.4661154 0.1574909 0.03856598 0.111874 0.0004693658 0.0003033756 0.000498069 0.0009452123 0.0007971947 0.001088941 2.068921 2.861674 0.003657111 0.0008004853 0.003085274 0.001227972 0.005770116 0.0007535895 0.005689108 0.004398803 0.0006165731 0.002442474 0.00494732 0.006203628 0.007211952
57 0.02169389 0.02170749 0.1036947 0.1272204 0.3130379 0.3017383 0.154593 0.1696063 0.2355354 0.2486678 0.6602788 0.6540478 0.2082677 0.2125167 0.1838488 0.002675094 0.3329746 0.8773252 0.007806375 0.723568 0.09986745 0.01039605 0.2162522 0.0004277532 0.0002863886 0.0004619767 0.0009187145 0.0006269081 0.00114455 1.454365 2.332404 0.003685319 0.0005319349 0.003161132 0.001175152 0.005873824 0.0002570101 0.00572063 0.004294875 0.0006019271 0.002323235 0.004996184 0.006042556 0.007196115
58 0.02123117 0.02121008 0.1200835 0.1491292 0.222536 0.2242591 0.1542505 0.1787529 0.236008 0.3087279 0.5087133 0.5356955 0.214355 0.2228579 0.1183105 0.004441268 0.2246594 0.9591659 0.003154277 1.086999 0.1179005 0.07388862 0.1946992 0.0005160738 0.0003115337 0.0005103544 0.0008678334 0.0009143882 0.0009734847 1.441024 2.250213 0.003758105 0.0005862756 0.003009405 0.001204929 0.005631926 0.00036131 0.005571632 0.004214488 0.0005671199 0.002239665 0.00481751 0.005803308 0.006998244
59 0.01322064 0.02088621 0.1185412 0.1226426 0.2300409 0.2011587 0.2348077 0.2235291 0.1281512 0.1320811 0.5304526 0.6246842 0.3646095 0.3744396 0.1056396 0.01323703 0.1435606 0.593861 0.07313341 0.4067996 0.3893938 0.2487018 0.2198194 0.0004943573 0.0003528273 0.000513727 0.0008226586 0.0009132872 0.001108818 0.004636942 4.906377 0.06609884 0.0007688048 0.002998446 0.001240975 0.005536882 0.000665883 0.005326149 0.003985362 0.0005804428 0.002492677 0.00472763 0.005661577 0.006799451
60 0.02243644 0.02264369 0.09897952 0.1287002 0.2990158 0.2828397 0.191835 0.1739721 0.2608777 0.2498389 0.7240562 0.6946886 0.2039144 0.1911081 0.2247504 0.001958994 0.3971647 0.6696324 0.1538283 0.646543 0.1742968 0.0278601 0.03473549 0.0004806303 0.0002731166 0.0004737903 0.0007445898 0.0006792514 0.0008017201 1.217653 2.830707 0.003666948 0.0006338584 0.003350475 0.001283616 0.006217069 0.0005585676 0.006096694 0.004355804 0.0006367219 0.002387974 0.005324216 0.006232335 0.007626633
61 0.02191222 0.02202351 0.1409282 0.1517737 0.238754 0.2364729 0.1948327 0.1861823 0.2457434 0.2633743 0.5126026 0.5249322 0.2343323 0.2179442 0.2548773 0.02016599 0.3590594 0.4419432 0.237438 0.512081 0.1463892 0.01185327 0.0973157 0.0004675515 0.0003510953 0.0005320864 0.001016062 0.0007505757 0.001350726 1.216268 2.301255 0.003640324 0.0006073134 0.003292561 0.001307861 0.006104668 0.0006918395 0.006007117 0.004449428 0.0006369844 0.002576234 0.005217999 0.006312524 0.007588216
62 0.02161877 0.0219635 0.08938659 0.1176783 0.2619893 0.2314923 0.2317012 0.247866 0.1851902 0.1945368 0.4463544 0.4406583 0.190167 0.1865944 0.1398249 0.003419417 0.282064 0.6796071 0.07527988 0.5370119 0.2972891 0.2062114 0.3472195 0.0004390788 0.0003067439 0.0004641794 0.0007727139 0.0008777721 0.001022465 2.558631 7.175856 0.003664948 0.0007330237 0.00298757 0.001201793 0.005494516 0.0004324726 0.005531402 0.004047569 0.0005984475 0.002257417 0.004712054 0.005691525 0.006973142
63 0.02182371 0.02214907 0.1089277 0.1240056 0.4066322 0.3911663 0.2276316 0.236251 0.1853318 0.2231625 0.6151882 0.5646878 0.2155332 0.2320497 0.2025575 0.0107112 0.1946988 0.9368139 0.1729079 0.8210299 0.2337583 0.01513086 0.2468326 0.000355275 0.0002539343 0.0004229578 0.0006121788 0.0007687862 0.0007753515 1.614416 2.453876 0.004003468 0.000863612 0.003082537 0.001284279 0.005639956 0.0007579977 0.005484065 0.004092786 0.0005796121 0.002358472 0.004858457 0.005657063 0.006834313
64 0.02171996 0.0222224 0.11352 0.1299141 0.2804792 0.2642472 0.2697253 0.2766182 0.2149755 0.1929874 0.5480496 0.5745827 0.2038256 0.202294 0.1937847 0.02767866 0.1963096 0.7167489 0.01395762 0.7114092 0.1592518 0.05443779 0.1267334 0.000435895 0.0002640207 0.0004513135 0.0006798205 0.0007416089 0.0008027896 1.094688 2.778788 0.003667802 0.000764505 0.003079812 0.001249948 0.005602061 0.0006322525 0.005446599 0.004016391 0.0006168768 0.002227501 0.00478858 0.005763953 0.006799313
65 0.02179635 0.02212537 0.1446763 0.1423547 0.334492 0.332163 0.1563404 0.1519978 0.289466 0.2654112 0.5661339 0.5770263 0.1982737 0.1931385 0.3390757 0.05644954 0.3009489 1.331624 0.0769774 1.157555 0.1172726 0.04754524 0.1198362 0.0003575769 0.0002634443 0.0005510026 0.0006214243 0.0006438706 0.0009432217 1.666872 2.380686 0.003682154 0.0008361717 0.003388032 0.00139324 0.006251507 0.0005875645 0.00617591 0.004574497 0.0008639037 0.002521331 0.005376932 0.00637 0.007602606
66 0.01248525 0.02387262 0.179199 0.1892507 0.2929935 0.2410741 0.2445333 0.2467001 0.1343019 0.1583898 0.5663355 0.5569421 0.3374286 0.3679623 0.1394368 0.03239877 0.221384 1.003136 0.01848954 0.6672852 0.658669 0.8361353 0.5419834 0.0004731911 0.0002980053 0.0004627093 0.0006988227 0.0007813379 0.0008815449 0.006348936 3.877262 0.404305 0.0008523543 0.003475246 0.001420182 0.006416308 0.0003944856 0.006327762 0.004672621 0.0007036464 0.002588938 0.005485425 0.006599777 0.00798066
67 0.0222838 0.02259087 0.1067024 0.1206197 0.2231793 0.2281642 0.2465917 0.2428529 0.2621846 0.2366848 0.4603307 0.4831001 0.2024401 0.1895373 0.1742917 0.005914493 0.2278167 0.5867528 0.2258416 0.6988191 0.2621238 0.1737386 0.2260794 0.0004243957 0.0002990305 0.0006138087 0.0008269955 0.0007046872 0.001064528 1.402206 6.267657 0.00362767 0.0008110117 0.003320334 0.001359752 0.006198318 0.0006578037 0.006058315 0.004485804 0.0006595243 0.00252346 0.005319528 0.006236124 0.007581227
68 0.02175702 0.02170789 0.1159145 0.1324404 0.2010282 0.2125514 0.1765839 0.1704606 0.1885923 0.2064356 0.4951778 0.5151046 0.2144452 0.2088617 0.2144952 0.0256096 0.2167243 0.4152285 0.03101173 0.3966318 0.128131 0.019374 0.1911416 0.0004182608 0.0003119394 0.0004784373 0.0007805465 0.0007675873 0.001075762 1.761872 4.19325 0.003717891 0.0007191175 0.003070944 0.001192899 0.005638121 0.0004586613 0.005514963 0.004150351 0.0006211546 0.00235711 0.004809542 0.005874792 0.00697469
69 0.02152367 0.02178727 0.09697051 0.1269967 0.2907012 0.2874991 0.1958607 0.1976418 0.237593 0.2248742 0.4519183 0.4404254 0.2094618 0.202645 0.1068462 0.01080599 0.2412383 0.7013859 0.00644833 0.6237739 0.2027192 0.1546045 0.1131711 0.0003778828 0.0003292086 0.0004956403 0.0008837432 0.000786969 0.001243324 1.250131 2.490106 0.003694755 0.0007210889 0.00308027 0.001288703 0.005747035 0.0002826952 0.005656285 0.004257448 0.000585683 0.002206172 0.004922132 0.005822045 0.007200816
70 0.02173398 0.02173225 0.1111121 0.138737 0.2138568 0.1937547 0.3054584 0.2784176 0.2267547 0.2561903 0.4472531 0.4411382 0.21471 0.2138023 0.1822169 0.01764159 0.2962092 0.6812778 0.001844922 0.3595456 0.1840481 0.03392055 0.1240863 0.0005040052 0.0003250808 0.000380443 0.000847332 0.0007768059 0.001114472 1.863725 2.500292 0.003654268 0.0005260896 0.003193304 0.001204043 0.005869106 0.0001674738 0.005788741 0.004311279 0.0006006877 0.002298336 0.00501937 0.005940442 0.007233875
71 0.02262472 0.02264825 0.140115 0.1492409 0.2392186 0.2128094 0.1842298 0.1897207 0.2304498 0.2152904 0.5277774 0.5488488 0.2106755 0.204995 0.234703 0.07338601 0.3161831 0.7619694 0.1087966 0.6063067 0.2149342 0.03526428 0.1792291 0.0004031903 0.0003330781 0.0005101445 0.0008618026 0.0009280714 0.001037385 1.845371 4.241634 0.003600754 0.0007268824 0.003143209 0.001268212 0.00575365 0.0008451436 0.005610004 0.004110451 0.0006007127 0.002415906 0.004930206 0.005849465 0.007063751
72 0.02184554 0.02205994 0.1106265 0.1289088 0.2462136 0.2412645 0.1540096 0.1199117 0.2094278 0.2170208 0.564411 0.5905176 0.2455917 0.2210442 0.1587413 0.007467353 0.2915149 0.7133927 0.1990997 0.6374992 0.1468338 0.001933091 0.04693639 0.0003756076 0.0003131061 0.0003950846 0.0009715957 0.0005106665 0.00127104 2.147846 3.148202 0.003611039 0.0007103186 0.003290644 0.001243505 0.006075033 0.0003613838 0.005972372 0.004505013 0.0006299665 0.00249246 0.005183543 0.006305483 0.007520824
73 0.02237031 0.02243509 0.1265094 0.1187482 0.2162103 0.224507 0.1656452 0.1664459 0.2392799 0.2397558 0.441494 0.456959 0.1995503 0.2010693 0.1557575 0.008316681 0.2214106 0.4025038 0.03560403 0.4085616 0.1717599 0.08231629 0.1222514 0.0003664438 0.0002605787 0.0005573424 0.0006853282 0.0006681398 0.0008602013 1.5935 2.208474 0.003608926 0.000723962 0.003110976 0.001257772 0.005755145 0.0004552909 0.005631636 0.004205444 0.000599597 0.002392087 0.00490899 0.005827225 0.007050311
74 0.02201971 0.02193923 0.1325518 0.1428315 0.2117104 0.2048882 0.2577971 0.2671959 0.2452142 0.2370123 0.5664991 0.5305853 0.1905166 0.1978674 0.2028633 0.01013961 0.2207284 0.407203 0.07348944 0.3762365 0.1446589 0.02593106 0.2651648 0.0004905274 0.0003188028 0.0005546801 0.0008400668 0.0009569469 0.001142418 2.680785 2.061765 0.003728791 0.0005209544 0.003091485 0.001318929 0.00564511 0.0005213716 0.005593821 0.004053729 0.0005883054 0.002388569 0.004839817 0.005782284 0.00700525
75 0.02284909 0.02260219 0.1355472 0.1323388 0.3161977 0.2601506 0.2138393 0.2133266 0.219104 0.2434399 0.6166454 0.5940106 0.2255972 0.2090952 0.3073078 0.01808308 0.3107618 0.8014762 0.04587886 0.4987663 0.2398503 0.1798428 0.1720581 0.000425691 0.0002969359 0.0004826489 0.0008550255 0.0008120721 0.000997134 1.839398 5.697197 0.003579273 0.0007347576 0.00356452 0.001437098 0.006563069 0.0005608127 0.006442171 0.004756845 0.0006655926 0.002639398 0.005576276 0.006548304 0.008155123
76 0.02208047 0.02214632 0.1239216 0.1563156 0.2256833 0.1888699 0.2206069 0.2233147 0.2561241 0.266604 0.4097838 0.4463895 0.2168824 0.2105498 0.2312586 0.0133546 0.3029187 0.490941 0.02478125 0.1835217 0.1921032 0.0624771 0.1174372 0.0004921568 0.000331583 0.0004744684 0.0008065892 0.0009970359 0.001021402 2.142262 2.653565 0.00366233 0.0006063889 0.002976004 0.001199544 0.005476752 0.0005040972 0.005413248 0.003919641 0.0005836366 0.0023263 0.004676785 0.005731047 0.006709676
77 0.02277984 0.02271477 0.1448586 0.1666431 0.3260508 0.3421725 0.2900559 0.3092805 0.1805875 0.2195752 0.4615742 0.4808779 0.2132617 0.2021982 0.2761661 0.1025195 0.377291 0.6671554 0.04039282 0.6553841 0.1976811 0.05092676 0.2317351 0.0003773308 0.0002793884 0.0004251797 0.0007590975 0.000758025 0.0009484012 2.938658 1.882575 0.003606313 0.0006776324 0.00319059 0.001303541 0.005873933 0.0005596527 0.005705143 0.004329333 0.0007427142 0.002506934 0.005010261 0.006140748 0.007234374
78 0.02188339 0.02199985 0.1167181 0.1564336 0.250595 0.2378205 0.2503473 0.2407981 0.223468 0.2512728 0.4466892 0.4243063 0.2065879 0.2128919 0.1671791 0.03720312 0.2922893 0.5106784 0.07345979 0.3700934 0.2274113 0.1468684 0.1640026 0.0004181911 0.0002681593 0.0004602571 0.0007360532 0.0007423441 0.001106692 1.340005 2.262132 0.003638714 0.0007827251 0.003081136 0.001237227 0.005715633 0.0005708443 0.005653625 0.00424799 0.0006025065 0.002372413 0.004881783 0.005883501 0.007222341
79 0.02253736 0.0225647 0.1695859 0.1889947 0.1860276 0.1805226 0.2172232 0.1865229 0.2485609 0.2490328 0.4621789 0.4440019 0.2266828 0.200546 0.3490465 0.01137396 0.338601 0.4337738 0.02452246 0.4156233 0.2316017 0.1528393 0.1024024 0.0004855842 0.0003228436 0.0005125733 0.0008917278 0.0008135204 0.001063693 2.446162 2.942467 0.003655671 0.0008416071 0.003392122 0.001424128 0.006321164 0.0004901633 0.006192983 0.004589099 0.0006808185 0.002518454 0.005414615 0.006375088 0.007883562
80 0.0218482 0.02216388 0.1255601 0.139118 0.2686123 0.274751 0.2020373 0.1930498 0.2272065 0.2432969 0.5523403 0.5295128 0.2159914 0.1959592 0.1752806 0.01765912 0.2507719 0.776045 0.317621 0.7783397 0.1685443 0.0115591 0.1042685 0.0003964125 0.0002768525 0.0005061153 0.000789465 0.0007364509 0.0009484329 1.591385 4.433251 0.003637987 0.0007727009 0.003229011 0.001363909 0.005978739 0.0003267657 0.005836939 0.004253943 0.000621367 0.00250732 0.005116962 0.006056232 0.00735409
81 0.02171998 0.0219723 0.09391033 0.1167721 0.2340522 0.2253729 0.2217392 0.2371504 0.279454 0.2833368 0.4180891 0.4258436 0.1960485 0.2124801 0.09262676 0.002450094 0.2031049 0.7801335 0.05460533 0.6181576 0.1074361 0.03408042 0.2097191 0.0004605928 0.0003272313 0.0004581011 0.0007887826 0.0008784509 0.001089744 1.55949 4.878208 0.003683455 0.0006703646 0.003360035 0.001333855 0.006282611 0.000315183 0.006223147 0.004477128 0.0006448447 0.0025406 0.005371611 0.006305924 0.007791727
82 0.02190595 0.02197332 0.1199242 0.1281183 0.2170675 0.207225 0.2512041 0.2218242 0.2286113 0.2388624 0.4537037 0.4754193 0.2351015 0.204755 0.1325217 0.007058267 0.1863483 0.5372433 0.04345843 0.4772276 0.2414399 0.1384206 0.1890019 0.0005576597 0.0004089504 0.0005013101 0.001216637 0.00111315 0.001334717 1.888613 2.672988 0.003783773 0.0007620938 0.003148866 0.001246219 0.005766319 0.0007008505 0.005673494 0.004210169 0.0005875111 0.002354583 0.004930173 0.005928039 0.007103023
83 0.02104305 0.02108504 0.1320786 0.1483692 0.2553101 0.2407279 0.1966197 0.2231517 0.2048849 0.2435669 0.5240032 0.5255224 0.1979677 0.1957942 0.1695873 0.01258602 0.3334554 0.5844936 0.05746514 0.5935005 0.2639199 0.2506142 0.2785632 0.0004946105 0.0003672557 0.0004960513 0.0008639516 0.001048147 0.001218227 1.28097 3.754033 0.004653041 0.0006671532 0.00321637 0.001234207 0.005918533 0.0005632952 0.005818341 0.004268561 0.0006390946 0.002403303 0.00505391 0.00602056 0.007347182
84 0.02198846 0.02253472 0.108307 0.1007491 0.2587962 0.2535695 0.2319044 0.2283465 0.2338144 0.2416467 0.6272568 0.5912176 0.2510199 0.2354878 0.1404766 0.003706281 0.1252957 0.5594056 0.08747061 0.6375617 0.2309183 0.05761767 0.1147926 0.0004530694 0.0003380526 0.0004416041 0.0007100781 0.0009203222 0.001144488 1.853608 3.568453 0.003677109 0.0006839334 0.003286817 0.0013214 0.006061306 0.0003332069 0.005935999 0.00413861 0.0006321952 0.002288354 0.005180228 0.005948402 0.007404586
85 0.02243396 0.02277225 0.1058625 0.1212036 0.3081561 0.3395068 0.2329605 0.2648062 0.221129 0.2319373 0.5474317 0.5472068 0.2141979 0.232466 0.1630425 0.02056536 0.252066 0.3703588 0.07769554 0.7373273 0.1491927 0.09593377 0.3364902 0.0004858749 0.0003348509 0.0005268229 0.0008147691 0.0009129682 0.001119026 0.7565019 6.311246 0.003672821 0.000777513 0.003222932 0.00132682 0.005920371 0.0005588566 0.005784543 0.004388629 0.0006610714 0.00241574 0.005048459 0.006171292 0.007358662
86 0.02236434 0.02232267 0.1572027 0.1672246 0.3177678 0.3056238 0.1956032 0.1866063 0.2137095 0.2475628 0.5014791 0.4959073 0.2051766 0.1825915 0.3468168 0.03729844 0.405117 0.6463887 0.1083264 0.6455813 0.1590815 0.01599481 0.05574757 0.0003332939 0.0002689881 0.0004237617 0.000764741 0.0007137953 0.0008939993 1.949789 2.55717 0.00363103 0.0008070964 0.00325025 0.001319261 0.006003971 0.0007057989 0.00584044 0.004213429 0.0006216503 0.002556949 0.005132826 0.006063672 0.007297108
87 0.02180711 0.02199179 0.1570095 0.1676887 0.362201 0.3644892 0.2665568 0.2722826 0.2330954 0.2243003 0.5712571 0.5176254 0.2121006 0.1875667 0.4321535 0.09605181 0.4865639 0.9645986 0.1223947 0.9293437 0.3377393 0.2842705 0.2362446 0.0005148946 0.0003902126 0.0005986085 0.0009190692 0.001066128 0.00118448 1.94894 2.676715 0.003741044 0.000942305 0.003462011 0.001368574 0.006347554 0.0009647977 0.006238503 0.0046583 0.0008112272 0.00249412 0.005416049 0.00642092 0.0077964
88 0.02212459 0.02242912 0.1375233 0.1291365 0.3234825 0.3272965 0.2932594 0.2796497 0.2291493 0.2529292 0.5958434 0.5811613 0.2116375 0.2122975 0.2590159 0.008241187 0.2351488 0.6343951 0.02785971 0.327623 0.2074047 0.1119952 0.2277264 0.0005689508 0.0004162175 0.0005124912 0.0008526563 0.0009616763 0.001206683 1.806646 2.955612 0.003679854 0.0006850145 0.003427146 0.001337508 0.006254227 0.000384653 0.006163361 0.004314205 0.0007303191 0.002470814 0.00534459 0.006138337 0.007657762
89 0.0219081 0.02209293 0.1074683 0.1154195 0.3049869 0.3008194 0.2015368 0.2006631 0.2195149 0.235067 0.5683872 0.5858995 0.207557 0.2144443 0.2098601 0.008446203 0.1968494 0.5843289 0.336802 0.4872896 0.2242846 0.07264737 0.1817044 0.0004592724 0.0003676299 0.000436836 0.0008091778 0.0009631677 0.001062663 3.564416 2.470093 0.003635363 0.0007428594 0.003060343 0.001227907 0.005722438 0.0005417846 0.005638916 0.004000163 0.0005798739 0.002293051 0.004887586 0.005648088 0.007086259
90 0.0230975 0.02321679 0.1416735 0.1823947 0.2832241 0.2770517 0.2076033 0.2096573 0.2286104 0.2687387 0.6031486 0.6177127 0.2087442 0.1915015 0.1632633 0.01227853 0.371744 0.7881914 0.05139022 0.7142986 0.345412 0.2215013 0.3703443 0.0004145034 0.000272727 0.000391597 0.0006240606 0.0009123788 0.0007978748 1.446302 7.184649 0.003598387 0.0007411454 0.003333561 0.001339654 0.006155458 0.0006136743 0.00594352 0.004364621 0.0006298551 0.002489632 0.005262322 0.006392042 0.007468742
91 0.02447905 0.02112435 0.155529 0.1742491 0.1982579 0.1994862 0.2089324 0.2146983 0.2860638 0.3219271 0.6180171 0.6027112 0.2464258 0.2588432 0.3316138 0.02103887 0.2737986 0.4884234 0.01465464 0.3595969 0.2473153 0.13099 0.1370842 0.0004021719 0.0002706721 0.0004684555 0.0006812436 0.0007465632 0.001087505 0.1237902 2.437837 0.03328514 0.0006885277 0.003532603 0.001394828 0.006502353 0.0004367966 0.006401316 0.004561309 0.0006853968 0.002470985 0.005563617 0.006651139 0.008149787
92 0.02182054 0.02188993 0.1400507 0.144412 0.1762986 0.1519604 0.1604233 0.1850348 0.2893807 0.263816 0.4290146 0.4943488 0.2316057 0.2408316 0.2112344 0.01318813 0.2879832 0.4292526 0.02043464 0.2387551 0.11654 0.06123042 0.2676054 0.0003888338 0.0002845288 0.000472522 0.0008746519 0.0007996055 0.0009377201 1.018277 2.18575 0.003643599 0.000709047 0.003175872 0.001284703 0.005769322 0.0006028934 0.005592684 0.004055085 0.0006456475 0.002344863 0.004954169 0.00582237 0.006958906
93 0.02168438 0.0218096 0.1309815 0.1551864 0.1709555 0.2122164 0.2441651 0.2227591 0.1753257 0.2053489 0.4996988 0.5000979 0.2269409 0.2058541 0.2067392 0.01123621 0.2417602 0.2440615 0.01472272 0.5008883 0.2305369 0.1508028 0.09228886 0.0004070709 0.0003101531 0.0005358327 0.0007586443 0.0007291059 0.0009815972 1.541702 3.081138 0.003685435 0.0006394674 0.00292847 0.001178144 0.005462 0.0004370578 0.005379826 0.003964093 0.0006282044 0.002321515 0.004675276 0.005622954 0.00677133
94 0.02332934 0.02341746 0.1411314 0.1369974 0.4671403 0.4786836 0.2560713 0.2309566 0.2471855 0.2824157 0.5542259 0.5282864 0.2091344 0.1926608 0.2410776 0.08886388 0.2284276 0.8500236 0.06801439 0.9024102 0.2252305 0.1417883 0.1181027 0.0004058435 0.0002846996 0.0004311607 0.0006512803 0.0008292173 0.0009042992 1.617441 1.865964 0.003564694 0.0007995187 0.003364126 0.001380461 0.006249461 0.0005929401 0.006080106 0.004473397 0.0007115763 0.002560141 0.005344816 0.006356271 0.007651212
95 0.02178613 0.02176255 0.1420259 0.1587969 0.2436536 0.2449232 0.2001502 0.2277552 0.2379177 0.2466053 0.5687632 0.603225 0.2052817 0.2085872 0.2045453 0.0482854 0.3430102 0.5563998 0.01692265 0.4739071 0.1930182 0.09008899 0.2220258 0.0004142107 0.0002608101 0.0005281536 0.0006435794 0.0007744655 0.0008874964 2.035258 1.654926 0.003666849 0.0006532224 0.00336356 0.001272897 0.006249019 0.000475852 0.005991263 0.004456658 0.0006802534 0.002468477 0.005352295 0.006246425 0.007541231
96 0.02262341 0.0227641 0.1619292 0.1727562 0.3366769 0.314983 0.1796072 0.1853057 0.2209076 0.2305414 0.6934205 0.6161742 0.211355 0.2161798 0.2219909 0.05990305 0.3707522 0.9440666 0.03494743 0.8547028 0.1556454 0.02683553 0.1924706 0.0004527482 0.0003078727 0.0004716789 0.0008295659 0.0007713627 0.001039445 2.084635 3.958884 0.003636237 0.0008192582 0.003146119 0.001321672 0.005796349 0.0007998681 0.005661197 0.004264525 0.0006307126 0.002554483 0.004965727 0.005939116 0.007151257
97 0.0220945 0.02236299 0.134315 0.1285405 0.320566 0.3014584 0.1848123 0.2076633 0.2488551 0.2419207 0.644961 0.5857856 0.2119543 0.2025307 0.2518717 0.01209129 0.2323567 0.7879815 0.3960068 0.489982 0.1137355 0.02969723 0.2116852 0.0004100522 0.0003267692 0.0005071068 0.0007923021 0.0009187207 0.001267744 1.520137 3.472541 0.003657357 0.0007162008 0.003117425 0.001300018 0.005787136 0.0007770862 0.005660627 0.004131406 0.0006104245 0.002271927 0.004949712 0.005946957 0.007068332
98 0.01248849 0.02358173 0.1105711 0.1378487 0.303939 0.2903375 0.2835025 0.2548159 0.1119715 0.1416857 0.5958554 0.5682966 0.4399243 0.4420416 0.09913773 0.03851034 0.2041864 0.7506941 0.1327533 0.8110222 0.5379141 0.08506194 0.4640823 0.0004732227 0.0003153519 0.0004375244 0.0008494573 0.0008638419 0.001135561 0.003877312 2.623116 0.1533244 0.0008840622 0.003344887 0.001388953 0.006158227 0.0008942799 0.006098872 0.004537584 0.0006405703 0.002563322 0.005243917 0.006483591 0.007822636
99 0.02215788 0.02229343 0.1300706 0.1475108 0.3265333 0.3102092 0.2408633 0.2468577 0.2562729 0.2779867 0.5361514 0.5028464 0.217476 0.2182773 0.1959904 0.01024164 0.249259 0.7072264 0.01258386 0.7136687 0.2769424 0.1737627 0.2015915 0.0004556064 0.000288075 0.0005226623 0.0007021831 0.0008858884 0.0009124517 1.821004 3.687871 0.003670335 0.0007279189 0.003279914 0.001331767 0.00608018 0.0003950323 0.005970925 0.004445523 0.0006459892 0.002396184 0.005205426 0.006226902 0.007497271
100 0.02185265 0.02213057 0.1506306 0.1447562 0.2771812 0.2822442 0.2375245 0.240331 0.2070709 0.207601 0.4950992 0.5260393 0.1990748 0.2019097 0.2848261 0.01371379 0.311349 0.6187512 0.05474981 0.5139905 0.179444 0.03813944 0.1595451 0.0004954478 0.0002962049 0.0005557513 0.0008071604 0.0008714351 0.001066021 1.079105 4.553517 0.003696744 0.0008193094 0.003295103 0.001303623 0.006127807 0.0003956157 0.005899364 0.004436314 0.0006238381 0.002446333 0.005268164 0.006149219 0.007433449
