1 4.217967 2.758985 0.003520711
2 1.122734 0.1570445 0.9119512
3 2.46493 3.895024 1.225476
4 1.57262 0.5195117 0.1727358
5 0.3165838 2.755255 1.900087
6 0.886709 1.792989 0.7806359
7 0.01285329 1.349823 0.3279277
8 0.6486141 0.8412999 0.08440926
9 1.001729 4.433804 1.101775
10 0.9944426 0.3444187 0.03963729
11 1.169267 0.9386837 1.153809
12 1.158742 0.3103459 0.8403468
13 0.8869043 0.115379 0.2779205
14 17.41616 1.010416 1.156193
15 0.7868792 4.521275 2.157439
16 2.371761 4.678808 0.1961743
17 0.03078229 0.5161807 0.9816882
18 1.508899 2.797038 0.9634087
19 2.014642 2.675795 3.200161
20 0.5828552 2.158023 0.7925576
21 0.2930413 0.4348839 0.405247
22 0.5841109 2.038974 0.4435007
23 0.4201214 1.256576 0.7967184
24 0.8180535 2.491098 0.3745668
25 0.03249221 0.4464646 0.6830851
26 4.620342 4.949881 0.5830541
27 0.7491333 4.918231 0.7214788
28 2.673767 0.3190282 0.2514303
29 9.656489 5.36326 1.466122
30 0.1984233 7.441808 0.1843422
31 0.2337223 2.760785 0.3154107
32 0.9143635 1.730175 0.1602597
33 2.403954 1.609144 2.146993
34 1.729801 3.908149 0.03599321
35 0.7341339 1.954609 1.471076
36 3.935516 2.652808 0.4787992
37 0.0002233245 1.01649 0.8100553
38 1.029724 9.956517 0.1088922
39 4.999666 3.801756 0.1480477
40 1.415646 2.299561 1.01787
41 2.638491 0.5295014 0.225926
42 0.2364561 6.195719 2.435436
43 0.1382428 0.0803465 5.02422
44 4.197401 1.591552 0.4110348
45 0.5660803 1.005013 1.229056
46 0.6904584 1.342877 0.2247739
47 4.753729 1.550068 0.3648803
48 3.894342 2.234159 0.8340317
49 3.095818 1.095905 4.304142
50 1.038472 1.266559 0.04394076
51 0.6893517 3.901103 0.04702764
52 0.2870059 1.080879 2.503328
53 2.425322 2.832004 1.449644
54 1.659762 1.373566 0.7521722
55 1.707606 1.790823 1.260692
56 2.510673 0.1289079 0.5052026
57 2.045095 3.009314 1.017374
58 3.638122 0.7420987 0.680889
59 3.560094 3.431599 1.096791
60 2.379815 1.457216 0.2560773
61 1.203009 3.99506 0.0573664
62 1.808188 6.895416 0.6191276
63 0.1596513 1.890612 3.488815
64 0.2712726 0.356519 0.2703452
65 1.905083 0.9906374 0.6403405
66 2.06072 0.4431627 0.2606935
67 1.212012 1.07513 2.078286
68 0.7252295 4.393083 0.4207787
69 2.21338 1.299328 0.7097068
70 2.98494 0.6601256 1.187578
71 1.309479 2.504894 0.08704003
72 5.165007 5.822124 0.8464221
73 1.773467 7.200993 0.1096083
74 1.678384 1.237276 0.006209591
75 2.509882 1.859791 0.4013949
76 2.677045 4.514451 0.05241915
77 1.861286 2.292087 0.8541757
78 0.4364008 0.002002048 1.544617
79 0.4957412 2.680963 0.1039277
80 2.624617 1.390012 0.301106
81 0.2839837 2.917547 0.4346419
82 2.172314 2.786253 1.151475
83 0.1511922 0.3489826 2.756322
84 0.5061008 2.339687 1.205459
85 2.948101 4.765378 0.9045675
86 0.4006022 0.09522352 0.807492
87 0.6305269 0.0489764 1.53459
88 1.445894 4.350462 0.2718383
89 1.806222 14.13118 0.6798797
90 0.4743264 6.534758 1.279486
91 2.221945 0.4116548 4.153176
92 0.4516214 0.8027008 0.1437821
93 4.522863 0.1734051 0.03956047
94 2.46493 3.895024 1.225476
95 0.8869043 0.115379 0.2779205
96 0.03078229 0.5161807 0.9816882
97 1.861286 2.292087 0.8541757
98 0.9944426 0.3444187 0.03963729
99 0.01285329 1.349823 0.3279277
100 2.06072 0.4431627 0.2606935
