1 0.0007826112 0 0 0 0 0 0 0.001649162 0 0 0 0 0 0 0.001000634 0 0 0 0 0 0 0.0008775295 0 0 0 0 0 0 0.002530684 0 0 0 0 0 0 0.008158433
2 0.004371306 0 0 0 0 0 0 0.002367552 0 0 0 0 0 0 0.0005643384 0 0 0 0 0 0 0.006525926 0 0 0 0 0 0 0.0006643994 0 0 0 0 0 0 0.0004295823
3 0.001702527 0 0 0 0 0 0 0.001120721 0 0 0 0 0 0 0.001336848 0 0 0 0 0 0 0.0008899022 0 0 0 0 0 0 0.002055056 0 0 0 0 0 0 0.00287004
4 0.00348739 0 0 0 0 0 0 0.0003540146 0 0 0 0 0 0 0.003753114 0 0 0 0 0 0 0.0007002742 0 0 0 0 0 0 0.005497786 0 0 0 0 0 0 0.000771563
5 0.001289753 0 0 0 0 0 0 0.001780905 0 0 0 0 0 0 0.0006605627 0 0 0 0 0 0 0.004207783 0 0 0 0 0 0 0.0007721949 0 0 0 0 0 0 0.001982679
6 0.0008787682 0 0 0 0 0 0 0.000861664 0 0 0 0 0 0 0.0007102226 0 0 0 0 0 0 0.002869916 0 0 0 0 0 0 0.003372094 0 0 0 0 0 0 0.0004504799
7 0.001505832 0 0 0 0 0 0 0.00311873 0 0 0 0 0 0 0.000956319 0 0 0 0 0 0 0.00255138 0 0 0 0 0 0 0.002480158 0 0 0 0 0 0 0.00488672
8 0.0001220457 0 0 0 0 0 0 0.001028161 0 0 0 0 0 0 0.0004487865 0 0 0 0 0 0 0.003783919 0 0 0 0 0 0 0.001737398 0 0 0 0 0 0 0.000172748
9 0.001390338 0 0 0 0 0 0 0.0007708969 0 0 0 0 0 0 0.0007986219 0 0 0 0 0 0 0.0006586571 0 0 0 0 0 0 0.002048267 0 0 0 0 0 0 0.002570169
10 0.0007671633 0 0 0 0 0 0 0.0008311027 0 0 0 0 0 0 0.001011238 0 0 0 0 0 0 0.001665602 0 0 0 0 0 0 0.002024178 0 0 0 0 0 0 0.002444842
11 0.0001195676 0 0 0 0 0 0 0.001729738 0 0 0 0 0 0 0.001771004 0 0 0 0 0 0 0.001518461 0 0 0 0 0 0 0.004130272 0 0 0 0 0 0 0.001732285
12 0.001442167 0 0 0 0 0 0 0.0004810099 0 0 0 0 0 0 0.0009804837 0 0 0 0 0 0 0.0004732169 0 0 0 0 0 0 0.005738232 0 0 0 0 0 0 6.258685e-05
13 0.0009327517 0 0 0 0 0 0 0.002105106 0 0 0 0 0 0 0.002508552 0 0 0 0 0 0 0.004722338 0 0 0 0 0 0 0.003790463 0 0 0 0 0 0 0.003763975
14 0.003349854 0 0 0 0 0 0 0.001473615 0 0 0 0 0 0 0.001767853 0 0 0 0 0 0 0.000816295 0 0 0 0 0 0 0.003345283 0 0 0 0 0 0 0.001767714
15 0.001564961 0 0 0 0 0 0 0.0009464559 0 0 0 0 0 0 0.004012635 0 0 0 0 0 0 0.0001721979 0 0 0 0 0 0 0.001169489 0 0 0 0 0 0 0.006892189
16 0.0008124756 0 0 0 0 0 0 0.000265841 0 0 0 0 0 0 0.001501462 0 0 0 0 0 0 0.001869009 0 0 0 0 0 0 0.002089978 0 0 0 0 0 0 0.006438086
17 0.003286072 0 0 0 0 0 0 0.0007094484 0 0 0 0 0 0 0.001587289 0 0 0 0 0 0 0.003816202 0 0 0 0 0 0 0.001672873 0 0 0 0 0 0 0.002681154
18 0.001282357 0 0 0 0 0 0 0.001507949 0 0 0 0 0 0 0.0001650049 0 0 0 0 0 0 1.212783e-05 0 0 0 0 0 0 0.001294597 0 0 0 0 0 0 0.001472561
19 9.609885e-05 0 0 0 0 0 0 0.002267128 0 0 0 0 0 0 0.001838205 0 0 0 0 0 0 0.007111251 0 0 0 0 0 0 0.002345693 0 0 0 0 0 0 0.004258528
20 0.005116549 0 0 0 0 0 0 0.0003451404 0 0 0 0 0 0 0.001540688 0 0 0 0 0 0 0.003800448 0 0 0 0 0 0 0.0009686755 0 0 0 0 0 0 0.0002757758
21 0.005709222 0 0 0 0 0 0 0.0007254195 0 0 0 0 0 0 0.0004467413 0 0 0 0 0 0 0.000759562 0 0 0 0 0 0 0.003954551 0 0 0 0 0 0 0.0002281429
22 0.0003332242 0 0 0 0 0 0 4.616013e-05 0 0 0 0 0 0 0.0004291479 0 0 0 0 0 0 0.001748924 0 0 0 0 0 0 0.001778681 0 0 0 0 0 0 0.002316914
23 0.002421015 0 0 0 0 0 0 0.000557684 0 0 0 0 0 0 0.0001322144 0 0 0 0 0 0 0.004856389 0 0 0 0 0 0 0.0008154951 0 0 0 0 0 0 0.0049874
24 0.0007469548 0 0 0 0 0 0 0.0007788847 0 0 0 0 0 0 0.001254704 0 0 0 0 0 0 1.652889e-05 0 0 0 0 0 0 0.002109678 0 0 0 0 0 0 0.01153335
25 0.001207397 0 0 0 0 0 0 0.0006849079 0 0 0 0 0 0 0.002128359 0 0 0 0 0 0 0.0005854426 0 0 0 0 0 0 0.003295384 0 0 0 0 0 0 0.003592463
26 0.0008231127 0 0 0 0 0 0 0.002041832 0 0 0 0 0 0 0.001265487 0 0 0 0 0 0 0.004757073 0 0 0 0 0 0 0.005218538 0 0 0 0 0 0 0.01028831
27 0.001751005 0 0 0 0 0 0 0.001455413 0 0 0 0 0 0 0.0003966566 0 0 0 0 0 0 0.00457432 0 0 0 0 0 0 0.0008750733 0 0 0 0 0 0 0.00650027
28 0.003337058 0 0 0 0 0 0 0.0005709332 0 0 0 0 0 0 0.001056247 0 0 0 0 0 0 0.002512518 0 0 0 0 0 0 0.0009966208 0 0 0 0 0 0 0.006559321
29 0.002601861 0 0 0 0 0 0 0.00301051 0 0 0 0 0 0 0.0002865101 0 0 0 0 0 0 0.004071736 0 0 0 0 0 0 0.002403511 0 0 0 0 0 0 0.005876981
30 0.00123812 0 0 0 0 0 0 0.0002276771 0 0 0 0 0 0 0.002946031 0 0 0 0 0 0 0.001902125 0 0 0 0 0 0 0.0009387612 0 0 0 0 0 0 0.0008884506
31 0.001143798 0 0 0 0 0 0 0.0009716279 0 0 0 0 0 0 0.0002397798 0 0 0 0 0 0 0.0012011 0 0 0 0 0 0 0.005627845 0 0 0 0 0 0 0.008767021
32 0.001920137 0 0 0 0 0 0 0.0009836805 0 0 0 0 0 0 0.001209963 0 0 0 0 0 0 0.002017677 0 0 0 0 0 0 0.001773628 0 0 0 0 0 0 0.004743217
33 0.0001564276 0 0 0 0 0 0 0.001185124 0 0 0 0 0 0 0.002772529 0 0 0 0 0 0 0.001839184 0 0 0 0 0 0 0.003222393 0 0 0 0 0 0 0.005377062
34 0.00267065 0 0 0 0 0 0 0.0003528074 0 0 0 0 0 0 0.0001401974 0 0 0 0 0 0 0.001080115 0 0 0 0 0 0 0.001611852 0 0 0 0 0 0 0.006938221
35 0.001893922 0 0 0 0 0 0 0.0006053551 0 0 0 0 0 0 0.002465178 0 0 0 0 0 0 0.0009329145 0 0 0 0 0 0 0.002635795 0 0 0 0 0 0 0.0006987603
36 0.001044833 0 0 0 0 0 0 0.0004590226 0 0 0 0 0 0 0.00320269 0 0 0 0 0 0 0.0006711629 0 0 0 0 0 0 0.003522919 0 0 0 0 0 0 0.008706864
37 0.002399587 0 0 0 0 0 0 0.001273186 0 0 0 0 0 0 5.136791e-05 0 0 0 0 0 0 0.003863279 0 0 0 0 0 0 0.0002977441 0 0 0 0 0 0 0.004949698
38 0.0009680428 0 0 0 0 0 0 0.002254764 0 0 0 0 0 0 0.001192526 0 0 0 0 0 0 0.001421052 0 0 0 0 0 0 0.00727045 0 0 0 0 0 0 0.003216586
39 0.001940139 0 0 0 0 0 0 0.0004912277 0 0 0 0 0 0 0.002331081 0 0 0 0 0 0 0.002128959 0 0 0 0 0 0 0.005320224 0 0 0 0 0 0 0.005318773
40 0.0009017366 0 0 0 0 0 0 0.0007415523 0 0 0 0 0 0 0.002632865 0 0 0 0 0 0 0.003762946 0 0 0 0 0 0 0.0006593236 0 0 0 0 0 0 0.001882906
41 0.001757345 0 0 0 0 0 0 0.001679779 0 0 0 0 0 0 0.001745981 0 0 0 0 0 0 0.0002492525 0 0 0 0 0 0 0.003904779 0 0 0 0 0 0 0.005756072
42 0.0005626009 0 0 0 0 0 0 0.002290271 0 0 0 0 0 0 0.000313666 0 0 0 0 0 0 0.00129685 0 0 0 0 0 0 0.001295515 0 0 0 0 0 0 0.002481658
43 0.00235336 0 0 0 0 0 0 0.00200656 0 0 0 0 0 0 0.0001070996 0 0 0 0 0 0 0.006107047 0 0 0 0 0 0 0.002043927 0 0 0 0 0 0 0.0004407945
44 0.002387025 0 0 0 0 0 0 0.0003971155 0 0 0 0 0 0 0.0005656148 0 0 0 0 0 0 0.002610092 0 0 0 0 0 0 0.007117272 0 0 0 0 0 0 0.009882966
45 0.0001730186 0 0 0 0 0 0 0.0009547232 0 0 0 0 0 0 0.002220065 0 0 0 0 0 0 0.0002447953 0 0 0 0 0 0 0.007530049 0 0 0 0 0 0 0.000639695
46 0.003356502 0 0 0 0 0 0 0.0007638233 0 0 0 0 0 0 0.0005868448 0 0 0 0 0 0 0.002633041 0 0 0 0 0 0 0.001728887 0 0 0 0 0 0 0.007189369
47 0.002122676 0 0 0 0 0 0 0.0008826625 0 0 0 0 0 0 0.00022442 0 0 0 0 0 0 0.001616168 0 0 0 0 0 0 0.001367799 0 0 0 0 0 0 0.002714214
48 0.0001821721 0 0 0 0 0 0 0.0003528647 0 0 0 0 0 0 0.002214899 0 0 0 0 0 0 0.0059269 0 0 0 0 0 0 0.002213874 0 0 0 0 0 0 0.00250859
49 0.00346556 0 0 0 0 0 0 0.002339859 0 0 0 0 0 0 0.001981377 0 0 0 0 0 0 0.004806787 0 0 0 0 0 0 2.254977e-05 0 0 0 0 0 0 0.00690351
50 0.0005919012 0 0 0 0 0 0 0.001507212 0 0 0 0 0 0 0.0005930448 0 0 0 0 0 0 0.0006999002 0 0 0 0 0 0 0.002942546 0 0 0 0 0 0 0.001127432
51 0.001062667 0 0 0 0 0 0 0.001860159 0 0 0 0 0 0 0.004037336 0 0 0 0 0 0 0.00310282 0 0 0 0 0 0 0.002835379 0 0 0 0 0 0 0.006179112
52 0.00388255 0 0 0 0 0 0 0.0004915753 0 0 0 0 0 0 0.0004144199 0 0 0 0 0 0 0.003604124 0 0 0 0 0 0 0.004348137 0 0 0 0 0 0 0.003738466
53 0.0002879166 0 0 0 0 0 0 0.001843092 0 0 0 0 0 0 0.004916023 0 0 0 0 0 0 0.006757616 0 0 0 0 0 0 0.0005522952 0 0 0 0 0 0 0.002846288
54 0.0002480902 0 0 0 0 0 0 0.002069914 0 0 0 0 0 0 0.0001697725 0 0 0 0 0 0 0.003441486 0 0 0 0 0 0 0.001177559 0 0 0 0 0 0 0.00144958
55 0.004630202 0 0 0 0 0 0 3.708535e-05 0 0 0 0 0 0 0.00298882 0 0 0 0 0 0 0.000443486 0 0 0 0 0 0 0.003817039 0 0 0 0 0 0 0.004723974
56 0.0006480492 0 0 0 0 0 0 0.0006331663 0 0 0 0 0 0 0.00262117 0 0 0 0 0 0 0.001316128 0 0 0 0 0 0 0.009226078 0 0 0 0 0 0 0.002088038
57 0.004100542 0 0 0 0 0 0 0.0006285128 0 0 0 0 0 0 0.0009955635 0 0 0 0 0 0 0.002446541 0 0 0 0 0 0 0.002562317 0 0 0 0 0 0 0.004521555
58 0.002320649 0 0 0 0 0 0 0.001960448 0 0 0 0 0 0 0.001220144 0 0 0 0 0 0 0.0009402568 0 0 0 0 0 0 0.002105184 0 0 0 0 0 0 0.003868435
59 0.003417983 0 0 0 0 0 0 0.001798342 0 0 0 0 0 0 0.002218367 0 0 0 0 0 0 0.002066616 0 0 0 0 0 0 0.001370836 0 0 0 0 0 0 0.002853983
60 0.001162241 0 0 0 0 0 0 0.0001510402 0 0 0 0 0 0 0.001528497 0 0 0 0 0 0 0.001790813 0 0 0 0 0 0 0.007811282 0 0 0 0 0 0 0.009159229
61 0.0005413824 0 0 0 0 0 0 0.001172445 0 0 0 0 0 0 0.0005986514 0 0 0 0 0 0 0.0007949593 0 0 0 0 0 0 0.0001614564 0 0 0 0 0 0 0.003788953
62 0.0004300639 0 0 0 0 0 0 0.00115181 0 0 0 0 0 0 0.001578194 0 0 0 0 0 0 0.001053413 0 0 0 0 0 0 0.002358659 0 0 0 0 0 0 0.006535535
63 0.003378579 0 0 0 0 0 0 0.0003929671 0 0 0 0 0 0 0.002348664 0 0 0 0 0 0 0.001119929 0 0 0 0 0 0 0.002662986 0 0 0 0 0 0 0.001478711
64 0.002955148 0 0 0 0 0 0 0.00228295 0 0 0 0 0 0 0.004590254 0 0 0 0 0 0 0.001814895 0 0 0 0 0 0 0.001767185 0 0 0 0 0 0 0.0001666108
65 0.002860198 0 0 0 0 0 0 0.001198876 0 0 0 0 0 0 0.0001903208 0 0 0 0 0 0 0.002993609 0 0 0 0 0 0 0.008997849 0 0 0 0 0 0 5.419521e-05
66 0.000281309 0 0 0 0 0 0 0.0001331227 0 0 0 0 0 0 0.0002965578 0 0 0 0 0 0 0.002103645 0 0 0 0 0 0 0.00138943 0 0 0 0 0 0 0.002200222
67 0.0002586088 0 0 0 0 0 0 0.001707624 0 0 0 0 0 0 0.0002033566 0 0 0 0 0 0 0.00016414 0 0 0 0 0 0 0.0009118536 0 0 0 0 0 0 0.002930587
68 0.003860147 0 0 0 0 0 0 0.0003842837 0 0 0 0 0 0 0.005171758 0 0 0 0 0 0 0.0008146428 0 0 0 0 0 0 0.0008157187 0 0 0 0 0 0 0.004841377
69 0.001255628 0 0 0 0 0 0 0.0005932557 0 0 0 0 0 0 0.002502688 0 0 0 0 0 0 0.001032578 0 0 0 0 0 0 0.0009067302 0 0 0 0 0 0 0.004610483
70 0.002903682 0 0 0 0 0 0 0.0003902958 0 0 0 0 0 0 0.002780657 0 0 0 0 0 0 0.0001451313 0 0 0 0 0 0 0.002083209 0 0 0 0 0 0 0.0001565632
71 0.001422531 0 0 0 0 0 0 0.0004253298 0 0 0 0 0 0 0.003220887 0 0 0 0 0 0 0.0009374799 0 0 0 0 0 0 0.002174142 0 0 0 0 0 0 0.0006230271
72 0.005364263 0 0 0 0 0 0 0.001295582 0 0 0 0 0 0 0.0006107805 0 0 0 0 0 0 0.005298925 0 0 0 0 0 0 0.001865634 0 0 0 0 0 0 0.003680657
73 0.004572774 0 0 0 0 0 0 0.001237006 0 0 0 0 0 0 4.420585e-05 0 0 0 0 0 0 0.002909084 0 0 0 0 0 0 0.001631974 0 0 0 0 0 0 0.0002190272
74 0.002811526 0 0 0 0 0 0 0.00133498 0 0 0 0 0 0 0.004293916 0 0 0 0 0 0 0.0008252616 0 0 0 0 0 0 0.004680617 0 0 0 0 0 0 0.002314503
75 0.003563941 0 0 0 0 0 0 0.0007395075 0 0 0 0 0 0 0.0005041884 0 0 0 0 0 0 0.0008575525 0 0 0 0 0 0 0.005036132 0 0 0 0 0 0 0.003411114
76 0.001567151 0 0 0 0 0 0 0.0006458028 0 0 0 0 0 0 8.837804e-05 0 0 0 0 0 0 0.001059902 0 0 0 0 0 0 0.0006740407 0 0 0 0 0 0 0.0002849533
77 0.001859823 0 0 0 0 0 0 0.0001315963 0 0 0 0 0 0 0.001819821 0 0 0 0 0 0 4.135977e-05 0 0 0 0 0 0 0.003607783 0 0 0 0 0 0 0.003529566
78 0.002313062 0 0 0 0 0 0 0.001574634 0 0 0 0 0 0 0.003105343 0 0 0 0 0 0 0.002220232 0 0 0 0 0 0 0.00235807 0 0 0 0 0 0 0.01179492
79 8.733832e-05 0 0 0 0 0 0 0.0007734903 0 0 0 0 0 0 0.0002266936 0 0 0 0 0 0 0.002576765 0 0 0 0 0 0 0.005924622 0 0 0 0 0 0 0.006905176
80 0.004764338 0 0 0 0 0 0 0.001314931 0 0 0 0 0 0 0.0002356697 0 0 0 0 0 0 0.002522888 0 0 0 0 0 0 0.003828013 0 0 0 0 0 0 0.0004587289
81 0.000781542 0 0 0 0 0 0 0.0009122665 0 0 0 0 0 0 0.002049195 0 0 0 0 0 0 0.002706611 0 0 0 0 0 0 0.0029431 0 0 0 0 0 0 0.00668336
82 0.0001359234 0 0 0 0 0 0 0.001288647 0 0 0 0 0 0 0.000711714 0 0 0 0 0 0 0.006181317 0 0 0 0 0 0 0.005813286 0 0 0 0 0 0 0.0001189711
83 0.004578019 0 0 0 0 0 0 0.002719174 0 0 0 0 0 0 0.003126874 0 0 0 0 0 0 0.002849446 0 0 0 0 0 0 0.005047192 0 0 0 0 0 0 0.006770032
84 0.003188751 0 0 0 0 0 0 0.0001308491 0 0 0 0 0 0 0.002479629 0 0 0 0 0 0 0.00235483 0 0 0 0 0 0 0.005853716 0 0 0 0 0 0 0.006097508
85 0.001107392 0 0 0 0 0 0 0.0006748828 0 0 0 0 0 0 0.002324787 0 0 0 0 0 0 0.001498947 0 0 0 0 0 0 0.0002638805 0 0 0 0 0 0 0.002909033
86 0.001684298 0 0 0 0 0 0 0.0003220776 0 0 0 0 0 0 0.001904646 0 0 0 0 0 0 7.788344e-05 0 0 0 0 0 0 0.002607858 0 0 0 0 0 0 0.002032243
87 0.001866345 0 0 0 0 0 0 7.965243e-05 0 0 0 0 0 0 0.002517013 0 0 0 0 0 0 0.0003867249 0 0 0 0 0 0 0.00172477 0 0 0 0 0 0 0.002433963
88 0.002348037 0 0 0 0 0 0 0.00158194 0 0 0 0 0 0 0.006430223 0 0 0 0 0 0 0.003410891 0 0 0 0 0 0 0.001054871 0 0 0 0 0 0 0.002796011
89 4.616503e-05 0 0 0 0 0 0 0.002143344 0 0 0 0 0 0 0.001673005 0 0 0 0 0 0 0.006628792 0 0 0 0 0 0 0.0008591533 0 0 0 0 0 0 0.0009588649
90 0.007650574 0 0 0 0 0 0 0.001443235 0 0 0 0 0 0 0.001972305 0 0 0 0 0 0 0.004374187 0 0 0 0 0 0 0.0003445289 0 0 0 0 0 0 0.006834812
91 0.001521232 0 0 0 0 0 0 0.002612789 0 0 0 0 0 0 0.003610371 0 0 0 0 0 0 0.005802355 0 0 0 0 0 0 0.008426704 0 0 0 0 0 0 0.01762174
92 0.001322469 0 0 0 0 0 0 0.001228553 0 0 0 0 0 0 0.0003016317 0 0 0 0 0 0 0.002441197 0 0 0 0 0 0 0.005977559 0 0 0 0 0 0 0.01181382
93 0.0008757025 0 0 0 0 0 0 0.0003462452 0 0 0 0 0 0 0.0002171511 0 0 0 0 0 0 0.0002580577 0 0 0 0 0 0 0.005888161 0 0 0 0 0 0 0.004425042
94 0.001702527 0 0 0 0 0 0 0.001120721 0 0 0 0 0 0 0.001336848 0 0 0 0 0 0 0.0008899022 0 0 0 0 0 0 0.002055056 0 0 0 0 0 0 0.00287004
95 0.0009327517 0 0 0 0 0 0 0.002105106 0 0 0 0 0 0 0.002508552 0 0 0 0 0 0 0.004722338 0 0 0 0 0 0 0.003790463 0 0 0 0 0 0 0.003763975
96 0.003286072 0 0 0 0 0 0 0.0007094484 0 0 0 0 0 0 0.001587289 0 0 0 0 0 0 0.003816202 0 0 0 0 0 0 0.001672873 0 0 0 0 0 0 0.002681154
97 0.001859823 0 0 0 0 0 0 0.0001315963 0 0 0 0 0 0 0.001819821 0 0 0 0 0 0 4.135977e-05 0 0 0 0 0 0 0.003607783 0 0 0 0 0 0 0.003529566
98 0.0007671633 0 0 0 0 0 0 0.0008311027 0 0 0 0 0 0 0.001011238 0 0 0 0 0 0 0.001665602 0 0 0 0 0 0 0.002024178 0 0 0 0 0 0 0.002444842
99 0.001505832 0 0 0 0 0 0 0.00311873 0 0 0 0 0 0 0.000956319 0 0 0 0 0 0 0.00255138 0 0 0 0 0 0 0.002480158 0 0 0 0 0 0 0.00488672
100 0.000281309 0 0 0 0 0 0 0.0001331227 0 0 0 0 0 0 0.0002965578 0 0 0 0 0 0 0.002103645 0 0 0 0 0 0 0.00138943 0 0 0 0 0 0 0.002200222
