1 0.000674773 0 0 0 0 0 0 0.0005239574 0 0 0 0 0 0 0.001107831 0 0 0 0 0 0 0.000841421 0 0 0 0 0 0 0.000992785 0 0 0 0 0 0 0.002845477
2 0.002313349 0 0 0 0 0 0 0.0003262533 0 0 0 0 0 0 0.0006817578 0 0 0 0 0 0 0.0003555732 0 0 0 0 0 0 0.001568051 0 0 0 0 0 0 0.002422752
3 0.0004334419 0 0 0 0 0 0 0.0002026761 0 0 0 0 0 0 0.002670788 0 0 0 0 0 0 0.001699888 0 0 0 0 0 0 0.003502217 0 0 0 0 0 0 0.002272401
4 0.0007712835 0 0 0 0 0 0 0.0002289646 0 0 0 0 0 0 0.001026573 0 0 0 0 0 0 0.0006895092 0 0 0 0 0 0 0.002470545 0 0 0 0 0 0 0.002862561
5 0.001503995 0 0 0 0 0 0 0.0002843974 0 0 0 0 0 0 0.0005055021 0 0 0 0 0 0 0.001142487 0 0 0 0 0 0 0.003689177 0 0 0 0 0 0 0.001495265
6 0.0004961999 0 0 0 0 0 0 0.0006123966 0 0 0 0 0 0 0.001776395 0 0 0 0 0 0 0.001020323 0 0 0 0 0 0 0.0003317329 0 0 0 0 0 0 5.809333e-05
7 0.0002716111 0 0 0 0 0 0 5.813708e-05 0 0 0 0 0 0 0.0007067809 0 0 0 0 0 0 0.0009309699 0 0 0 0 0 0 0.005219338 0 0 0 0 0 0 0.001667595
8 0.0004540184 0 0 0 0 0 0 0.001378775 0 0 0 0 0 0 0.00257384 0 0 0 0 0 0 0.0005901614 0 0 0 0 0 0 0.001683385 0 0 0 0 0 0 0.002155217
9 0.0004950904 0 0 0 0 0 0 0.002083432 0 0 0 0 0 0 0.0004943121 0 0 0 0 0 0 0.0002590648 0 0 0 0 0 0 0.002255503 0 0 0 0 0 0 0.001628977
10 0.003570455 0 0 0 0 0 0 2.729887e-05 0 0 0 0 0 0 0.0001972054 0 0 0 0 0 0 0.0002968517 0 0 0 0 0 0 0.0003808457 0 0 0 0 0 0 2.646487e-05
11 0.0007261153 0 0 0 0 0 0 0.0007774975 0 0 0 0 0 0 0.00124077 0 0 0 0 0 0 9.001539e-05 0 0 0 0 0 0 0.001916259 0 0 0 0 0 0 0.005424316
12 0.0007515665 0 0 0 0 0 0 0.0002418854 0 0 0 0 0 0 0.0004812137 0 0 0 0 0 0 0.00198561 0 0 0 0 0 0 0.0003916225 0 0 0 0 0 0 0.0002501973
13 0.000437542 0 0 0 0 0 0 0.0006630569 0 0 0 0 0 0 0.002708249 0 0 0 0 0 0 0.001044113 0 0 0 0 0 0 0.001874306 0 0 0 0 0 0 0.002810463
14 0.0002861926 0 0 0 0 0 0 0.0003961271 0 0 0 0 0 0 0.001433623 0 0 0 0 0 0 0.0009025692 0 0 0 0 0 0 6.565312e-05 0 0 0 0 0 0 0.003040497
15 0.0003128115 0 0 0 0 0 0 0.0005732278 0 0 0 0 0 0 0.0004757356 0 0 0 0 0 0 0.001005675 0 0 0 0 0 0 0.001955071 0 0 0 0 0 0 0.0024159
16 0.0002757441 0 0 0 0 0 0 3.783168e-05 0 0 0 0 0 0 0.0004574463 0 0 0 0 0 0 0.003018836 0 0 0 0 0 0 0.0004077364 0 0 0 0 0 0 0.0002138802
17 0.001426885 0 0 0 0 0 0 0.001397025 0 0 0 0 0 0 0.0002525966 0 0 0 0 0 0 0.002342836 0 0 0 0 0 0 0.0007267592 0 0 0 0 0 0 0.0004753413
18 0.0008334028 0 0 0 0 0 0 0.0002779721 0 0 0 0 0 0 0.00123326 0 0 0 0 0 0 0.0006896769 0 0 0 0 0 0 0.003237256 0 0 0 0 0 0 0.001340985
19 0.001931916 0 0 0 0 0 0 0.001203442 0 0 0 0 0 0 0.00217628 0 0 0 0 0 0 0.001969747 0 0 0 0 0 0 0.0001273403 0 0 0 0 0 0 0.002717209
20 3.133877e-05 0 0 0 0 0 0 0.0004294153 0 0 0 0 0 0 0.0003216721 0 0 0 0 0 0 0.002434473 0 0 0 0 0 0 0.0005266039 0 0 0 0 0 0 0.005663773
21 0.0006023042 0 0 0 0 0 0 0.0002373822 0 0 0 0 0 0 0.000749176 0 0 0 0 0 0 0.001890332 0 0 0 0 0 0 0.005117679 0 0 0 0 0 0 0.0009976646
22 0.001332039 0 0 0 0 0 0 0.0002695963 0 0 0 0 0 0 0.000484078 0 0 0 0 0 0 0.001301381 0 0 0 0 0 0 0.004420319 0 0 0 0 0 0 7.353702e-05
23 0.000997819 0 0 0 0 0 0 0.0009675445 0 0 0 0 0 0 0.0008043796 0 0 0 0 0 0 0.000109693 0 0 0 0 0 0 0.002393661 0 0 0 0 0 0 0.004968963
24 0.001522039 0 0 0 0 0 0 0.0007638277 0 0 0 0 0 0 0.003707437 0 0 0 0 0 0 0.0009869681 0 0 0 0 0 0 6.872103e-06 0 0 0 0 0 0 0.002403474
25 0.0006156082 0 0 0 0 0 0 0.0004300499 0 0 0 0 0 0 0.0005212263 0 0 0 0 0 0 0.001688594 0 0 0 0 0 0 0.001001516 0 0 0 0 0 0 0.004849272
26 0.0007882078 0 0 0 0 0 0 0.0002905995 0 0 0 0 0 0 0.0007984992 0 0 0 0 0 0 0.002114812 0 0 0 0 0 0 0.002445051 0 0 0 0 0 0 0.0004081962
27 0.002390108 0 0 0 0 0 0 0.0003735408 0 0 0 0 0 0 0.001729083 0 0 0 0 0 0 0.001869692 0 0 0 0 0 0 0.002463963 0 0 0 0 0 0 0.002257834
28 0.0002350313 0 0 0 0 0 0 0.0004736026 0 0 0 0 0 0 0.0009192036 0 0 0 0 0 0 0.0002007619 0 0 0 0 0 0 0.001521437 0 0 0 0 0 0 0.006373138
29 0.0006182137 0 0 0 0 0 0 0.0001083401 0 0 0 0 0 0 0.002001724 0 0 0 0 0 0 0.001311193 0 0 0 0 0 0 0.00137682 0 0 0 0 0 0 0.006060715
30 0.002309275 0 0 0 0 0 0 0.001285336 0 0 0 0 0 0 0.001927976 0 0 0 0 0 0 0.0004038019 0 0 0 0 0 0 0.002155637 0 0 0 0 0 0 0.005970964
31 0.001096701 0 0 0 0 0 0 0.0003674709 0 0 0 0 0 0 0.001873074 0 0 0 0 0 0 0.0004157211 0 0 0 0 0 0 7.344279e-05 0 0 0 0 0 0 0.0008694276
32 7.114305e-05 0 0 0 0 0 0 0.0001513742 0 0 0 0 0 0 0.001256286 0 0 0 0 0 0 6.176369e-05 0 0 0 0 0 0 0.000200853 0 0 0 0 0 0 0.003306619
33 0.001335772 0 0 0 0 0 0 0.0001196443 0 0 0 0 0 0 7.875513e-05 0 0 0 0 0 0 0.0008706435 0 0 0 0 0 0 0.002585423 0 0 0 0 0 0 0.0006598178
34 9.334936e-06 0 0 0 0 0 0 0.001184017 0 0 0 0 0 0 0.000956317 0 0 0 0 0 0 0.001441821 0 0 0 0 0 0 0.002670858 0 0 0 0 0 0 0.0007947932
35 0.0007402076 0 0 0 0 0 0 5.353191e-05 0 0 0 0 0 0 0.0009079622 0 0 0 0 0 0 0.00201633 0 0 0 0 0 0 0.0003636184 0 0 0 0 0 0 0.008742556
36 0.001047031 0 0 0 0 0 0 8.517836e-05 0 0 0 0 0 0 0.001473899 0 0 0 0 0 0 0.0002724503 0 0 0 0 0 0 0.001212901 0 0 0 0 0 0 0.003765135
37 0.0008718917 0 0 0 0 0 0 0.001110956 0 0 0 0 0 0 0.0001038532 0 0 0 0 0 0 0.003052137 0 0 0 0 0 0 0.00388658 0 0 0 0 0 0 0.0004591084
38 0.0001990153 0 0 0 0 0 0 0.0007701077 0 0 0 0 0 0 0.0004548934 0 0 0 0 0 0 0.003063252 0 0 0 0 0 0 0.0009424262 0 0 0 0 0 0 0.001422729
39 0.001839782 0 0 0 0 0 0 0.0003014283 0 0 0 0 0 0 0.0006824174 0 0 0 0 0 0 0.001708938 0 0 0 0 0 0 0.002126432 0 0 0 0 0 0 0.00415815
40 0.001198191 0 0 0 0 0 0 0.0002759269 0 0 0 0 0 0 0.0004988183 0 0 0 0 0 0 0.001112081 0 0 0 0 0 0 0.004135271 0 0 0 0 0 0 0.004318949
41 0.0001774357 0 0 0 0 0 0 0.001684783 0 0 0 0 0 0 0.001824341 0 0 0 0 0 0 0.001809504 0 0 0 0 0 0 0.002421103 0 0 0 0 0 0 0.003968037
42 0.0007618506 0 0 0 0 0 0 0.0004288264 0 0 0 0 0 0 0.001171832 0 0 0 0 0 0 0.002633147 0 0 0 0 0 0 0.001619215 0 0 0 0 0 0 0.008556414
43 0.001187888 0 0 0 0 0 0 0.0004393808 0 0 0 0 0 0 0.0003958881 0 0 0 0 0 0 0.001194993 0 0 0 0 0 0 0.00145798 0 0 0 0 0 0 0.0001620327
44 0.0003157047 0 0 0 0 0 0 0.0002092934 0 0 0 0 0 0 8.809788e-05 0 0 0 0 0 0 0.0019185 0 0 0 0 0 0 0.001001215 0 0 0 0 0 0 0.001684272
45 0.001171028 0 0 0 0 0 0 0.0009054478 0 0 0 0 0 0 0.001186794 0 0 0 0 0 0 0.001913249 0 0 0 0 0 0 8.480873e-05 0 0 0 0 0 0 0.0009378694
46 0.0003191759 0 0 0 0 0 0 0.0002638621 0 0 0 0 0 0 0.001251914 0 0 0 0 0 0 0.001723649 0 0 0 0 0 0 0.002348636 0 0 0 0 0 0 0.001637113
47 0.001189018 0 0 0 0 0 0 0.001442806 0 0 0 0 0 0 0.0004882839 0 0 0 0 0 0 0.002140716 0 0 0 0 0 0 0.00241284 0 0 0 0 0 0 0.006427868
48 0.001028446 0 0 0 0 0 0 0.002382005 0 0 0 0 0 0 0.0007145384 0 0 0 0 0 0 0.005186462 0 0 0 0 0 0 0.003235364 0 0 0 0 0 0 0.004261107
49 0.0003847583 0 0 0 0 0 0 0.0008671585 0 0 0 0 0 0 0.001429553 0 0 0 0 0 0 0.001160216 0 0 0 0 0 0 0.003261729 0 0 0 0 0 0 0.002941136
50 0.001407735 0 0 0 0 0 0 0.0006667986 0 0 0 0 0 0 6.827077e-05 0 0 0 0 0 0 0.0005162755 0 0 0 0 0 0 0.007096945 0 0 0 0 0 0 3.309045e-05
51 0.0008998394 0 0 0 0 0 0 0.001639571 0 0 0 0 0 0 0.001023613 0 0 0 0 0 0 0.001725211 0 0 0 0 0 0 0.002144893 0 0 0 0 0 0 0.001056302
52 0.0007842005 0 0 0 0 0 0 0.00012032 0 0 0 0 0 0 0.002242533 0 0 0 0 0 0 0.001234065 0 0 0 0 0 0 0.0008984422 0 0 0 0 0 0 0.0006142596
53 0.002973106 0 0 0 0 0 0 0.0005926141 0 0 0 0 0 0 0.002657628 0 0 0 0 0 0 0.001079112 0 0 0 0 0 0 0.001048572 0 0 0 0 0 0 0.001690785
54 0.0002596772 0 0 0 0 0 0 0.0003021712 0 0 0 0 0 0 0.0007332338 0 0 0 0 0 0 0.001130321 0 0 0 0 0 0 0.002882004 0 0 0 0 0 0 0.0008359845
55 0.0003483345 0 0 0 0 0 0 0.0001499912 0 0 0 0 0 0 0.001695633 0 0 0 0 0 0 0.0004978543 0 0 0 0 0 0 0.0002862648 0 0 0 0 0 0 0.0006466119
56 0.001305648 0 0 0 0 0 0 0.0002809864 0 0 0 0 0 0 0.001489898 0 0 0 0 0 0 0.001379614 0 0 0 0 0 0 0.002843461 0 0 0 0 0 0 0.004261868
57 0.001176153 0 0 0 0 0 0 0.000350302 0 0 0 0 0 0 0.00118209 0 0 0 0 0 0 0.0007654021 0 0 0 0 0 0 0.002873237 0 0 0 0 0 0 0.002132899
58 0.003243292 0 0 0 0 0 0 0.001225824 0 0 0 0 0 0 0.001063438 0 0 0 0 0 0 0.002635092 0 0 0 0 0 0 0.002217402 0 0 0 0 0 0 0.003625758
59 0.0008499524 0 0 0 0 0 0 0.0001950339 0 0 0 0 0 0 0.001542281 0 0 0 0 0 0 0.001339211 0 0 0 0 0 0 0.002262709 0 0 0 0 0 0 0.000193498
60 0.001251144 0 0 0 0 0 0 0.0009442854 0 0 0 0 0 0 0.0002201959 0 0 0 0 0 0 0.001219649 0 0 0 0 0 0 0.00108095 0 0 0 0 0 0 0.004452111
61 5.532618e-05 0 0 0 0 0 0 0.0007771389 0 0 0 0 0 0 0.0001151214 0 0 0 0 0 0 0.001896963 0 0 0 0 0 0 0.003625025 0 0 0 0 0 0 0.002255871
62 0.0006460401 0 0 0 0 0 0 0.0006718873 0 0 0 0 0 0 0.0005141144 0 0 0 0 0 0 0.000948722 0 0 0 0 0 0 0.0004463168 0 0 0 0 0 0 0.0002572729
63 0.0003689315 0 0 0 0 0 0 0.0003923494 0 0 0 0 0 0 0.0005647467 0 0 0 0 0 0 0.0005980313 0 0 0 0 0 0 0.0001072451 0 0 0 0 0 0 0.001994495
64 0.0002212429 0 0 0 0 0 0 0.0001434433 0 0 0 0 0 0 0.001176661 0 0 0 0 0 0 0.0003883871 0 0 0 0 0 0 0.0006089633 0 0 0 0 0 0 0.0002065754
65 0.000181059 0 0 0 0 0 0 0.000522675 0 0 0 0 0 0 0.0007843339 0 0 0 0 0 0 0.001354565 0 0 0 0 0 0 0.004103029 0 0 0 0 0 0 0.004441445
66 0.002395361 0 0 0 0 0 0 0.0001846983 0 0 0 0 0 0 0.0003980085 0 0 0 0 0 0 0.0009310295 0 0 0 0 0 0 0.002293933 0 0 0 0 0 0 0.001556166
67 8.919866e-05 0 0 0 0 0 0 0.0009124505 0 0 0 0 0 0 0.0006573409 0 0 0 0 0 0 0.0002362543 0 0 0 0 0 0 2.999545e-05 0 0 0 0 0 0 0.002031688
68 0.003262907 0 0 0 0 0 0 0.001816479 0 0 0 0 0 0 0.0006617089 0 0 0 0 0 0 0.002354275 0 0 0 0 0 0 0.0003038229 0 0 0 0 0 0 0.001728163
69 0.0008434199 0 0 0 0 0 0 0.0004890859 0 0 0 0 0 0 0.0003100021 0 0 0 0 0 0 0.0008301606 0 0 0 0 0 0 0.003525521 0 0 0 0 0 0 0.005921147
70 0.0003532788 0 0 0 0 0 0 0.001461761 0 0 0 0 0 0 0.002334884 0 0 0 0 0 0 0.001785602 0 0 0 0 0 0 0.006838031 0 0 0 0 0 0 0.002776652
71 2.094158e-05 0 0 0 0 0 0 0.0003006121 0 0 0 0 0 0 0.0007208453 0 0 0 0 0 0 0.0007295269 0 0 0 0 0 0 0.001130264 0 0 0 0 0 0 0.002483868
72 0.0003854678 0 0 0 0 0 0 0.000231366 0 0 0 0 0 0 0.001322929 0 0 0 0 0 0 0.0003126216 0 0 0 0 0 0 0.001698363 0 0 0 0 0 0 0.005630785
73 0.002084979 0 0 0 0 0 0 0.0005790213 0 0 0 0 0 0 0.0001864638 0 0 0 0 0 0 0.002514074 0 0 0 0 0 0 4.315268e-05 0 0 0 0 0 0 0.0004108865
74 0.0006825343 0 0 0 0 0 0 5.033225e-05 0 0 0 0 0 0 0.0004256118 0 0 0 0 0 0 0.002920071 0 0 0 0 0 0 0.000587112 0 0 0 0 0 0 0.001425805
75 0.001316897 0 0 0 0 0 0 0.000882061 0 0 0 0 0 0 0.00104917 0 0 0 0 0 0 0.001280952 0 0 0 0 0 0 0.002692235 0 0 0 0 0 0 0.001191109
76 0.002604555 0 0 0 0 0 0 0.00045899 0 0 0 0 0 0 0.0009847695 0 0 0 0 0 0 0.0001764565 0 0 0 0 0 0 0.0005723059 0 0 0 0 0 0 0.0009987398
77 0.0005938588 0 0 0 0 0 0 0.0004085949 0 0 0 0 0 0 0.001293338 0 0 0 0 0 0 0.001161408 0 0 0 0 0 0 0.0002414768 0 0 0 0 0 0 0.001465072
78 0.001146909 0 0 0 0 0 0 0.0002163216 0 0 0 0 0 0 0.003227687 0 0 0 0 0 0 0.0004807962 0 0 0 0 0 0 0.000738175 0 0 0 0 0 0 0.0004575058
79 0.00048391 0 0 0 0 0 0 0.001810493 0 0 0 0 0 0 0.0008471422 0 0 0 0 0 0 0.003828252 0 0 0 0 0 0 0.005158436 0 0 0 0 0 0 0.00315443
80 0.002396514 0 0 0 0 0 0 9.811464e-06 0 0 0 0 0 0 0.001028816 0 0 0 0 0 0 0.0009718745 0 0 0 0 0 0 1.097301e-05 0 0 0 0 0 0 0.002594787
81 0.0006999037 0 0 0 0 0 0 0.0009093996 0 0 0 0 0 0 0.000562491 0 0 0 0 0 0 0.00303398 0 0 0 0 0 0 0.001699297 0 0 0 0 0 0 0.005706538
82 0.001848177 0 0 0 0 0 0 0.0002495378 0 0 0 0 0 0 0.00042412 0 0 0 0 0 0 0.001366612 0 0 0 0 0 0 0.0005168131 0 0 0 0 0 0 0.001572453
83 0.0001390696 0 0 0 0 0 0 0.0006915154 0 0 0 0 0 0 0.001391472 0 0 0 0 0 0 0.0001370983 0 0 0 0 0 0 0.001683047 0 0 0 0 0 0 0.001240372
84 0.002706074 0 0 0 0 0 0 0.0002695908 0 0 0 0 0 0 0.0005691577 0 0 0 0 0 0 0.0009541988 0 0 0 0 0 0 0.001354843 0 0 0 0 0 0 0.005154519
85 0.0006520804 0 0 0 0 0 0 0.000443142 0 0 0 0 0 0 0.001042571 0 0 0 0 0 0 0.001571733 0 0 0 0 0 0 0.0003925825 0 0 0 0 0 0 0.0003378815
86 0.0005698311 0 0 0 0 0 0 0.001845907 0 0 0 0 0 0 0.0001021444 0 0 0 0 0 0 0.004362908 0 0 0 0 0 0 0.0005381353 0 0 0 0 0 0 0.001432923
87 0.001074913 0 0 0 0 0 0 0.00124992 0 0 0 0 0 0 0.001539517 0 0 0 0 0 0 0.002620396 0 0 0 0 0 0 0.0002126159 0 0 0 0 0 0 0.0003822458
88 0.0006281954 0 0 0 0 0 0 0.0008412292 0 0 0 0 0 0 0.001580077 0 0 0 0 0 0 0.0005559602 0 0 0 0 0 0 0.001417235 0 0 0 0 0 0 0.0007615809
89 0.0005790248 0 0 0 0 0 0 0.0004787835 0 0 0 0 0 0 0.001770491 0 0 0 0 0 0 0.001331633 0 0 0 0 0 0 0.003021305 0 0 0 0 0 0 0.0004534209
90 0.001207952 0 0 0 0 0 0 0.001135097 0 0 0 0 0 0 0.000644267 0 0 0 0 0 0 3.211427e-05 0 0 0 0 0 0 0.00232704 0 0 0 0 0 0 0.0005338375
91 0.000629176 0 0 0 0 0 0 0.001109157 0 0 0 0 0 0 0.0009834092 0 0 0 0 0 0 0.003719861 0 0 0 0 0 0 0.0001332907 0 0 0 0 0 0 0.001331566
92 0.002931656 0 0 0 0 0 0 0.001867337 0 0 0 0 0 0 6.494648e-05 0 0 0 0 0 0 0.001413381 0 0 0 0 0 0 0.0004354647 0 0 0 0 0 0 4.901225e-05
93 0.001800045 0 0 0 0 0 0 0.0001740689 0 0 0 0 0 0 0.0006038825 0 0 0 0 0 0 0.0004099994 0 0 0 0 0 0 0.0005915732 0 0 0 0 0 0 0.002402971
94 0.0004334419 0 0 0 0 0 0 0.0002026761 0 0 0 0 0 0 0.002670788 0 0 0 0 0 0 0.001699888 0 0 0 0 0 0 0.003502217 0 0 0 0 0 0 0.002272401
95 0.000437542 0 0 0 0 0 0 0.0006630569 0 0 0 0 0 0 0.002708249 0 0 0 0 0 0 0.001044113 0 0 0 0 0 0 0.001874306 0 0 0 0 0 0 0.002810463
96 0.001426885 0 0 0 0 0 0 0.001397025 0 0 0 0 0 0 0.0002525966 0 0 0 0 0 0 0.002342836 0 0 0 0 0 0 0.0007267592 0 0 0 0 0 0 0.0004753413
97 0.0005938588 0 0 0 0 0 0 0.0004085949 0 0 0 0 0 0 0.001293338 0 0 0 0 0 0 0.001161408 0 0 0 0 0 0 0.0002414768 0 0 0 0 0 0 0.001465072
98 0.003570455 0 0 0 0 0 0 2.729887e-05 0 0 0 0 0 0 0.0001972054 0 0 0 0 0 0 0.0002968517 0 0 0 0 0 0 0.0003808457 0 0 0 0 0 0 2.646487e-05
99 0.0002716111 0 0 0 0 0 0 5.813708e-05 0 0 0 0 0 0 0.0007067809 0 0 0 0 0 0 0.0009309699 0 0 0 0 0 0 0.005219338 0 0 0 0 0 0 0.001667595
100 0.002395361 0 0 0 0 0 0 0.0001846983 0 0 0 0 0 0 0.0003980085 0 0 0 0 0 0 0.0009310295 0 0 0 0 0 0 0.002293933 0 0 0 0 0 0 0.001556166
