1 2.428117 1.605688 0.1092813
2 0.474175 0.05110206 0.6270749
3 0.9733391 0.3253089 0.6117268
4 0.1738529 0.9442214 0.3196836
5 0.6198438 0.1144634 0.1284869
6 0.6672774 0.1643415 0.6246933
7 1.085708 1.123376 1.060535
8 0.7959706 1.779677 0.1983622
9 2.78371 1.172748 0.4542378
10 0.5763553 1.651854 0.6362175
11 3.180941 0.9772882 0.7918143
12 0.2611166 2.847107 0.4253631
13 2.640486 0.6900045 1.231579
14 0.6258941 0.2437919 0.2968499
15 0.3371931 2.293898 0.1883124
16 0.3502741 2.824807 0.08266739
17 1.532616 2.665344 0.9501856
18 0.03758092 4.233898 0.04402885
19 0.1237245 1.479291 0.2366435
20 1.265784 1.470845 0.3306603
21 0.8128133 4.996756 0.4312749
22 1.865763 0.0873619 1.47318
23 1.319504 3.19453 0.4944468
24 0.5664172 0.7146443 1.500887
25 1.584834 1.417207 0.446656
26 0.2241599 0.04299878 0.07689813
27 0.07243094 1.133634 0.4349849
28 1.037548 4.745485 1.434069
29 0.3576658 2.238902 0.3420959
30 0.3207984 0.1054231 0.2194909
31 1.556963 0.8038045 2.150924
32 5.173662 1.418235 0.4829035
33 0.4149665 2.550909 0.7225358
34 0.1356572 0.06444132 0.7437636
35 0.1973502 0.5723074 0.3296518
36 1.192918 0.9646084 0.1013815
37 0.7756712 2.269837 0.5273047
38 0.07155528 0.5796875 0.08400761
39 1.94476 0.1644693 0.02076773
40 0.3810072 0.5810287 0.530865
41 0.3011604 0.5746474 0.6093385
42 1.724882 0.9195151 0.7560498
43 0.9817786 0.40972 0.6099671
44 0.6324306 1.78042 0.281511
45 0.454786 2.326355 0.0939223
46 0.5155034 1.886929 1.00737
47 0.2282718 3.497482 0.3417747
48 0.9134569 1.437998 0.1294795
49 0.6887079 1.194948 0.01227339
50 1.389832 0.6242827 0.7061823
51 0.5006047 3.083259 0.08708007
52 1.218145 0.638966 0.06525851
53 1.083814 3.969956 0.4546816
54 0.6183592 1.622746 0.2751575
55 1.173145 2.722859 1.11645
56 0.5127348 0.7291834 0.1930709
57 1.280156 0.9181128 0.407622
58 0.7032273 0.0545559 1.494678
59 0.3161073 1.560568 0.5910406
60 0.6947763 1.869588 0.1075391
61 1.264534 0.7803334 0.7344793
62 1.10051 1.186657 0.3568132
63 0.4085032 1.823176 0.3813971
64 1.724122 2.415292 0.5925892
65 0.3301639 1.309802 0.156155
66 1.153792 2.440617 0.7960557
67 3.283904 1.030804 0.11119
68 1.909951 4.65045 0.648156
69 0.9728198 3.62157 0.02109814
70 0.9208519 1.457943 1.726247
71 0.2335775 1.758505 0.6363922
72 0.1822208 3.200984 0.1000526
73 0.3575499 0.3767616 0.3856083
74 0.170615 0.5265461 0.1807661
75 0.707937 1.563501 0.2185998
76 0.06931854 0.5025282 0.5730542
77 1.503401 1.793809 0.3332756
78 1.278034 1.176112 0.4795015
79 0.01506408 1.014126 0.7706616
80 0.7360526 1.887977 0.2926653
81 1.34583 2.540974 2.016265
82 0.4591172 0.8878747 0.2730379
83 1.380129 0.8297923 0.4159656
84 0.7678829 1.997811 0.04935735
85 0.6102102 0.4283497 0.2511125
86 0.2088768 0.002759848 0.3580015
87 1.309917 2.234025 0.2847444
88 1.113696 0.7007478 0.9391623
89 0.18845 2.832119 1.401491
90 0.9317196 2.354676 0.2528073
91 1.302976 2.465856 0.5770712
92 0.7295165 0.1996758 1.114818
93 0.06379097 0.8961526 0.4406066
94 0.9733391 0.3253089 0.6117268
95 2.640486 0.6900045 1.231579
96 1.532616 2.665344 0.9501856
97 1.503401 1.793809 0.3332756
98 0.5763553 1.651854 0.6362175
99 1.085708 1.123376 1.060535
100 1.153792 2.440617 0.7960557
