1 0.0132489 0.000498113 0.01275079
2 0.0009847237 0.00172976 0.002714484
3 0.002873415 0.002073714 0.0007997014
4 0.0002297949 0.001312996 0.001083201
5 0.004077178 5.794564e-06 0.004082972
6 0.00074614 0.002896834 0.003642974
7 0.002246534 0.0001482929 0.002098241
8 0.00198333 0.0004731306 0.001510199
9 0.001794 0.004537202 0.006331202
10 0.001042508 0.0001939035 0.001236412
11 0.002336501 7.040739e-06 0.002329461
12 0.001357201 0.0001154997 0.001472701
13 0.006552448 1.346799e-05 0.006565916
14 0.004949317 0.000109568 0.004839749
15 0.001441877 3.510146e-05 0.001476978
16 8.804234e-05 0.0004470962 0.0003590538
17 0.002829579 0.001165545 0.003995124
18 0.006983121 1.294166e-06 0.006981827
19 0.02048157 8.987741e-06 0.02047259
20 0.00228781 0.001769899 0.0005179116
21 0.004076807 0.002672672 0.001404135
22 0.01315912 0.000229858 0.01292926
23 0.0003835989 8.35432e-06 0.0003752445
24 0.004331177 0.0007570611 0.003574116
25 0.002856807 2.247144e-05 0.002879278
26 0.001952022 0.001244049 0.0007079726
27 0.007324311 0.001628838 0.005695473
28 0.003607347 1.302928e-05 0.003620376
29 0.001602267 2.487834e-05 0.001577389
30 0.001001043 0.001156097 0.00215714
31 0.005150375 0.0002341589 0.004916216
32 0.003980994 9.587213e-05 0.003885122
33 0.005707048 0.001337707 0.007044755
34 0.005801286 0.001296044 0.004505242
35 0.0006584846 6.288123e-06 0.0006647727
36 0.005354821 6.626426e-05 0.005421085
37 0.0002775003 0.0002781536 6.532317e-07
38 0.0008224256 0.004610513 0.005432939
39 0.00765862 0.002208129 0.009866748
40 0.007062797 0.003543018 0.003519779
41 0.001310322 0.003209185 0.004519507
42 0.0008316502 7.193435e-06 0.0008388436
43 0.009673446 0.002595969 0.007077478
44 0.0007382424 0.001119176 0.001857418
45 0.0002136315 0.001690038 0.001476407
46 0.01058108 0.002701294 0.007879781
47 0.001871707 0.002800968 0.004672675
48 0.00414035 1.292164e-05 0.004127428
49 0.003091079 0.001476425 0.004567504
50 0.001721557 0.0007407979 0.0009807595
51 0.001482902 0.0003451887 0.001828091
52 0.005277391 0.0004227403 0.005700132
53 0.001616038 0.001337203 0.002953241
54 0.002716114 8.566624e-05 0.002801781
55 0.002237475 4.589292e-06 0.002242065
56 0.007629654 1.777355e-05 0.007647427
57 0.01209757 0.001794956 0.01030261
58 0.001177819 5.154399e-05 0.001229363
59 0.002708996 0.00443387 0.001724875
60 0.007969211 0.0007962797 0.007172931
61 0.00230842 7.114535e-05 0.002379565
62 0.006184998 0.00303806 0.003146938
63 0.003901208 8.690658e-06 0.003892518
64 0.006751738 0.001854181 0.008605919
65 0.001548146 5.780643e-05 0.001490339
66 0.006889548 4.119719e-05 0.006848351
67 0.007356584 4.170906e-05 0.007314874
68 0.0003063969 0.003273176 0.003579573
69 0.01250769 0.003316817 0.01582451
70 0.004087703 8.06686e-06 0.004079636
71 0.003156948 4.620272e-05 0.00320315
72 0.01261321 0.001528203 0.011085
73 0.0003886979 0.002372297 0.002760995
74 0.004898749 1.847043e-05 0.004880279
75 0.001357396 0.004600934 0.003243538
76 0.005242222 0.0002643063 0.004977916
77 0.001298743 8.164141e-05 0.001380384
78 0.00536334 0.0002331836 0.005130157
79 0.004276221 1.689354e-05 0.004293114
80 0.0003526955 5.487938e-05 0.0004075749
81 0.002893862 1.035077e-06 0.002894898
82 0.003451623 1.243034e-06 0.003452866
83 0.0004466238 7.230804e-05 0.0003743157
84 0.0009863764 2.756721e-05 0.001013944
85 0.002106652 0.001367773 0.000738879
86 0.003243459 0.0007986603 0.00404212
87 0.0004327031 0.001968814 0.001536111
88 0.0173336 0.0004323895 0.01776599
89 0.008599261 0.00130288 0.009902141
90 0.006643633 1.501303e-05 0.00662862
91 0.005054243 3.441138e-05 0.005019832
92 0.001305986 0.0001178653 0.001188121
93 0.002341767 1.865782e-05 0.002323109
94 0.002873415 0.002073714 0.0007997014
95 0.006552448 1.346799e-05 0.006565916
96 0.002829579 0.001165545 0.003995124
97 0.001298743 8.164141e-05 0.001380384
98 0.001042508 0.0001939035 0.001236412
99 0.002246534 0.0001482929 0.002098241
100 0.006889548 4.119719e-05 0.006848351
