1 0.3541123 1.059717 0.1728477 0.217734 0.01915011 0.6085698
2 0.5313404 0.2553399 1.604636 0.9830166 0.4596699 0.4988249
3 0.3889853 0.1946634 0.7730466 0.47055 1.045252 0.4942079
4 0.4042739 0.8418253 0.2214652 0.4374766 0.2059511 0.4545187
5 0.4134055 0.5421012 1.574801 0.8127143 0.2394361 1.070465
6 0.1991694 0.3057697 1.038913 0.5601545 0.3042826 0.1755742
7 0.005614843 0.002150464 0.375101 0.5085701 0.2976456 0.7973157
8 0.130433 0.3481868 1.003306 1.068025 1.045133 0.7295798
9 0.2377595 0.4361302 0.1636259 0.04388203 0.02450119 0.578384
10 0.5764026 0.7755934 0.6965429 0.1586653 0.2750553 0.2038196
11 0.2837657 0.06485688 0.01892088 0.4000635 0.7554088 0.8773441
12 0.3791784 0.3173343 0.005682316 0.02134002 0.1821919 0.4100264
13 0.2061708 0.5340046 0.6824733 1.515741 1.373443 0.9096185
14 0.7804926 0.5374925 0.20535 0.346042 0.01038818 0.3231459
15 0.5356034 0.2639789 0.203632 0.5447436 0.1307906 0.433743
16 0.2470955 0.308896 0.5705509 0.06544068 0.5967632 0.2815211
17 0.2484024 0.1157902 0.418845 0.2349937 0.2582873 0.6696343
18 0.4055514 0.2150043 1.205809 1.644138 0.4879451 0.1907607
19 0.1659231 0.6600533 0.4117781 0.152656 0.2932262 0.3550362
20 0.1569168 0.4145059 0.8184532 1.095708 0.01948379 0.3330799
21 0.09765728 0.5737617 0.03145322 0.3389537 0.5310981 0.4479933
22 0.3930494 0.5617078 0.8547337 0.6125813 0.6220384 0.5707942
23 0.4370472 0.0139243 1.372724 1.059728 0.2538508 0.4501511
24 0.2839246 0.08120374 0.5339712 0.05208751 0.4589832 0.8513005
25 0.5274676 0.1964966 0.8570893 0.8440474 0.3180999 0.6886262
26 0.2075488 0.238916 0.1186848 0.2443333 1.005145 0.2737797
27 0.3581771 0.02422442 0.4468594 0.08459601 0.2937599 0.1045261
28 0.2645067 0.03582051 1.094801 0.5102325 0.03548675 0.1346482
29 0.2495848 0.02365849 0.2885949 0.2621127 0.02821315 0.01945211
30 0.4562227 0.1113194 1.227628 1.912227 0.5040805 0.1449898
31 0.5193623 0.07135949 0.4184933 0.0992189 0.2408989 0.0230588
32 0.1166659 0.20421 0.7542923 0.3695084 0.5275118 0.317397
33 0.219662 0.1705665 0.3028664 0.918152 0.6651557 0.8927819
34 0.603285 0.5432132 0.8005813 0.5971071 0.4883107 0.07590972
35 0.01171565 0.255773 0.354215 0.4823558 0.5253188 0.5973554
36 0.5047681 0.2947655 2.11812 1.861208 0.1205033 0.1364478
37 0.0169543 0.3106227 0.8222322 0.4543441 0.4384355 0.31925
38 0.130518 0.01963918 0.4314849 0.6239288 0.4537566 0.4376971
39 0.03288214 0.3497014 0.01767607 0.2445641 0.1158471 0.2473844
40 0.4041402 0.2258962 0.3843262 0.7054349 0.1102354 0.3845833
41 0.215825 0.279578 0.7553049 0.1326425 0.2126843 0.02435432
42 0.6184981 0.70902 1.371511 2.242793 0.8562919 0.563436
43 0.8041179 0.2663809 0.8350072 1.423555 1.027455 1.141771
44 0.6855412 0.8402623 0.3918825 0.7839001 0.2808626 0.07538475
45 0.1851649 0.1464392 0.5138551 0.05274545 1.143668 0.7607066
46 0.418312 0.5360634 0.2954158 0.6260575 0.8260662 0.2847206
47 0.1675312 0.2396792 0.6532944 1.519688 0.01399104 0.2017438
48 0.3317243 0.03919241 0.3061744 0.1355207 1.14911 1.182713
49 0.2566448 0.1202063 0.3080577 1.134851 2.096096 1.025928
50 0.05505816 0.2602652 0.5005472 0.2411176 0.5751461 0.5127675
51 0.3861033 0.5600209 0.5722819 1.036964 0.3299883 0.6976492
52 0.1817139 0.4876771 0.9903553 0.65091 0.1270759 0.5055625
53 0.4922028 0.02049201 0.4470077 0.3938793 0.0925706 0.2543521
54 0.04302184 0.5244967 0.08864078 0.9968672 0.2822989 0.1591419
55 0.5670026 0.1022199 0.2810717 0.6710682 0.2253005 0.3798045
56 0.003246862 0.4237766 0.5238658 0.1215946 0.006930457 0.2169316
57 0.08361659 0.132443 0.008147975 0.1279891 0.2632789 0.2903976
58 0.9086195 0.4500424 0.6006852 0.8699319 0.5076772 0.03479242
59 0.08180861 0.302789 0.2843673 0.890235 0.5022582 0.117288
60 0.8201097 0.3669579 0.6996519 0.3445588 0.3243285 0.5379513
61 0.131908 0.1078336 0.4297192 0.01793147 0.5374816 0.2119996
62 0.09722651 0.07952604 0.5869603 0.8021933 0.3231477 0.09291934
63 0.2490228 0.03487334 0.4224087 0.1019299 0.07651899 0.3554924
64 0.6135932 0.2007794 1.072502 1.6937 1.152102 0.8871604
65 0.2109569 0.03739418 0.5423229 0.5688413 0.3245127 0.3771046
66 0.1658468 0.274679 1.494806 0.4611198 0.2352606 0.2693935
67 0.08062181 0.2012783 0.1628161 0.08415298 0.5509374 0.8566245
68 0.05100943 0.003467499 0.5467578 0.1134484 0.2924807 0.3278429
69 0.4691585 0.4409262 0.7647732 0.2710471 0.4889293 0.1872709
70 0.00475143 0.02701648 0.4091876 0.5847547 0.3924494 0.5228795
71 0.7956798 0.5728512 1.502105 0.5668569 0.1207404 0.3484363
72 0.06067075 0.004939761 0.4340585 0.508423 0.9364594 0.964846
73 0.008764183 0.2106801 0.8232649 0.1352837 0.2148041 0.3746218
74 0.4431828 0.3675383 0.7482197 1.058474 1.399158 0.8711999
75 0.4107653 0.1204893 0.4017684 0.5669677 0.2641693 0.3598292
76 0.1241177 0.3921726 1.056948 1.436065 0.3332699 0.2990225
77 0.01345908 0.2088869 2.055584 1.723193 0.262761 0.09971158
78 0.1417172 0.7100755 0.2473083 0.353843 0.280606 0.8958804
79 0.006097979 0.02902595 0.6590659 0.6785228 0.7785381 0.1239528
80 0.06682998 0.5505712 0.3315006 0.5485025 0.38484 0.2898447
81 0.2234174 0.9842655 0.07440022 0.6917521 0.7120973 0.7072589
82 0.8592711 0.5379704 0.19218 0.1123037 0.1341825 0.1690793
83 0.1269517 0.05050444 1.090438 1.241709 1.011488 1.259308
84 0.3147118 0.3864287 0.6686411 0.1258233 0.8743748 1.001857
85 0.08515788 0.2616036 0.5083569 1.713311 0.8463631 0.5652078
86 0.422909 0.01242022 0.2640426 0.2092913 0.2470232 0.1156518
87 0.07809213 0.134861 0.09957055 0.2066061 0.8438752 0.3890378
88 0.8327355 0.831047 0.9110918 0.09936044 0.59811 0.1668209
89 0.0194407 0.3155006 0.975371 0.9818038 0.09272117 0.1767919
90 0.3824202 0.673864 0.2737695 0.09556954 0.07239322 0.1135934
91 0.08623423 0.1287428 0.489583 0.3954909 0.5668955 0.3518235
92 0.1237652 0.01192024 0.9608588 0.08273886 0.5552935 0.4928334
93 0.5844208 0.2978425 0.6729145 0.3335347 0.1254881 0.6594384
94 0.3889853 0.1946634 0.7730466 0.47055 1.045252 0.4942079
95 0.2061708 0.5340046 0.6824733 1.515741 1.373443 0.9096185
96 0.2484024 0.1157902 0.418845 0.2349937 0.2582873 0.6696343
97 0.01345908 0.2088869 2.055584 1.723193 0.262761 0.09971158
98 0.5764026 0.7755934 0.6965429 0.1586653 0.2750553 0.2038196
99 0.005614843 0.002150464 0.375101 0.5085701 0.2976456 0.7973157
100 0.1658468 0.274679 1.494806 0.4611198 0.2352606 0.2693935
