1 0.0003776603 0 0 0 0 0 0 0.000791966 0 0 0 0 0 0 0.0002358884 0 0 0 0 0 0 0.002546796 0 0 0 0 0 0 0.001644957 0 0 0 0 0 0 0.0002366643
2 0.001241552 0 0 0 0 0 0 0.0001192684 0 0 0 0 0 0 0.001300181 0 0 0 0 0 0 0.001177084 0 0 0 0 0 0 0.001294738 0 0 0 0 0 0 0.0007207212
3 0.0006551311 0 0 0 0 0 0 0.0001468881 0 0 0 0 0 0 2.054085e-05 0 0 0 0 0 0 0.0004447366 0 0 0 0 0 0 0.0008042069 0 0 0 0 0 0 0.0009458871
4 0.0002392984 0 0 0 0 0 0 0.0003692624 0 0 0 0 0 0 0.0002900875 0 0 0 0 0 0 0.0001111369 0 0 0 0 0 0 0.001105932 0 0 0 0 0 0 0.001366614
5 0.0006881954 0 0 0 0 0 0 0.0008339161 0 0 0 0 0 0 0.001317274 0 0 0 0 0 0 0.0002803462 0 0 0 0 0 0 0.0003833932 0 0 0 0 0 0 0.002299444
6 0.0002988915 0 0 0 0 0 0 0.0007839008 0 0 0 0 0 0 0.0002431242 0 0 0 0 0 0 0.001435358 0 0 0 0 0 0 0.0005873561 0 0 0 0 0 0 0.0006396965
7 0.0006274519 0 0 0 0 0 0 1.291476e-06 0 0 0 0 0 0 0.0003548074 0 0 0 0 0 0 3.912964e-05 0 0 0 0 0 0 0.00183096 0 0 0 0 0 0 0.001560664
8 0.002676817 0 0 0 0 0 0 0.0004870354 0 0 0 0 0 0 0.0004226458 0 0 0 0 0 0 0.0002830425 0 0 0 0 0 0 0.001663369 0 0 0 0 0 0 0.0003441439
9 0.0004778551 0 0 0 0 0 0 2.956388e-05 0 0 0 0 0 0 0.0006740767 0 0 0 0 0 0 2.696238e-05 0 0 0 0 0 0 0.0009763907 0 0 0 0 0 0 0.0008064515
10 0.0006842498 0 0 0 0 0 0 0.0001779669 0 0 0 0 0 0 0.0004842832 0 0 0 0 0 0 0.001025379 0 0 0 0 0 0 0.00153707 0 0 0 0 0 0 0.001590306
11 0.001033834 0 0 0 0 0 0 0.0006395827 0 0 0 0 0 0 6.103546e-05 0 0 0 0 0 0 0.000309704 0 0 0 0 0 0 0.0001178549 0 0 0 0 0 0 0.003178846
12 0.0003439643 0 0 0 0 0 0 0.000165637 0 0 0 0 0 0 0.001337972 0 0 0 0 0 0 0.0009083018 0 0 0 0 0 0 0.0005827751 0 0 0 0 0 0 0.0006541733
13 0.00014828 0 0 0 0 0 0 2.332636e-05 0 0 0 0 0 0 0.0002419267 0 0 0 0 0 0 0.000296778 0 0 0 0 0 0 0.000247692 0 0 0 0 0 0 0.0004953363
14 0.001985676 0 0 0 0 0 0 0.0004135932 0 0 0 0 0 0 1.982823e-06 0 0 0 0 0 0 0.0007610054 0 0 0 0 0 0 0.0001456016 0 0 0 0 0 0 2.935391e-06
15 0.0003699623 0 0 0 0 0 0 0.0005678777 0 0 0 0 0 0 0.0007215483 0 0 0 0 0 0 0.0009673206 0 0 0 0 0 0 0.0009946619 0 0 0 0 0 0 0.005753684
16 0.0009161654 0 0 0 0 0 0 0.0004844906 0 0 0 0 0 0 0.0007675476 0 0 0 0 0 0 0.0002826026 0 0 0 0 0 0 0.00241767 0 0 0 0 0 0 0.002142104
17 0.0007411239 0 0 0 0 0 0 0.0006132298 0 0 0 0 0 0 0.0001860486 0 0 0 0 0 0 0.0002851924 0 0 0 0 0 0 0.001013467 0 0 0 0 0 0 0.0003414155
18 0.0004038362 0 0 0 0 0 0 0.000267749 0 0 0 0 0 0 0.0006171712 0 0 0 0 0 0 0.00196776 0 0 0 0 0 0 0.001184737 0 0 0 0 0 0 0.004415897
19 0.001452389 0 0 0 0 0 0 0.0002917883 0 0 0 0 0 0 0.001480046 0 0 0 0 0 0 0.0008729936 0 0 0 0 0 0 1.921014e-05 0 0 0 0 0 0 0.001703386
20 0.0009072023 0 0 0 0 0 0 0.0002355185 0 0 0 0 0 0 0.0001944907 0 0 0 0 0 0 0.0009760043 0 0 0 0 0 0 0.0006533248 0 0 0 0 0 0 0.002154932
21 0.001455969 0 0 0 0 0 0 0.0005045474 0 0 0 0 0 0 0.0005822349 0 0 0 0 0 0 0.000432094 0 0 0 0 0 0 0.001166002 0 0 0 0 0 0 0.001301345
22 0.0007020648 0 0 0 0 0 0 0.0007562519 0 0 0 0 0 0 0.001237377 0 0 0 0 0 0 0.001003447 0 0 0 0 0 0 0.0005012973 0 0 0 0 0 0 0.003665603
23 0.0001158062 0 0 0 0 0 0 0.000410147 0 0 0 0 0 0 0.0002885803 0 0 0 0 0 0 0.001408909 0 0 0 0 0 0 0.0001697768 0 0 0 0 0 0 0.0007528639
24 0.001005857 0 0 0 0 0 0 0.0004067842 0 0 0 0 0 0 0.001393267 0 0 0 0 0 0 0.0003731267 0 0 0 0 0 0 0.0001813605 0 0 0 0 0 0 0.001603758
25 0.0009749412 0 0 0 0 0 0 0.0003752761 0 0 0 0 0 0 0.0003455365 0 0 0 0 0 0 0.0003686842 0 0 0 0 0 0 0.001110497 0 0 0 0 0 0 6.071326e-05
26 0.001080514 0 0 0 0 0 0 2.878704e-05 0 0 0 0 0 0 0.001173117 0 0 0 0 0 0 0.0008764549 0 0 0 0 0 0 0.002484039 0 0 0 0 0 0 2.796787e-05
27 3.284037e-06 0 0 0 0 0 0 9.87272e-05 0 0 0 0 0 0 0.0006273503 0 0 0 0 0 0 0.001303653 0 0 0 0 0 0 0.003101096 0 0 0 0 0 0 0.000878619
28 0.0004715684 0 0 0 0 0 0 5.06673e-06 0 0 0 0 0 0 0.001125662 0 0 0 0 0 0 0.0001469496 0 0 0 0 0 0 9.129535e-05 0 0 0 0 0 0 0.003334826
29 0.002959567 0 0 0 0 0 0 0.0008096092 0 0 0 0 0 0 9.496056e-05 0 0 0 0 0 0 0.000685411 0 0 0 0 0 0 0.002216524 0 0 0 0 0 0 0.0006004591
30 0.001364688 0 0 0 0 0 0 0.0005677209 0 0 0 0 0 0 0.001525685 0 0 0 0 0 0 0.0005844143 0 0 0 0 0 0 0.0007330032 0 0 0 0 0 0 0.001254301
31 0.0009845346 0 0 0 0 0 0 0.0006598346 0 0 0 0 0 0 0.0001810227 0 0 0 0 0 0 0.0006105769 0 0 0 0 0 0 0.001543915 0 0 0 0 0 0 0.0001768884
32 0.0001367137 0 0 0 0 0 0 0.0001608342 0 0 0 0 0 0 0.001373701 0 0 0 0 0 0 0.0003640945 0 0 0 0 0 0 0.001270159 0 0 0 0 0 0 0.000669383
33 0.00117848 0 0 0 0 0 0 0.0006866796 0 0 0 0 0 0 0.0005223069 0 0 0 0 0 0 0.001601865 0 0 0 0 0 0 0.0003673255 0 0 0 0 0 0 0.0002884418
34 0.001285361 0 0 0 0 0 0 0.0007358696 0 0 0 0 0 0 0.001421657 0 0 0 0 0 0 0.001118081 0 0 0 0 0 0 0.001798615 0 0 0 0 0 0 0.0006970744
35 0.001541984 0 0 0 0 0 0 0.0002532562 0 0 0 0 0 0 0.001140879 0 0 0 0 0 0 0.001193164 0 0 0 0 0 0 0.001658799 0 0 0 0 0 0 0.002704923
36 0.0003328821 0 0 0 0 0 0 0.0002757269 0 0 0 0 0 0 0.0007517199 0 0 0 0 0 0 0.0001474586 0 0 0 0 0 0 0.0009545964 0 0 0 0 0 0 0.001109595
37 0.0009495124 0 0 0 0 0 0 0.0003178666 0 0 0 0 0 0 0.001942272 0 0 0 0 0 0 0.001566228 0 0 0 0 0 0 0.0003617624 0 0 0 0 0 0 0.00148272
38 0.001149394 0 0 0 0 0 0 0.0005343275 0 0 0 0 0 0 0.001120291 0 0 0 0 0 0 0.000793186 0 0 0 0 0 0 0.0007787453 0 0 0 0 0 0 0.0003025986
39 0.0006645763 0 0 0 0 0 0 0.0006137699 0 0 0 0 0 0 0.0005680955 0 0 0 0 0 0 0.00117932 0 0 0 0 0 0 0.0001782263 0 0 0 0 0 0 0.001254356
40 0.0005857174 0 0 0 0 0 0 0.000683861 0 0 0 0 0 0 0.001240724 0 0 0 0 0 0 0.001495134 0 0 0 0 0 0 0.0001116786 0 0 0 0 0 0 0.001484252
41 0.0009193057 0 0 0 0 0 0 0.0001442198 0 0 0 0 0 0 0.0008782216 0 0 0 0 0 0 0.001858642 0 0 0 0 0 0 0.002472655 0 0 0 0 0 0 0.0006821327
42 0.002207631 0 0 0 0 0 0 0.0003785159 0 0 0 0 0 0 0.001425618 0 0 0 0 0 0 0.0004941364 0 0 0 0 0 0 0.0001567311 0 0 0 0 0 0 0.0003158794
43 0.0008468882 0 0 0 0 0 0 0.001088864 0 0 0 0 0 0 0.001097744 0 0 0 0 0 0 0.0008403155 0 0 0 0 0 0 0.001581438 0 0 0 0 0 0 0.001460799
44 0.0007744771 0 0 0 0 0 0 0.0001371334 0 0 0 0 0 0 0.0002286817 0 0 0 0 0 0 0.0003236068 0 0 0 0 0 0 0.002086067 0 0 0 0 0 0 0.003215317
45 0.001049375 0 0 0 0 0 0 0.000386817 0 0 0 0 0 0 0.001352631 0 0 0 0 0 0 0.0008327447 0 0 0 0 0 0 0.0006794061 0 0 0 0 0 0 0.002940007
46 0.0001532713 0 0 0 0 0 0 0.0001078853 0 0 0 0 0 0 0.0002267788 0 0 0 0 0 0 0.0008391087 0 0 0 0 0 0 0.001987499 0 0 0 0 0 0 0.001438359
47 0.000642853 0 0 0 0 0 0 0.0003046557 0 0 0 0 0 0 0.0004813465 0 0 0 0 0 0 0.0001384338 0 0 0 0 0 0 0.0003340053 0 0 0 0 0 0 0.000990827
48 0.0005149663 0 0 0 0 0 0 0.0005899726 0 0 0 0 0 0 0.0008132922 0 0 0 0 0 0 0.0003158953 0 0 0 0 0 0 0.0007077782 0 0 0 0 0 0 0.0003442097
49 0.0005474136 0 0 0 0 0 0 0.0001869013 0 0 0 0 0 0 0.0004601565 0 0 0 0 0 0 0.002383243 0 0 0 0 0 0 0.001111632 0 0 0 0 0 0 0.00409312
50 0.0008312421 0 0 0 0 0 0 0.0003365738 0 0 0 0 0 0 0.0002233201 0 0 0 0 0 0 0.001908508 0 0 0 0 0 0 0.001362705 0 0 0 0 0 0 0.0003971439
51 0.0002139633 0 0 0 0 0 0 0.0004524151 0 0 0 0 0 0 0.001090495 0 0 0 0 0 0 0.000264642 0 0 0 0 0 0 0.001171458 0 0 0 0 0 0 0.001293851
52 0.001390956 0 0 0 0 0 0 0.0001927857 0 0 0 0 0 0 0.000174241 0 0 0 0 0 0 0.00079433 0 0 0 0 0 0 0.001339955 0 0 0 0 0 0 0.002936907
53 0.0003994615 0 0 0 0 0 0 0.000359259 0 0 0 0 0 0 9.264606e-07 0 0 0 0 0 0 0.001126529 0 0 0 0 0 0 0.002062356 0 0 0 0 0 0 0.0009324202
54 7.715667e-05 0 0 0 0 0 0 0.0001500277 0 0 0 0 0 0 0.0006609375 0 0 0 0 0 0 0.002050336 0 0 0 0 0 0 0.0005299233 0 0 0 0 0 0 0.00269565
55 0.001495222 0 0 0 0 0 0 0.000350052 0 0 0 0 0 0 0.0005496417 0 0 0 0 0 0 0.001123592 0 0 0 0 0 0 0.0002025521 0 0 0 0 0 0 0.00102818
56 0.0008384714 0 0 0 0 0 0 0.0008926178 0 0 0 0 0 0 0.0005422725 0 0 0 0 0 0 4.923763e-05 0 0 0 0 0 0 0.0007747921 0 0 0 0 0 0 0.0003686532
57 0.001009869 0 0 0 0 0 0 0.0004075559 0 0 0 0 0 0 0.0001681625 0 0 0 0 0 0 0.001683631 0 0 0 0 0 0 0.001437223 0 0 0 0 0 0 0.001645335
58 0.0007618501 0 0 0 0 0 0 0.0003333429 0 0 0 0 0 0 0.0001025135 0 0 0 0 0 0 0.0005483798 0 0 0 0 0 0 0.0005861991 0 0 0 0 0 0 8.4625e-06
59 9.2993e-05 0 0 0 0 0 0 7.93021e-05 0 0 0 0 0 0 0.0009187785 0 0 0 0 0 0 0.0001197446 0 0 0 0 0 0 0.002231535 0 0 0 0 0 0 0.001814818
60 0.0002150098 0 0 0 0 0 0 3.459956e-06 0 0 0 0 0 0 0.0006007279 0 0 0 0 0 0 0.0005655291 0 0 0 0 0 0 0.0007003109 0 0 0 0 0 0 0.004385089
61 4.671545e-05 0 0 0 0 0 0 0.000252358 0 0 0 0 0 0 0.001147416 0 0 0 0 0 0 0.0002144238 0 0 0 0 0 0 0.001747472 0 0 0 0 0 0 0.0005302467
62 0.0001054673 0 0 0 0 0 0 0.0002609818 0 0 0 0 0 0 0.001370267 0 0 0 0 0 0 0.0004451616 0 0 0 0 0 0 0.001895597 0 0 0 0 0 0 0.0009142779
63 0.001563312 0 0 0 0 0 0 0.0004007371 0 0 0 0 0 0 0.001780487 0 0 0 0 0 0 8.481186e-05 0 0 0 0 0 0 0.0007456733 0 0 0 0 0 0 0.001038475
64 0.001030889 0 0 0 0 0 0 0.0001911483 0 0 0 0 0 0 0.0008470786 0 0 0 0 0 0 0.001460886 0 0 0 0 0 0 0.00317658 0 0 0 0 0 0 0.0003763079
65 0.0001014289 0 0 0 0 0 0 0.0005610484 0 0 0 0 0 0 0.0003313409 0 0 0 0 0 0 0.0004924929 0 0 0 0 0 0 0.0007593127 0 0 0 0 0 0 0.004364925
66 0.001190236 0 0 0 0 0 0 0.0001841638 0 0 0 0 0 0 0.0007400959 0 0 0 0 0 0 0.0002548585 0 0 0 0 0 0 0.002162194 0 0 0 0 0 0 0.001040763
67 0.002997657 0 0 0 0 0 0 0.000732516 0 0 0 0 0 0 0.001629139 0 0 0 0 0 0 0.0006316886 0 0 0 0 0 0 0.001572006 0 0 0 0 0 0 0.0008494484
68 0.002124387 0 0 0 0 0 0 0.0005493276 0 0 0 0 0 0 0.0005930823 0 0 0 0 0 0 0.001058995 0 0 0 0 0 0 0.0002115773 0 0 0 0 0 0 0.003199463
69 0.001050018 0 0 0 0 0 0 0.0009833742 0 0 0 0 0 0 0.001736098 0 0 0 0 0 0 0.001400178 0 0 0 0 0 0 0.0014193 0 0 0 0 0 0 0.001093426
70 0.0004607188 0 0 0 0 0 0 0.0009885401 0 0 0 0 0 0 0.000358364 0 0 0 0 0 0 0.001982733 0 0 0 0 0 0 0.00183499 0 0 0 0 0 0 0.001565894
71 0.0003967114 0 0 0 0 0 0 0.0005553879 0 0 0 0 0 0 0.0005027005 0 0 0 0 0 0 0.001461154 0 0 0 0 0 0 0.001839458 0 0 0 0 0 0 0.001082074
72 0.001063701 0 0 0 0 0 0 0.0003091041 0 0 0 0 0 0 0.001413378 0 0 0 0 0 0 0.0009726814 0 0 0 0 0 0 0.002913296 0 0 0 0 0 0 0.0005399079
73 0.0005264357 0 0 0 0 0 0 0.0004029683 0 0 0 0 0 0 2.536939e-05 0 0 0 0 0 0 0.0004080857 0 0 0 0 0 0 0.0003862478 0 0 0 0 0 0 0.003195305
74 0.0005770409 0 0 0 0 0 0 0.000762602 0 0 0 0 0 0 8.207213e-05 0 0 0 0 0 0 0.001981181 0 0 0 0 0 0 0.002863672 0 0 0 0 0 0 0.002243035
75 0.0004042135 0 0 0 0 0 0 0.000460818 0 0 0 0 0 0 0.001712488 0 0 0 0 0 0 0.0007130471 0 0 0 0 0 0 0.001151699 0 0 0 0 0 0 0.002605913
76 0.0005301194 0 0 0 0 0 0 0.0001380091 0 0 0 0 0 0 0.0005970578 0 0 0 0 0 0 0.0009636605 0 0 0 0 0 0 0.001127871 0 0 0 0 0 0 0.003890709
77 0.0005470953 0 0 0 0 0 0 3.63026e-05 0 0 0 0 0 0 0.002042276 0 0 0 0 0 0 0.0002907933 0 0 0 0 0 0 0.003508509 0 0 0 0 0 0 0.001734387
78 0.0007622544 0 0 0 0 0 0 0.0005621727 0 0 0 0 0 0 0.0001027994 0 0 0 0 0 0 0.001191575 0 0 0 0 0 0 0.0001589394 0 0 0 0 0 0 0.0008606876
79 0.001924442 0 0 0 0 0 0 0.0006119476 0 0 0 0 0 0 0.001429053 0 0 0 0 0 0 0.002450402 0 0 0 0 0 0 0.003926168 0 0 0 0 0 0 0.0004149747
80 0.001017383 0 0 0 0 0 0 0.0002295539 0 0 0 0 0 0 0.001071923 0 0 0 0 0 0 0.001269504 0 0 0 0 0 0 0.0009895435 0 0 0 0 0 0 0.001244521
81 0.001431749 0 0 0 0 0 0 0.0001069976 0 0 0 0 0 0 0.0004371464 0 0 0 0 0 0 0.001873921 0 0 0 0 0 0 0.003313665 0 0 0 0 0 0 0.004469472
82 0.001465107 0 0 0 0 0 0 0.0005942055 0 0 0 0 0 0 0.001789649 0 0 0 0 0 0 0.0004826993 0 0 0 0 0 0 0.0007646961 0 0 0 0 0 0 0.001855919
83 0.001610422 0 0 0 0 0 0 0.0007828352 0 0 0 0 0 0 0.0005506788 0 0 0 0 0 0 0.001599829 0 0 0 0 0 0 0.00351872 0 0 0 0 0 0 0.001745629
84 0.001109974 0 0 0 0 0 0 0.000802584 0 0 0 0 0 0 0.0004770974 0 0 0 0 0 0 0.001301755 0 0 0 0 0 0 0.0003188655 0 0 0 0 0 0 0.00110496
85 0.0005904659 0 0 0 0 0 0 7.730995e-05 0 0 0 0 0 0 0.001036185 0 0 0 0 0 0 8.106655e-05 0 0 0 0 0 0 0.001063032 0 0 0 0 0 0 0.00264495
86 0.000579647 0 0 0 0 0 0 0.0002885703 0 0 0 0 0 0 0.001638067 0 0 0 0 0 0 0.0001151725 0 0 0 0 0 0 7.339518e-05 0 0 0 0 0 0 0.001957762
87 0.000224568 0 0 0 0 0 0 9.126705e-06 0 0 0 0 0 0 0.001399252 0 0 0 0 0 0 0.0004583306 0 0 0 0 0 0 0.0007822793 0 0 0 0 0 0 1.693079e-05
88 0.001157511 0 0 0 0 0 0 0.0005330539 0 0 0 0 0 0 2.156787e-05 0 0 0 0 0 0 6.871264e-05 0 0 0 0 0 0 0.0006019813 0 0 0 0 0 0 0.002926571
89 0.0003514952 0 0 0 0 0 0 0.0006489404 0 0 0 0 0 0 0.002694571 0 0 0 0 0 0 0.00162575 0 0 0 0 0 0 0.005349947 0 0 0 0 0 0 0.001542802
90 0.002238979 0 0 0 0 0 0 3.580308e-05 0 0 0 0 0 0 0.001107498 0 0 0 0 0 0 0.0005248624 0 0 0 0 0 0 6.374619e-05 0 0 0 0 0 0 0.001597011
91 0.000529004 0 0 0 0 0 0 3.129163e-06 0 0 0 0 0 0 0.0003053379 0 0 0 0 0 0 0.001180941 0 0 0 0 0 0 0.0007587467 0 0 0 0 0 0 0.0007566004
92 0.0009907523 0 0 0 0 0 0 0.0006578209 0 0 0 0 0 0 0.001576158 0 0 0 0 0 0 0.001957513 0 0 0 0 0 0 0.0001002786 0 0 0 0 0 0 0.001643597
93 0.0005718627 0 0 0 0 0 0 0.0006441008 0 0 0 0 0 0 0.00137958 0 0 0 0 0 0 0.0005712737 0 0 0 0 0 0 0.001088215 0 0 0 0 0 0 0.001899864
94 0.0006551311 0 0 0 0 0 0 0.0001468881 0 0 0 0 0 0 2.054085e-05 0 0 0 0 0 0 0.0004447366 0 0 0 0 0 0 0.0008042069 0 0 0 0 0 0 0.0009458871
95 0.00014828 0 0 0 0 0 0 2.332636e-05 0 0 0 0 0 0 0.0002419267 0 0 0 0 0 0 0.000296778 0 0 0 0 0 0 0.000247692 0 0 0 0 0 0 0.0004953363
96 0.0007411239 0 0 0 0 0 0 0.0006132298 0 0 0 0 0 0 0.0001860486 0 0 0 0 0 0 0.0002851924 0 0 0 0 0 0 0.001013467 0 0 0 0 0 0 0.0003414155
97 0.0005470953 0 0 0 0 0 0 3.63026e-05 0 0 0 0 0 0 0.002042276 0 0 0 0 0 0 0.0002907933 0 0 0 0 0 0 0.003508509 0 0 0 0 0 0 0.001734387
98 0.0006842498 0 0 0 0 0 0 0.0001779669 0 0 0 0 0 0 0.0004842832 0 0 0 0 0 0 0.001025379 0 0 0 0 0 0 0.00153707 0 0 0 0 0 0 0.001590306
99 0.0006274519 0 0 0 0 0 0 1.291476e-06 0 0 0 0 0 0 0.0003548074 0 0 0 0 0 0 3.912964e-05 0 0 0 0 0 0 0.00183096 0 0 0 0 0 0 0.001560664
100 0.001190236 0 0 0 0 0 0 0.0001841638 0 0 0 0 0 0 0.0007400959 0 0 0 0 0 0 0.0002548585 0 0 0 0 0 0 0.002162194 0 0 0 0 0 0 0.001040763
