1 0.02577841 0.0428423 0.1334435 0.3827334 0.1380821 0.247686
2 0.0120138 0.001875197 0.008869175 0.1185959 0.148738 0.1142734
3 0.02179405 0.1989385 0.1637645 0.3825342 0.002688808 0.1071319
4 0.06251761 0.04283361 0.08171235 0.008972152 0.1515009 0.0773913
5 0.01201779 0.04641893 0.07584503 0.07954444 0.03569142 0.05173687
6 0.07556833 0.1738785 0.1590144 0.0225237 0.06391439 0.1517703
7 0.05879114 0.09063151 0.03474891 0.1875616 0.02178235 0.1701523
8 0.175126 0.02545847 0.1422502 0.3027292 0.06191347 0.01775501
9 0.05941002 0.1891667 0.07398586 0.04188943 0.1023973 0.05379708
10 0.2444144 0.09504747 0.159504 0.3275943 0.1841056 0.2123487
11 0.1119058 0.07766968 0.02477526 0.1457768 0.1722448 0.009715578
12 0.08636906 0.04957499 0.1187836 0.02737427 0.04230609 0.03624475
13 0.009352193 0.05782163 0.1841548 0.273504 0.0647668 0.08255227
14 0.003876129 0.002537011 0.1673706 0.1950224 0.3182063 0.1979362
15 0.01550671 0.06784448 0.1240892 0.01961505 0.1406218 0.1671825
16 0.1175046 0.05744953 0.07337055 0.1544276 0.03934276 0.225109
17 0.10893 0.05921167 0.2734068 0.1049876 0.2337776 0.1202305
18 0.006678018 0.03200659 0.1174821 0.02124387 0.04544817 0.0114678
19 0.04235167 0.1144099 0.4747125 0.4508297 0.1008237 0.03415595
20 0.06505057 0.1261288 0.2182409 0.1301076 0.1068571 0.185326
21 0.04869451 0.1138283 0.1288475 0.1934793 0.0841389 0.01441015
22 0.1397141 0.1991355 0.2804659 0.163575 0.1295156 0.01243689
23 0.02257176 0.2188121 0.3417738 0.2802058 0.2110102 0.1966483
24 0.01910131 0.05730231 0.04923549 0.06080328 0.05168115 0.1790432
25 0.04017893 0.1285179 0.07369601 0.04806176 0.05934051 0.01694144
26 0.03345489 0.1068214 0.3224005 0.2025749 0.09817401 0.08363465
27 0.01366929 0.01166253 0.08505678 0.1256859 0.1315644 0.2531967
28 0.07574982 0.1565978 0.1331178 0.2220056 0.09060597 0.1681855
29 0.1028041 0.09631623 0.2563493 0.07394513 0.08277929 0.07431194
30 0.02504273 0.2378911 0.08878047 0.2822782 0.0846798 0.05744497
31 0.002171164 0.1707384 0.2951852 0.07504977 0.007281159 0.09196706
32 0.060222 0.08965322 0.05848343 0.107901 0.1403479 0.1960492
33 0.08282286 0.09645709 0.5310667 0.1476858 0.03640691 0.1555327
34 0.1435252 0.04225605 0.2524414 0.04519346 0.1070861 0.26237
35 0.0305695 0.1225854 0.1759094 0.1786229 0.01347875 0.006167591
36 0.1016992 0.03932218 0.004934826 0.06417252 0.02626866 0.1445864
37 0.05819721 0.06763163 0.0170733 0.06811906 0.1674116 0.09521003
38 0.00600638 0.03382211 0.2397708 0.2734201 0.06235822 0.02985316
39 0.02612616 0.1062133 0.06144537 0.02625932 0.006453202 0.06202823
40 0.2052906 0.03877694 0.1047895 0.1785934 0.02769161 0.2290034
41 0.04358225 0.09216792 0.1469458 0.1625809 0.07079688 0.09177603
42 0.002720305 0.1223902 0.2757825 0.1662225 0.1822804 0.1135464
43 0.1819763 0.1020438 0.08699355 0.008052471 0.0418568 0.02100856
44 0.04352665 0.1267049 0.03261545 0.04622401 0.1922644 0.05542413
45 0.01160441 0.1049248 0.009310106 0.2258659 0.02228307 0.09491197
46 0.04511476 0.1440077 0.1399645 0.1419269 0.1077824 0.1221428
47 0.1552794 0.04837841 0.1120801 0.05764003 0.1055393 0.0582451
48 0.009751791 0.03055027 0.2257918 0.09907116 0.139038 0.0559661
49 0.1554326 0.07058391 0.2129478 0.08219923 0.1172799 0.1859291
50 0.0177856 0.04832494 0.0347283 0.02156693 0.0887374 0.04041924
51 0.02255847 0.003935372 0.2695713 0.2227895 0.210165 0.08721415
52 0.1436948 0.09174152 0.4107081 0.5721652 0.09502686 0.1317004
53 0.006390193 0.129116 0.1218139 0.166938 0.007950432 0.1162342
54 0.04423272 0.07154017 0.06782097 0.1981301 0.1247796 0.05821099
55 0.05203507 0.1765865 0.19897 0.06210458 0.1295422 0.08685712
56 0.01620022 0.2076793 0.1079988 0.2079784 0.01082091 0.348507
57 0.06557591 0.0029088 0.01183419 0.009510047 0.003193308 0.3866428
58 0.1959713 0.03330863 0.4274261 0.3911174 0.2281623 0.1402282
59 0.07353768 0.0612179 0.2535129 0.1902389 0.3705498 0.1721643
60 0.02591562 0.2231972 0.04345849 0.194794 0.0003429164 0.3139278
61 0.03737263 0.1921064 0.2026844 0.1148734 0.01043445 0.0640329
62 0.08296941 0.06939321 0.01282448 0.188084 0.04339176 0.05722137
63 0.01323269 0.2414498 0.1834771 0.04934124 0.06344699 0.1200826
64 0.1670833 0.1414851 0.2426198 0.2290889 0.1381399 0.002999867
65 0.09960063 0.02685702 0.07408411 0.03906601 0.1570285 0.2492938
66 0.09054236 0.01505 0.2965727 0.3589266 0.02976047 0.0272984
67 0.1171768 0.1345553 0.06962508 0.2302457 0.1551411 0.05511161
68 0.03585606 0.2237875 0.003393311 0.134674 0.1396952 0.1211455
69 0.02162763 0.004725694 0.06291469 0.02056978 0.115358 0.04338276
70 0.138562 0.05373494 0.0195929 0.06561744 0.03506105 0.2420709
71 0.01526077 0.08047236 0.02562525 0.1095292 0.3273355 0.2130233
72 0.1452768 0.04289334 0.1051473 0.08214695 0.2514314 0.07639003
73 0.02493563 0.1014427 0.03848004 0.0714285 0.1730247 0.0239246
74 0.007778034 0.0145748 0.1390646 0.2838613 0.1216783 0.1617736
75 0.06030529 0.08428361 0.07402854 0.02617657 0.2400225 0.3871919
76 0.01510671 0.0038956 0.3638405 0.452456 0.1244473 0.1672908
77 0.2018219 0.03424611 0.3437945 0.02914522 0.09102236 0.1337003
78 0.01343653 0.07870618 0.01978542 0.2298062 0.009132401 0.1105075
79 0.06420162 0.03159967 0.07730763 0.04335565 0.1097895 0.09761695
80 0.143299 0.1904818 0.003453958 0.1993134 0.05117594 0.2634492
81 0.01931698 0.08990673 0.03700188 0.2612561 0.2066622 0.2744891
82 0.003265389 0.0523421 0.277774 0.1179286 0.09648556 0.09351331
83 0.07275045 0.02366919 0.09935709 0.01272249 0.03368672 0.04079671
84 0.1121984 0.05304995 0.001921964 0.04490217 0.2912783 0.04036439
85 0.1051834 0.1445691 0.1394781 0.1954053 0.0261373 0.05602024
86 0.1018169 0.07589302 0.08621444 0.1402947 0.02780113 0.142729
87 0.02961982 0.04161423 0.05837693 0.0932994 0.07126829 0.2891471
88 0.08558877 0.02341743 0.007063784 0.0523977 0.1558578 0.2281227
89 0.1892642 0.1824328 0.280668 0.3659334 0.1040921 0.001505015
90 0.001333128 0.01677567 0.1053897 0.06652468 0.1105165 0.1033235
91 0.003743188 0.1080302 0.003985495 0.07787791 0.05711524 0.0009792047
92 0.05369756 0.05387651 0.0378471 0.1190955 0.07573043 0.1791139
93 0.02399482 0.1785563 0.2046192 0.3133749 0.01405881 0.04338706
94 0.02179405 0.1989385 0.1637645 0.3825342 0.002688808 0.1071319
95 0.009352193 0.05782163 0.1841548 0.273504 0.0647668 0.08255227
96 0.10893 0.05921167 0.2734068 0.1049876 0.2337776 0.1202305
97 0.2018219 0.03424611 0.3437945 0.02914522 0.09102236 0.1337003
98 0.2444144 0.09504747 0.159504 0.3275943 0.1841056 0.2123487
99 0.05879114 0.09063151 0.03474891 0.1875616 0.02178235 0.1701523
100 0.09054236 0.01505 0.2965727 0.3589266 0.02976047 0.0272984
