1 0.0006176464 0.001351986 0.0007343394
2 0.0005195241 0.0006563233 0.0001367993
3 0.0004447105 0.0002337487 0.0002109619
4 0.005584489 0.0005476849 0.005036804
5 0.003991834 0.002077277 0.001914557
6 0.003147183 0.0001709769 0.00331816
7 0.002386078 7.417491e-05 0.002311903
8 0.001122132 0.0008364675 0.0019586
9 0.001384332 0.0001435987 0.001240734
10 0.002306057 0.001135432 0.003441489
11 0.002201105 0.0007285704 0.001472535
12 0.0024871 0.0003361771 0.002150923
13 0.003576799 0.0002260443 0.003802843
14 0.00265267 0.0007227807 0.001929889
15 0.0004462305 0.0003286627 0.0007748932
16 0.003036348 0.0007870762 0.002249271
17 0.002403098 0.0006050905 0.001798007
18 0.007486978 0.001547331 0.009034309
19 0.001284851 1.313165e-05 0.001297982
20 0.002656533 0.000193829 0.002462704
21 0.003251354 0.0003994843 0.00285187
22 0.003554642 0.0004844861 0.004039128
23 0.001671662 6.406386e-05 0.001735726
24 0.0007160534 0.0001152807 0.0006007728
25 0.0009677986 0.0001164165 0.0008513822
26 0.001198454 0.000534117 0.001732571
27 0.001554673 0.0006659805 0.0008886923
28 0.002935484 7.547252e-05 0.002860012
29 0.0005211464 0.0002693949 0.0002517515
30 0.001446832 0.001252217 0.0001946158
31 0.001345406 0.000474116 0.001819522
32 0.0004242458 0.0001472877 0.0002769581
33 0.0006607192 7.975843e-05 0.0007404776
34 0.0006558017 0.001585555 0.002241356
35 0.002955784 0.0005819761 0.00353776
36 0.0003260136 0.001066464 0.001392478
37 0.0001772193 0.00010018 0.0002773992
38 0.00189784 8.514663e-05 0.001982986
39 0.002734048 0.0001525305 0.002581518
40 0.0007459734 0.0006754827 7.049071e-05
41 0.002209022 0.0002011302 0.002007891
42 0.001260382 8.346158e-05 0.001343844
43 7.969288e-06 0.0006040003 0.0006119696
44 0.0009874228 0.0003295772 0.001317
45 0.0003786077 5.788639e-05 0.0004364941
46 0.001679857 0.0002401724 0.001920029
47 0.002827885 0.0005011056 0.00332899
48 0.0009827394 0.0005327629 0.001515502
49 0.001997903 0.0003201239 0.002318027
50 7.182383e-05 0.0005301491 0.000601973
51 0.003156508 0.0009455384 0.004102046
52 0.001161214 0.0009253535 0.000235861
53 0.001322707 0.0002676399 0.001590346
54 0.001913254 0.0007153235 0.001197931
55 0.001663057 0.0003304853 0.001332572
56 0.0002492328 0.0001250994 0.0003743323
57 0.001119337 0.0006531466 0.001772483
58 0.002590651 8.815109e-05 0.0025025
59 0.00121919 0.0001494277 0.001069762
60 0.0003387759 0.0005947074 0.0009334833
61 0.001085479 0.001085961 0.00217144
62 0.002390474 0.001047467 0.003437941
63 0.00127538 0.0002826353 0.001558016
64 0.002080047 0.0007486998 0.001331347
65 0.001390084 0.001346723 4.336121e-05
66 0.001323518 0.0008034227 0.0005200949
67 0.003982079 9.206118e-05 0.004074141
68 0.002073783 0.0008041351 0.001269648
69 0.001482657 0.0001178485 0.001364808
70 0.003769004 0.0006688706 0.003100134
71 3.832516e-05 0.0002395637 0.0002012385
72 0.002571456 3.886337e-05 0.002532593
73 0.0006484489 0.000420118 0.0002283308
74 0.001070637 0.0005537353 0.001624373
75 0.001608014 0.0002887706 0.001319243
76 0.00137321 0.0002208288 0.001594039
77 0.00179912 0.0002932011 0.002092321
78 0.001990289 0.0008077457 0.001182543
79 0.0001442802 8.869288e-05 0.0002329731
80 0.001721418 0.00151972 0.0002016979
81 0.002834296 0.0003501577 0.003184454
82 0.001703285 0.001240977 0.0004623082
83 0.002441096 0.001263801 0.001177295
84 0.0029245 0.0008163566 0.002108144
85 0.0006770156 0.00122798 0.001904995
86 0.001771374 5.056905e-05 0.001720805
87 0.0005249242 0.0001840759 0.0007090002
88 0.002843429 0.002916872 0.0057603
89 5.13633e-05 6.446149e-05 1.309819e-05
90 0.0003013689 0.000261752 3.961689e-05
91 0.0001963318 0.0002916203 0.0004879521
92 0.001814809 0.000453665 0.001361144
93 0.001717258 0.000425704 0.002142962
94 0.0004447105 0.0002337487 0.0002109619
95 0.003576799 0.0002260443 0.003802843
96 0.002403098 0.0006050905 0.001798007
97 0.00179912 0.0002932011 0.002092321
98 0.002306057 0.001135432 0.003441489
99 0.002386078 7.417491e-05 0.002311903
100 0.001323518 0.0008034227 0.0005200949
