1 1.066222 0.5502462 0.09548409
2 0.2599058 1.700639 0.6688858
3 1.374385 0.6440416 0.2672562
4 0.5922886 1.337382 0.4370814
5 0.3885038 0.3220693 0.09077601
6 0.2005356 0.6974534 0.6276403
7 0.5557146 0.1672272 0.1751566
8 0.5953629 1.118764 0.5821866
9 0.2880185 1.230757 0.1446053
10 0.5334816 0.4935038 0.1639855
11 1.270323 0.3249991 0.303713
12 0.9311317 0.3253517 0.2975033
13 0.4688941 0.01866212 0.391966
14 0.9940423 0.8624848 0.1271013
15 0.7192551 0.7121768 0.1473719
16 0.3031582 0.2091336 0.07441034
17 0.9427192 1.140641 0.2947502
18 1.12096 0.3042602 0.8094276
19 0.9435573 0.9538112 0.7638025
20 0.9577039 1.993142 0.7589969
21 0.172367 1.13482 0.1528697
22 0.2057447 2.229316 0.1793903
23 0.7107448 0.5157343 0.2851396
24 0.1965755 0.8259536 0.380677
25 0.2312423 0.9696401 0.2031696
26 0.7964006 0.257465 0.2349629
27 0.5717173 0.07306478 0.079824
28 0.08486894 0.2914229 0.1981878
29 0.1867451 0.72191 0.1001533
30 0.9283399 2.503014 0.3493221
31 0.6200058 0.5796404 0.1984472
32 0.4315363 2.092046 0.6466236
33 0.2531469 0.4684149 0.0168378
34 0.6316635 2.339564 0.2781853
35 0.04734148 1.054496 0.5125529
36 0.827525 1.832287 0.004065567
37 0.2322933 1.594122 0.2309838
38 0.3832239 0.7274218 0.05576838
39 0.2132612 1.293914 0.3263991
40 0.3218455 0.7223689 0.09489058
41 0.4356698 0.6948746 0.1434296
42 1.196025 1.179434 0.1933783
43 0.1630706 1.706942 0.1736505
44 0.3991493 4.055245 0.1174119
45 0.00758405 1.473589 0.303337
46 0.9033371 0.4505752 0.16157
47 0.4508874 0.4105705 0.1608318
48 0.1657928 0.3864153 0.1796717
49 0.3247804 0.1290647 0.08584269
50 0.1207153 0.9022805 0.4171623
51 0.7780826 2.515381 0.5859855
52 0.2889546 0.1560793 0.4845088
53 0.6661757 0.7729349 0.05529125
54 0.6607128 0.5144862 0.01331607
55 1.093888 1.016692 0.01682075
56 1.335605 0.4452657 0.9040414
57 0.5716563 0.1493641 0.6293084
58 0.9921637 3.256319 0.7780865
59 3.310789 3.586181 0.1337621
60 1.347289 1.852222 0.3707612
61 0.1247817 0.2729092 0.4202174
62 0.04765854 0.246123 0.5264602
63 0.3578632 1.262574 0.1729293
64 0.02903858 2.232679 0.4329236
65 0.3013332 0.1357079 0.9092688
66 0.2445933 4.253607 0.5481723
67 0.2539935 0.8059168 0.3694808
68 1.653114 0.7004225 0.4501028
69 0.6870044 0.414239 0.3429718
70 0.9246973 2.642317 0.08097946
71 1.222419 1.389733 0.3210237
72 0.04579766 1.175363 0.2619609
73 0.6567569 1.42789 0.2275856
74 0.6260145 0.5769761 0.03441944
75 0.4390359 0.378163 0.06823777
76 1.034107 0.8215417 0.1126984
77 1.298568 1.257073 0.308632
78 0.1877044 0.3050774 0.1722143
79 0.5952073 0.8003133 0.7150787
80 0.03392793 1.963792 0.04827829
81 0.03168967 0.938153 0.3235811
82 0.8405135 0.2442937 0.1413512
83 0.08455409 0.9349354 0.2581261
84 2.00802 0.6792395 0.2902321
85 0.4798822 0.6622278 0.1558851
86 0.4364982 0.9628278 0.04655116
87 0.54369 0.2735665 0.05381376
88 0.4261422 2.585664 0.3193009
89 1.136255 1.968528 0.9056654
90 0.5671991 0.9551485 0.2382896
91 0.5837967 1.116447 0.5533531
92 0.4131908 2.12777 0.2760567
93 0.2225665 1.287219 0.006594378
94 1.374385 0.6440416 0.2672562
95 0.4688941 0.01866212 0.391966
96 0.9427192 1.140641 0.2947502
97 1.298568 1.257073 0.308632
98 0.5334816 0.4935038 0.1639855
99 0.5557146 0.1672272 0.1751566
100 0.2445933 4.253607 0.5481723
