1 0.1768757 0.1320019 0.1320019 0.02959571 0.2359115 0.1511757 0.1511757 0.1360989 0.06419496 0.1200654 0.1200654 0.3542945
2 0.1798992 0.1102541 0.1102541 0.00851559 0.1982249 0.00936896 0.00936896 0.1855075 0.5187493 0.3682251 0.3682251 0.2448051
3 0.1446933 0.1630171 0.1630171 0.01791382 0.05158233 0.2131462 0.2131462 0.724955 0.04508853 0.1236893 0.1236893 0.3514216
4 0.2092329 0.0159075 0.0159075 0.2201616 0.2503632 0.1872077 0.1872077 0.5219467 0.2520674 0.1551318 0.1551318 0.1224264
5 0.1774343 0.04291602 0.04291602 0.2112844 0.4318437 0.2765779 0.2765779 0.1693551 0.3431738 0.04002916 0.04002916 0.01394948
6 0.389142 0.09835594 0.09835594 0.5515241 0.8648477 0.2438494 0.2438494 0.5380337 0.5717521 0.2391221 0.2391221 0.2254377
7 0.1128738 0.06218 0.06218 0.0492512 0.08078492 0.397441 0.397441 0.285656 0.2480536 0.03911443 0.03911443 0.1318182
8 0.04630961 0.08436961 0.08436961 0.3376882 0.2238623 0.009605283 0.009605283 0.1072843 0.2823343 0.1205731 0.1205731 0.117237
9 0.1681419 0.04731382 0.04731382 0.1326166 0.204495 0.343089 0.343089 0.6751506 0.06934443 0.008923776 0.008923776 0.1106997
10 0.2159199 0.1356861 0.1356861 0.1865975 0.5010302 0.005007826 0.005007826 0.0770094 0.4818409 0.5160808 0.5160808 0.124828
11 0.2083057 0.01304347 0.01304347 0.2270645 0.6427058 0.1190874 0.1190874 0.1582751 0.245457 0.04927493 0.04927493 0.1466692
12 0.164888 0.1498203 0.1498203 0.0006959854 0.3124459 0.3179227 0.3179227 0.6515516 0.4036515 0.01113813 0.01113813 0.00999981
13 0.1005094 0.03633372 0.03633372 0.2611584 0.4081271 0.1901897 0.1901897 0.1236145 0.3078135 0.2669317 0.2669317 0.3615291
14 0.1382537 0.1498761 0.1498761 0.2240418 0.6001469 0.515015 0.515015 0.1919267 0.2332868 0.1537302 0.1537302 0.2009416
15 0.2090471 0.1040656 0.1040656 0.09555875 0.5107422 0.08102316 0.08102316 0.5695733 0.575551 0.07722871 0.07722871 0.319359
16 0.1171979 0.2016182 0.2016182 0.11916 0.9181926 0.1238149 0.1238149 0.08987635 0.2968113 0.08180433 0.08180433 0.4221674
17 0.04284912 0.3217096 0.3217096 0.2373275 0.8006284 0.1160062 0.1160062 0.2487057 0.07316583 0.1270246 0.1270246 0.01740207
18 0.1066884 0.1029885 0.1029885 0.2065929 0.2878199 0.2943327 0.2943327 1.170329 0.249966 0.07654601 0.07654601 0.01992215
19 0.06995068 0.04445481 0.04445481 0.04127833 0.2359573 0.03965117 0.03965117 0.172266 0.246561 0.1530783 0.1530783 0.1034869
20 0.1275673 0.03178439 0.03178439 0.2768727 0.1589563 0.07424513 0.07424513 0.270277 0.0002121743 0.121297 0.121297 0.06719673
21 0.04441609 0.08835267 0.08835267 0.1148236 0.7124801 0.5325202 0.5325202 0.4355888 0.1116863 0.08455237 0.08455237 0.201668
22 0.2195003 0.1764744 0.1764744 0.06297682 0.6711749 0.1115977 0.1115977 2.7029e-05 0.4968459 0.06127799 0.06127799 0.225261
23 0.1943381 0.00864138 0.00864138 0.169229 1.074968 1.101014 1.101014 0.9021427 0.1927793 0.04507295 0.04507295 0.08274696
24 0.05490684 0.01698976 0.01698976 0.07856779 0.9923486 0.5851978 0.5851978 0.07748602 0.4128367 0.3285042 0.3285042 0.001247584
25 0.1071441 0.1239284 0.1239284 0.45348 0.01475035 0.1533302 0.1533302 0.1783312 0.1217878 0.04896818 0.04896818 0.3181297
26 0.362436 0.08579496 0.08579496 0.06926471 0.3230822 0.3201153 0.3201153 0.1955122 0.080827 0.1696153 0.1696153 0.4242005
27 0.1518714 0.1101652 0.1101652 0.4947038 0.4502815 0.1395441 0.1395441 0.3609328 0.2923903 0.3246406 0.3246406 0.4854934
28 0.09534245 0.08942971 0.08942971 0.6315185 0.03448295 0.04068969 0.04068969 0.2168517 0.348042 0.02625345 0.02625345 0.4490304
29 0.1692338 0.0220769 0.0220769 0.08009413 0.3575882 0.0946809 0.0946809 0.5539534 0.06182359 0.430192 0.430192 0.8060578
30 0.08608966 0.06407747 0.06407747 0.02778045 0.04412652 0.5353406 0.5353406 0.1836461 0.2847856 0.2777499 0.2777499 0.2105
31 0.07978403 0.005156916 0.005156916 0.0916907 0.7232767 0.3281796 0.3281796 0.3444701 0.8688624 0.3030285 0.3030285 0.6638607
32 0.08273352 0.0840328 0.0840328 0.1075252 0.2111294 0.0424996 0.0424996 0.08548445 0.01772004 0.1496212 0.1496212 0.1770889
33 0.08436288 0.04852304 0.04852304 0.2352348 0.1659218 0.08042757 0.08042757 0.2630983 0.04363343 0.005363862 0.005363862 0.01417628
34 0.03496592 0.004160433 0.004160433 0.174305 0.4472679 0.06884942 0.06884942 0.3111938 0.6258935 0.5266035 0.5266035 0.2012867
35 0.153311 0.06611076 0.06611076 0.1281513 0.350617 0.1809979 0.1809979 0.1837851 0.1788793 0.09758907 0.09758907 0.1340298
36 0.003759536 0.1079344 0.1079344 0.0253414 0.3675821 0.2755166 0.2755166 0.3539506 0.1411585 0.08685656 0.08685656 0.3179046
37 0.143087 0.02816413 0.02816413 0.11656 0.1462708 0.1250409 0.1250409 0.4886542 0.1506944 0.06144241 0.06144241 0.09919362
38 0.02722698 0.06678758 0.06678758 0.1214517 0.3578344 0.05937923 0.05937923 0.09508789 0.2537501 0.320007 0.320007 0.4848042
39 0.06803013 0.1796793 0.1796793 0.2544688 0.4376592 0.2710869 0.2710869 0.801918 0.5628338 0.05855694 0.05855694 0.3637944
40 0.01017708 0.08028882 0.08028882 0.201576 0.3155557 0.08051878 0.08051878 0.09035116 0.1218772 0.07717656 0.07717656 0.6463072
41 0.08600426 0.03630876 0.03630876 0.1943024 0.6383381 0.2885129 0.2885129 0.09338741 0.131436 0.3459789 0.3459789 0.4364498
42 0.1653726 0.1269696 0.1269696 0.1765904 0.2554248 0.1231806 0.1231806 0.2719005 0.3375492 0.04813184 0.04813184 0.01965709
43 0.00345406 0.009513221 0.009513221 0.05359338 0.2699139 0.2748446 0.2748446 0.1210278 0.3262217 0.09018792 0.09018792 0.1627895
44 0.08184843 0.02215643 0.02215643 0.1003989 0.1417012 0.1772866 0.1772866 0.08257293 0.2849959 0.1077086 0.1077086 0.3059168
45 0.1056782 0.07875581 0.07875581 0.1567794 0.009393281 0.1955745 0.1955745 0.220647 0.07394815 0.1022566 0.1022566 0.06245347
46 0.08827029 0.04258758 0.04258758 0.09691179 0.005743034 0.4096944 0.4096944 0.5518613 0.1643222 0.1891449 0.1891449 0.0381312
47 0.1729811 0.1232481 0.1232481 0.0455802 0.2641016 0.1010234 0.1010234 0.05818818 0.3781081 0.0481009 0.0481009 0.6639177
48 0.02464849 0.213891 0.213891 0.5139739 0.2592113 0.3754187 0.3754187 0.1267093 0.4348213 0.1215281 0.1215281 0.1812563
49 0.08495487 0.002604308 0.002604308 0.05144588 0.5708856 0.0621552 0.0621552 0.1080672 0.4860387 0.2036287 0.2036287 0.109883
50 0.001987672 0.002462682 0.002462682 0.3005428 0.3255699 0.2517654 0.2517654 0.009126216 0.08836986 0.2841367 0.2841367 0.7152146
51 0.03129747 0.0463387 0.0463387 0.01995404 0.3473192 0.1742032 0.1742032 0.0733129 0.4191079 0.06323129 0.06323129 0.4409783
52 0.1621817 0.008714874 0.008714874 0.2164106 0.4195173 0.09331142 0.09331142 0.0721642 0.1883105 0.09951633 0.09951633 0.5948123
53 0.1921339 0.07284473 0.07284473 0.2402741 0.08051616 0.06319389 0.06319389 0.14854 0.07457912 0.380356 0.380356 0.3814347
54 0.008154037 0.03461652 0.03461652 0.3422 0.4172228 0.008267595 0.008267595 1.01495 0.1372604 0.2247931 0.2247931 0.2125663
55 0.1803066 0.002418844 0.002418844 0.1036045 0.0326039 0.1513125 0.1513125 0.3822111 0.2317911 0.1103314 0.1103314 0.5621552
56 0.08082902 0.04735207 0.04735207 0.2351103 0.4526421 0.1645598 0.1645598 0.2875866 0.2224947 0.1627611 0.1627611 0.4919565
57 0.2999008 0.0881943 0.0881943 0.3488356 0.2747455 0.05954311 0.05954311 0.3974188 0.3486604 0.169185 0.169185 0.699097
58 0.0294229 0.1278209 0.1278209 0.0001047356 0.7247651 0.2837383 0.2837383 0.5422856 0.1507763 0.2489821 0.2489821 0.2361433
59 0.237328 0.06504126 0.06504126 0.009506312 0.4670282 0.1121687 0.1121687 0.3042036 0.327817 0.2198662 0.2198662 0.2250071
60 0.1448908 0.2462641 0.2462641 0.4902521 0.3616748 0.2845118 0.2845118 0.4642193 0.3402337 0.08318398 0.08318398 0.002472692
61 0.1863223 0.01494687 0.01494687 0.05087514 0.3639756 0.2208529 0.2208529 0.0813965 0.05681202 0.1550002 0.1550002 0.5151124
62 0.1313818 0.04372435 0.04372435 0.02832668 0.2947992 0.144963 0.144963 0.2436543 0.186918 0.1436285 0.1436285 0.2937155
63 0.2637968 0.03775184 0.03775184 0.236818 0.1482893 0.144414 0.144414 0.08103925 0.09091033 0.2818062 0.2818062 0.09732477
64 0.1969197 0.0004806375 0.0004806375 0.3840948 0.3469986 0.01249413 0.01249413 0.1726394 0.1712536 0.02144259 0.02144259 0.170326
65 0.0948829 0.1395001 0.1395001 0.04160812 0.8240635 0.04624349 0.04624349 0.8032995 0.01267805 0.01802265 0.01802265 0.04109328
66 0.173872 0.006302131 0.006302131 0.07201524 0.6946445 0.06818068 0.06818068 0.4529905 0.02152201 0.01270184 0.01270184 0.3575385
67 0.1053666 0.03085674 0.03085674 0.1220996 0.7049657 0.1154651 0.1154651 0.2918785 0.5258081 0.2208888 0.2208888 0.3614596
68 0.005189578 0.005472666 0.005472666 0.2774855 1.577073 0.5924692 0.5924692 0.3183916 0.4131471 0.2539729 0.2539729 0.06001517
69 0.0280237 0.01670037 0.01670037 0.1386018 0.3854277 0.08997575 0.08997575 0.3307796 0.1121497 0.1622221 0.1622221 0.5237066
70 0.0102452 0.1838204 0.1838204 0.1097755 0.2960117 0.3106525 0.3106525 0.8120095 0.5991137 0.560164 0.560164 0.07987392
71 0.02139776 0.0547723 0.0547723 0.2392585 0.3831903 0.3436349 0.3436349 0.1342846 0.1646066 0.04451449 0.04451449 0.00539799
72 0.1071459 0.006128362 0.006128362 0.06933507 0.1629897 0.5222951 0.5222951 1.294734 0.3964531 0.1467573 0.1467573 0.4728468
73 0.0005281496 0.06641003 0.06641003 0.06424915 0.7564276 0.08442962 0.08442962 0.7497837 0.8194274 0.1238211 0.1238211 0.3101802
74 0.0470189 0.1590405 0.1590405 0.1434372 0.04981575 0.5587448 0.5587448 1.580346 0.04282675 0.2758578 0.2758578 0.4268014
75 0.2108539 0.1179726 0.1179726 0.6379182 0.1814122 0.0359996 0.0359996 0.3016736 0.323054 0.037122 0.037122 0.01221417
76 0.1616645 0.09869321 0.09869321 0.08618658 0.3263368 0.003979002 0.003979002 0.01825673 0.08553625 0.2806218 0.2806218 0.5153619
77 0.2938635 0.2073251 0.2073251 0.101573 1.872869 0.9631075 0.9631075 0.3365601 0.1946113 0.3600435 0.3600435 0.7708128
78 0.2135016 0.1377975 0.1377975 0.3966237 0.02835022 0.1768242 0.1768242 0.02974027 0.04354422 0.05952011 0.05952011 0.3424856
79 0.01925693 0.1323101 0.1323101 0.1446366 0.4152545 0.04241259 0.04241259 0.5108623 0.0472149 0.1331048 0.1331048 0.2569317
80 0.02422091 0.01520015 0.01520015 0.00644265 0.1406156 0.1830891 0.1830891 0.2280968 0.06571661 0.1252308 0.1252308 0.4641054
81 0.204084 0.2887768 0.2887768 0.08310205 0.474274 0.08464921 0.08464921 0.6081837 0.01565223 0.1569605 0.1569605 0.07402136
82 0.1437416 0.2864259 0.2864259 0.07304334 0.1502992 0.2104942 0.2104942 0.156098 0.07353051 0.1684285 0.1684285 0.01528887
83 0.06624172 0.0374408 0.0374408 0.2270054 0.5564058 0.01923184 0.01923184 0.1850923 0.2965887 0.1432688 0.1432688 0.2166163
84 0.02123661 0.03002483 0.03002483 0.2157632 0.5812657 0.1756352 0.1756352 0.1540873 0.1217664 0.1308751 0.1308751 0.1349214
85 0.1402427 0.002582274 0.002582274 0.03558164 0.08686336 0.3436238 0.3436238 0.01363276 0.09407969 0.02541938 0.02541938 0.11782
86 0.06120693 0.08008007 0.08008007 0.2545334 0.062058 0.07975624 0.07975624 0.2445667 0.1329894 0.03450609 0.03450609 0.1713767
87 0.04524525 0.02611398 0.02611398 0.03975395 0.2341541 0.2589023 0.2589023 0.4069445 0.2713264 0.1243245 0.1243245 0.6297663
88 0.108851 0.08938125 0.08938125 0.06257648 0.3836097 0.1188582 0.1188582 0.1785281 0.1923968 0.3612967 0.3612967 0.1440077
89 0.01669242 0.01413911 0.01413911 0.2367614 0.3727838 0.1839814 0.1839814 0.2327656 0.257409 0.1296135 0.1296135 0.1492642
90 0.04773597 0.276685 0.276685 0.1598762 0.1172346 0.2198849 0.2198849 0.4850193 0.7571687 0.242647 0.242647 0.1044838
91 0.1927794 0.02554939 0.02554939 0.3153095 0.7140307 0.1348676 0.1348676 0.08342917 0.3514646 0.1051964 0.1051964 0.1446087
92 0.2398024 0.05691369 0.05691369 0.2238198 0.6684397 0.0782967 0.0782967 0.1441915 0.5651718 0.04975887 0.04975887 0.01094163
93 0.089377 0.01869483 0.01869483 0.1365458 0.003704221 0.1431448 0.1431448 0.09718727 0.4667905 0.3812552 0.3812552 0.3494981
94 0.1446933 0.1630171 0.1630171 0.01791382 0.05158233 0.2131462 0.2131462 0.724955 0.04508853 0.1236893 0.1236893 0.3514216
95 0.1005094 0.03633372 0.03633372 0.2611584 0.4081271 0.1901897 0.1901897 0.1236145 0.3078135 0.2669317 0.2669317 0.3615291
96 0.04284912 0.3217096 0.3217096 0.2373275 0.8006284 0.1160062 0.1160062 0.2487057 0.07316583 0.1270246 0.1270246 0.01740207
97 0.2938635 0.2073251 0.2073251 0.101573 1.872869 0.9631075 0.9631075 0.3365601 0.1946113 0.3600435 0.3600435 0.7708128
98 0.2159199 0.1356861 0.1356861 0.1865975 0.5010302 0.005007826 0.005007826 0.0770094 0.4818409 0.5160808 0.5160808 0.124828
99 0.1128738 0.06218 0.06218 0.0492512 0.08078492 0.397441 0.397441 0.285656 0.2480536 0.03911443 0.03911443 0.1318182
100 0.173872 0.006302131 0.006302131 0.07201524 0.6946445 0.06818068 0.06818068 0.4529905 0.02152201 0.01270184 0.01270184 0.3575385
