1 0.04699335 0.0345545 0.4216881 0.4805124 0.2039629 0.1823298
2 0.08822937 0.02164985 0.06160696 0.01698713 0.2239981 0.1696799
3 0.1010933 0.1431784 0.1769453 0.3175788 0.1381088 0.07122865
4 0.0487453 0.09493307 0.1133995 0.3784617 0.3036202 0.1364206
5 0.0132718 0.1284794 0.2379704 0.05944134 0.1611068 0.06186798
6 0.1678853 0.1427114 0.4030733 0.3555539 0.3034544 0.2047476
7 0.01341208 0.03551226 0.08805235 0.1455825 0.3667952 0.5364948
8 0.1277367 0.01042962 0.399384 0.501265 0.1023807 0.07115029
9 0.006257882 0.176975 0.07179381 0.1530266 0.3618637 0.262982
10 0.1202471 0.03013123 0.1224472 0.2714635 0.0374519 0.1029398
11 0.06258917 0.02670414 0.205607 0.09757902 0.001542474 0.2052068
12 0.04611143 0.0870272 0.3690683 0.1369273 0.02468764 0.02945398
13 0.2128742 0.2973253 0.5145829 0.5341806 0.1555527 0.1461006
14 0.08524091 0.2929753 0.2534498 0.2469413 0.1990245 0.0582223
15 0.1376478 0.1689422 0.4149467 0.1305616 0.3437534 0.2844909
16 0.2273298 0.03049927 0.3175112 0.3506779 0.1401406 0.1196187
17 0.1361122 0.04443068 0.1065423 0.1760354 0.2606576 0.2353092
18 0.03533789 0.08585517 0.1170689 0.2747058 0.1706014 0.1233861
19 0.01876893 0.0576659 0.05956177 0.06664476 0.0003040708 0.02598228
20 0.06109863 0.09891225 0.3110724 0.1610478 0.01147024 0.07998938
21 0.1800755 0.1286629 0.05744994 0.1847871 0.3153712 0.3134037
22 0.03841093 0.1499519 0.3146847 0.1939619 0.01493157 0.004988866
23 0.001927635 0.02828273 0.2732321 0.2767833 0.03463452 0.05018968
24 0.15495 0.03146816 0.118522 0.09203182 0.1475558 0.3145798
25 0.1218522 0.198851 0.2624758 0.3633532 0.05327549 0.05069731
26 0.03063131 0.1456825 0.2811114 0.07738557 0.5780969 0.6349126
27 0.06641706 0.03492879 0.06986952 0.08724827 0.1038552 0.2946364
28 0.05618411 0.1325122 0.6267053 0.7400817 0.004158876 0.0363899
29 0.09427663 0.05448504 0.1798349 0.0468729 0.08431472 0.1323648
30 0.08713298 0.227783 0.2306042 0.428903 0.1936911 0.181214
31 0.0295547 0.1727335 0.08104464 0.3818543 0.04363504 0.0003985658
32 0.01542125 0.1283354 0.1066893 0.007250621 0.01721193 0.4098931
33 0.1469387 0.2377082 0.2078964 0.04367483 0.361857 0.3177497
34 0.07355544 0.01143475 0.1771418 0.01565176 0.1754848 0.2505819
35 0.01235035 0.1913911 0.4673129 0.528337 0.002351751 0.09254305
36 0.1588916 0.05196913 0.02167416 0.04453562 0.09899889 0.1132887
37 0.1775403 0.03773093 0.5285434 0.3627185 0.5457906 0.4943583
38 0.1782597 0.2225144 0.2295654 0.2110021 0.02438916 0.1980654
39 0.004432248 0.04510545 0.01136728 0.0563938 0.2345837 0.2706621
40 0.340455 0.1542556 0.1593325 0.015358 0.1776043 0.2570564
41 0.1168892 0.1447248 0.04564071 0.3445075 0.1714455 0.2244765
42 0.01919665 0.08269417 0.1116194 0.02051463 0.1651272 0.1083146
43 0.138913 0.1529102 0.1139452 0.09479167 0.1080566 0.1375101
44 0.1363951 0.2158358 0.001377048 0.008897435 0.3091931 0.2431282
45 0.04797215 0.05426548 0.05879412 0.2542539 0.3502619 0.3518992
46 0.02949834 0.1654871 0.2131095 0.1648649 0.02525605 0.0393357
47 0.2709947 0.3090317 0.143939 0.2368345 0.3270132 0.4045688
48 0.02079781 0.02395757 0.2250401 0.06585478 0.1701876 0.325695
49 0.3096386 0.2537294 0.1461032 0.07822849 0.1538668 0.2280919
50 0.01917363 0.02039221 0.2451266 0.1610702 0.3091339 0.3367925
51 0.05794805 0.1598613 0.09457251 0.01492412 0.01424323 0.1215537
52 0.02414219 0.1188259 0.1720134 0.2618628 0.1769297 0.2829472
53 0.1261676 0.1092483 0.2862707 0.004719743 0.2366784 0.2035076
54 0.07508317 0.002112142 0.02489699 0.03343218 0.04728449 0.1022516
55 0.1629661 0.00283177 0.1381012 0.06576408 0.1369646 0.00280249
56 0.04533835 0.2043909 0.2079927 0.297625 0.1101029 0.5035831
57 0.01854932 0.01102845 0.1996018 0.2102769 0.1563948 0.5651577
58 0.04750869 0.09298621 0.1501299 0.1279375 0.4865439 0.3545955
59 0.1290943 0.1810745 0.1422119 0.3772397 0.5406139 0.292817
60 0.03921472 0.3267567 0.1206514 0.253835 0.1195959 0.3336286
61 0.0871215 0.1918415 0.160366 0.1635083 0.1087862 0.03763054
62 0.004530324 0.1732896 0.3933271 0.6147839 0.2051357 0.05613455
63 0.01604781 0.293711 0.0269776 0.01497238 0.06673777 0.2990332
64 0.05769038 0.3248075 0.08159303 0.001121571 0.2778094 0.02464134
65 0.3060049 0.06101412 0.311587 0.2605014 0.2752078 0.3861901
66 0.05423748 0.05315323 0.1711901 0.008141537 0.2187935 0.2818427
67 0.2554668 0.359405 0.03721461 0.2721688 0.1075638 0.08972248
68 0.2149769 0.1192648 0.234272 0.03621874 0.2265462 0.1278804
69 0.1112626 0.1915976 0.2216226 0.08783027 0.2202186 0.04951932
70 0.1857609 0.008114483 0.1362395 0.05201382 0.06638101 0.2973941
71 0.1510222 0.1493097 0.5935136 0.6859722 0.3957883 0.3819425
72 0.1788617 0.06167017 0.3503777 0.3103322 0.2177533 0.1053057
73 0.09090135 0.03868096 0.2194754 0.2524353 0.02156718 0.1203092
74 0.0561286 0.1525038 0.02093718 0.03200347 0.2176765 0.3871165
75 0.03532711 0.1304423 0.2179279 0.1795396 0.03161815 0.1294025
76 0.08260487 0.06907815 0.116493 0.2871139 0.1767541 0.1138994
77 0.02751305 0.05012845 0.4347654 0.2174534 0.09534134 0.146423
78 0.04583755 0.005440352 0.1095627 0.1451668 0.2776465 0.02126055
79 0.1843235 0.05387264 0.01881806 0.01551073 0.2698385 0.3393416
80 0.1681656 0.2184713 0.3210033 0.03391945 0.07278131 0.4326477
81 0.0248349 0.136981 0.4729969 0.3012945 0.1515635 0.4490356
82 0.02954082 0.09525525 0.59277 0.4151048 0.267472 0.2376942
83 0.2144683 0.111955 0.4790091 0.2205048 0.2443446 0.1018465
84 0.06680272 0.2756614 0.009852242 0.04513815 0.1702928 0.06531948
85 0.03615168 0.2464583 0.1875956 0.3538066 0.141126 0.1299661
86 0.03420001 0.08888398 0.2199575 0.112573 0.04899219 0.005501744
87 0.1156659 0.04726024 0.1246753 0.05997558 0.09773514 0.3837196
88 0.1648109 0.08226378 0.01067339 0.1284587 0.196408 0.3156603
89 0.03283408 0.04039621 0.5323999 0.7576615 0.4333719 0.2586627
90 0.01692519 0.02230081 0.05536222 0.1668568 0.3910717 0.2786283
91 0.1053672 0.06386605 0.06873241 0.1976901 0.178796 0.1779313
92 0.08647981 0.1411801 0.2090392 0.3618167 0.07599795 0.1804045
93 0.06697495 0.2423098 0.5574469 0.7430501 0.2012168 0.1298337
94 0.1010933 0.1431784 0.1769453 0.3175788 0.1381088 0.07122865
95 0.2128742 0.2973253 0.5145829 0.5341806 0.1555527 0.1461006
96 0.1361122 0.04443068 0.1065423 0.1760354 0.2606576 0.2353092
97 0.02751305 0.05012845 0.4347654 0.2174534 0.09534134 0.146423
98 0.1202471 0.03013123 0.1224472 0.2714635 0.0374519 0.1029398
99 0.01341208 0.03551226 0.08805235 0.1455825 0.3667952 0.5364948
100 0.05423748 0.05315323 0.1711901 0.008141537 0.2187935 0.2818427
