1 0.07916564 0.02495635 0.2193575 0.1104742 0.0133362 0.001150852
2 0.03906303 0.1848883 0.05084943 0.1828516 0.02595403 0.2850866
3 0.1161094 0.02363442 0.2678912 0.01980383 0.1021327 0.1136906
4 0.1750078 0.05021416 0.07696143 0.2047816 0.08748623 0.05911655
5 0.01666886 0.06571109 0.06176358 0.01612562 0.2674446 0.009455268
6 0.01740525 0.1630061 0.1018815 0.1255591 0.2495674 0.1273268
7 0.03476861 0.1173372 0.02139684 0.1376084 0.01717559 0.1075307
8 0.05745334 0.1890707 0.1663947 0.04592049 0.3044572 0.005532706
9 0.07472531 0.01222822 0.2569243 0.3396198 0.1077265 0.1605753
10 0.1638086 0.001202747 0.02636654 0.1466301 0.3831077 0.09765857
11 0.2193765 0.02761339 0.27794 0.172477 0.07625188 0.166183
12 0.1790466 0.04373276 0.02694429 0.09583059 0.112677 0.04793962
13 0.003940664 0.1013135 0.05007591 0.005942297 0.09434255 0.03294886
14 0.05235802 0.1184091 0.3100327 0.2341165 0.02266774 0.04495913
15 0.04582095 0.009429182 0.01052463 0.5254715 0.3472358 0.2515584
16 0.1326423 0.1045456 0.0645073 0.1622313 0.2174639 0.06603897
17 0.03262842 0.1132126 0.3553659 0.2137377 0.238489 0.3494281
18 0.06016282 0.005077206 0.05276057 0.06882413 0.1485084 0.01938698
19 0.1344754 0.1494425 0.08786451 0.1663801 0.03631483 0.09073072
20 0.04473271 0.09723965 0.154744 0.09472797 0.05084502 0.01206252
21 0.09985763 0.05597036 0.3340077 0.3940968 0.06119774 0.0950072
22 0.1133498 0.2483423 0.02293277 0.2193925 0.4204633 0.2333563
23 0.1019895 0.1045605 0.6054015 0.3627103 0.03714883 0.07732631
24 0.07753603 0.06908637 0.522471 0.2986233 0.05047363 0.1728421
25 0.1175333 0.2457035 0.174786 0.0270601 0.07789849 0.05026299
26 0.2007949 0.05504885 0.03508139 0.2810804 0.03921283 0.5223712
27 0.05303305 0.1910399 0.01485137 0.3148667 0.6236234 0.1959353
28 0.05041769 0.2433583 0.06219896 0.3966791 0.1641049 0.06164183
29 0.34969 0.1561223 0.2063417 0.3399454 0.1381664 0.2528147
30 0.02219248 0.103537 0.2374185 0.09756599 0.06825564 0.1192356
31 0.1885723 0.1029685 0.5893137 0.356124 0.1656568 0.2406405
32 0.1033051 0.0008922512 0.2297005 0.1030784 0.0395945 0.146892
33 0.08137398 0.2856373 0.06791502 0.1126892 0.07661454 0.05475801
34 0.05632359 0.05223435 0.06238384 0.06551434 0.3850655 0.0005657655
35 0.009489927 0.02157418 0.1474712 0.3163293 0.03110647 0.05743364
36 0.05229676 0.1068388 0.1920499 0.2021493 0.1728875 0.03852603
37 0.1052636 0.3064664 0.1175573 0.01663245 0.4414931 0.1215909
38 0.02324233 0.02941639 0.09598117 0.089949 0.1393481 0.00869597
39 0.3606498 0.4040304 0.1682109 0.221473 0.07533947 0.2012607
40 0.06559068 0.001985511 0.08870513 0.4128639 0.08566257 0.04240906
41 0.04147272 0.04975971 0.1985242 0.1038993 0.2492051 0.4687598
42 0.2091279 0.0316889 0.1914529 0.3378498 0.2343919 0.08576137
43 0.1236182 0.05683378 0.04884965 0.3161247 0.09978028 0.01015057
44 0.1351788 0.06047064 0.01601358 0.1045852 0.02777323 0.0827456
45 0.1318092 0.06620335 0.1694222 0.1849853 0.03280271 0.09943604
46 0.06190314 0.0920736 0.2260305 0.2217446 0.1755099 0.02920092
47 0.1054378 0.07915765 0.1468604 0.2691451 0.3113989 0.1746778
48 0.06160109 0.2507996 0.2821273 0.06459173 0.1543059 0.00361079
49 0.00338887 0.0495108 0.3220834 0.2232515 0.1268024 0.07444583
50 0.08334645 0.09370076 0.1830133 0.2458868 0.04895631 0.1816031
51 0.1797235 0.02980809 0.04196184 0.06738117 0.08994337 0.3612248
52 0.143475 0.01078818 0.200201 0.293602 0.06961291 0.1280948
53 0.1278799 0.1404948 0.1919316 0.017251 0.2691918 0.1624186
54 0.1676633 0.07015199 0.007747981 0.3964463 0.07619212 0.06465788
55 0.02386734 0.04596785 0.06594037 0.381088 0.3934097 0.01698887
56 0.072341 0.04281938 0.227789 0.04515123 0.03595667 0.184458
57 0.167166 0.1557121 0.04323089 0.08956396 0.2418466 0.1980944
58 0.01114439 0.2891022 0.5079003 0.3084351 0.0693571 0.001900772
59 0.3707325 0.007251264 0.07245301 0.06835723 0.1208214 0.1453304
60 0.05701724 0.3786559 0.0329917 0.01773242 0.1577296 0.1016641
61 0.016548 0.005269954 0.07930865 0.03888589 0.1973862 0.129721
62 0.03179909 0.03126197 0.3038435 0.04916639 0.05616459 0.03979425
63 0.1837995 0.1208964 0.3921259 0.2790276 0.09258398 0.259981
64 0.008754533 0.08767984 0.4611497 0.3224531 0.07757034 0.07929385
65 0.03552698 0.07583075 0.4238743 0.2238165 0.3246933 0.0623067
66 0.1289499 0.004859893 0.1885142 0.01654355 0.2011269 0.2982071
67 0.03557628 0.2665819 0.3398004 0.05373889 0.06459809 0.02970851
68 0.1185985 0.05752816 0.4275967 0.1935595 0.04421429 0.00133898
69 0.09614079 0.09615767 0.3258552 0.01355328 0.134847 0.1144724
70 0.02024507 0.1254433 0.02071277 0.1808105 0.7391816 0.6092592
71 0.2270422 0.1122529 0.04769643 0.07026403 0.02743437 0.04305943
72 0.01148425 0.01899691 0.06875243 0.6677804 0.2795032 0.5496587
73 0.01921472 0.07987176 0.2582699 0.2551761 0.5310455 0.3447303
74 0.1692978 0.0909814 0.5303962 0.4379432 0.02454858 0.09093443
75 0.2207288 0.3870671 0.2436875 0.196628 0.1215679 0.2493473
76 0.2348023 0.02987656 0.05240129 0.09204066 0.07172626 0.07652235
77 0.2519603 0.3279955 0.5317667 0.2699113 0.1638075 0.2524326
78 0.02687801 0.06405544 0.1926601 0.07937965 0.03514792 0.2225829
79 0.2664308 0.3240715 0.4514471 0.5669035 0.2652252 0.1265201
80 0.09038075 0.0414786 0.07485547 0.07903241 0.1168489 0.09209207
81 0.1439126 0.005856999 0.2512131 0.07233344 0.008047982 0.2416987
82 0.15868 0.05625227 0.01309089 0.1169524 0.07248262 0.01104604
83 0.1058205 0.08433033 0.1799096 0.0788169 0.1381952 0.2624684
84 0.1564012 0.02518883 0.5741975 0.4826859 0.2812892 0.1082301
85 0.07244615 0.05385257 0.1004273 0.1486885 0.001414232 0.2262249
86 0.1773294 0.1521616 0.01277501 0.06413471 0.12215 0.06316013
87 0.1032481 0.09189245 0.2238606 0.2319893 0.05686665 0.04013004
88 0.07404107 0.1820089 0.0992238 0.01302705 0.3161666 0.1781857
89 0.04844892 0.1478699 0.2134225 0.2099022 0.1109967 0.1704123
90 0.01671383 0.240868 0.2338019 0.008982733 0.1355861 0.07237887
91 0.1388209 0.197517 0.05353373 0.02203668 0.06589094 0.06847224
92 0.001154937 0.0200262 0.2879036 0.174373 0.0967542 0.1024608
93 0.3375823 0.04131504 0.1705755 0.2110226 0.3380416 0.1239621
94 0.1161094 0.02363442 0.2678912 0.01980383 0.1021327 0.1136906
95 0.003940664 0.1013135 0.05007591 0.005942297 0.09434255 0.03294886
96 0.03262842 0.1132126 0.3553659 0.2137377 0.238489 0.3494281
97 0.2519603 0.3279955 0.5317667 0.2699113 0.1638075 0.2524326
98 0.1638086 0.001202747 0.02636654 0.1466301 0.3831077 0.09765857
99 0.03476861 0.1173372 0.02139684 0.1376084 0.01717559 0.1075307
100 0.1289499 0.004859893 0.1885142 0.01654355 0.2011269 0.2982071
