1 0.000290022 0.0003276262 6.877448e-05 0.0006520693 2.329734e-05 0.0008915998 0.0006933973 0.0007421557 0.001021531 0.0008034908 0.002050954 0.001124687
2 0.001228533 0.000189516 0.0008839081 0.0003624154 0.001711212 0.001134068 0.0005768007 0.0001476496 0.002133333 0.0007868137 0.002005935 0.003890934
3 0.001218 0.0006102463 0.001917006 0.0007037614 0.0005818408 0.0002167926 0.0005529495 0.001641117 0.000938904 0.0009203018 0.003231129 0.0001393857
4 0.0003431985 0.0006810706 0.001587254 0.0001721581 0.001872924 0.001249663 0.000943171 0.0008498825 0.0008867968 0.0002548304 0.001870449 0.0006669006
5 0.0006157705 0.0002614542 0.0005432906 0.0004858254 0.0009208023 0.0004713545 0.000237153 0.0004216233 0.001124832 0.0008000628 0.0002103502 0.0003210084
6 5.684787e-05 0.0001514271 0.002100058 0.0002557706 0.0008041546 0.0004764609 0.0009687007 0.0003598482 0.002594669 0.0002400529 0.002208736 0.001353115
7 0.0003447207 4.996925e-05 0.0003265794 0.000330798 0.0009151852 0.0001027659 0.000721894 0.0004098283 0.002839529 0.001065936 0.002105972 0.0004668962
8 0.000873332 0.001532362 0.0005246594 0.0003169542 0.003463668 0.001482974 0.007935546 0.004621999 0.0002985501 0.002842357 0.01453339 0.0006871675
9 0.0009106532 0.000306067 0.0008111001 0.0007369983 0.0004588144 0.001970286 0.0003588138 0.0003774122 0.002775533 0.001501718 0.002017609 0.003857332
10 0.0006872947 0.0002882811 0.001143311 8.846945e-05 0.0002346786 0.0005610273 0.0007020384 0.0001474055 2.954145e-05 0.001021535 0.001243278 0.0008060727
11 0.0006686671 0.0002798454 0.0006799514 0.0004152908 0.0003838891 0.0003769601 6.002836e-05 3.502214e-06 0.00452205 0.0002128375 0.0002641246 0.002238653
12 0.0008067901 0.0003977788 0.0002766059 0.001153552 0.0004114733 0.0008406148 0.0002573926 0.0004166627 0.002064524 0.0009761238 8.847151e-05 0.003618627
13 0.003012754 0.0001237097 0.001538015 8.966926e-06 0.0002645495 0.0001590686 0.0001704006 0.001018501 0.001273274 0.001431862 0.00399807 0.002901115
14 5.939962e-05 0.0001407285 0.0005869867 0.0006089271 0.001531731 0.0004512459 0.000472301 0.0001347682 0.0004504213 6.599392e-05 6.093534e-05 0.001156098
15 0.0006616514 0.0005381241 0.0009470545 0.0003082573 0.002119843 0.0005484707 0.001028811 0.0002564209 0.00199071 0.0003896787 0.0005315017 2.858861e-06
16 0.0008849161 4.313139e-05 0.0004490893 5.596975e-06 0.0001677088 0.0007025156 0.0001379063 0.0002951377 0.001407817 0.0005181937 0.0001394182 8.453211e-05
17 0.000853897 0.0012041 0.0008339951 0.001302614 0.001199574 0.000167077 0.0009656611 0.001227626 0.003229241 0.001654555 0.001680416 0.002463018
18 0.0008804072 9.238188e-05 0.0003830718 0.0001526472 0.0005305541 0.0005314902 0.0001933813 0.0008537629 0.00161079 0.0006474066 0.001787271 0.002143658
19 0.000835281 0.0002978915 0.0009204014 0.0005426245 0.0008269263 0.0006102998 0.00710105 0.003191298 0.001339013 0.0007222614 0.006289289 0.006414223
20 0.0004220469 0.0003095026 0.0005941725 0.0002161842 0.0002353253 0.0001927374 0.002323299 0.0005873548 0.0002987504 0.001956881 0.00146394 0.003927763
21 0.001140043 0.0001807295 0.001839467 6.300312e-05 0.0007902924 0.0004362451 0.0003432561 0.0006422913 0.001870321 0.0003014296 0.0001366889 0.0004034627
22 0.0007094995 0.0001872866 0.0003343247 0.000216639 0.0004154833 0.001421007 0.0003470596 0.0006316242 0.000847046 2.295198e-05 0.0003292734 0.00319707
23 0.0008623304 0.0007046647 0.000794496 0.0002835601 0.0006644256 0.0004157422 0.0002858347 0.0002439902 0.00187694 0.0007074669 0.002546526 0.004176232
24 9.298404e-05 0.0003739055 0.0005719848 0.0002382556 0.001127915 0.00184995 0.0003855387 0.000830154 0.0006946029 0.0006644654 0.002995347 0.002311848
25 0.0002665675 0.0003524068 0.0002157084 0.001052658 0.001114949 0.002512792 0.0002588847 0.001140346 0.001410171 0.0002467244 0.0005392685 0.001957048
26 0.0005600913 9.073222e-05 0.001570462 0.0004026973 0.0002321781 0.0006144776 0.000501251 0.0006289749 0.001843583 0.0004153987 0.0003989277 0.003393761
27 0.001355559 0.0001491022 0.001986772 1.610813e-05 0.001404569 0.0005842554 0.0004389559 0.0002139302 0.001801624 0.0005662436 0.0005770481 0.001935923
28 0.001419702 0.0001077096 0.0003452461 0.0002883176 0.00110328 0.0008539349 0.0004231008 4.878818e-05 0.0006628915 0.0006384481 0.0008554542 0.002848575
29 4.874547e-05 0.0002068916 0.0009025812 0.0004257536 0.001021569 0.0009288037 0.0006053673 0.0004066254 0.0007834135 0.0008950413 7.494068e-05 0.002168014
30 0.0008502197 0.0007099169 0.0002268915 0.001048191 0.000507311 0.0001797326 0.000481684 0.0007331205 0.0007449482 0.001057347 0.0008628678 0.0003545152
31 0.0004287782 0.0003306778 0.0005003075 0.0001883017 0.001647736 0.0007816564 0.00268142 0.0006375923 0.0006780387 0.001534551 0.001840272 0.003532381
32 0.0005425759 1.273866e-05 7.442385e-06 0.000124088 0.001638619 0.001039008 0.0008648846 0.0003215048 0.0007836871 4.182924e-05 0.0004835596 0.001117772
33 0.000714947 0.0003238246 2.239334e-05 0.0001969108 0.001763059 0.000280568 0.0005104122 0.0009759268 0.002831309 0.0007663146 0.0006970297 0.002668334
34 0.001711117 0.0002396706 0.001668831 0.000583741 0.0003721575 0.00125283 0.0007129943 0.0007812441 0.0006857162 0.0009770609 0.0005825821 0.001727275
35 0.0008570175 9.247576e-05 0.001448644 0.0004642394 0.0002225396 0.0003456659 0.003385799 0.0004692369 0.0007353693 0.001694128 0.001324483 0.001686561
36 0.002007188 0.0001079856 0.001315402 0.001009264 0.0002790702 3.620378e-05 0.0007193349 0.001374594 0.002732918 0.002018355 0.0007608173 0.001520754
37 2.15957e-05 0.0008109352 0.001545116 5.876668e-05 0.0003043439 0.0009770818 0.0001618738 0.0005268151 0.0008585866 0.0005622611 0.0007520585 0.001084093
38 0.0002661846 0.0002990693 0.0006720754 0.0002364813 0.000117469 0.000535923 0.001367975 0.0005693092 0.002373116 0.0001596391 0.002228712 0.000975246
39 0.0005011025 0.0007365731 0.001752943 0.001134133 0.0005209694 0.0007869331 0.001279097 0.000808835 0.0001125039 0.001322171 0.0006428843 0.0002745624
40 0.001353676 0.0003367902 0.000702722 0.000145056 0.0005097084 0.0006439845 0.001932311 0.0005420013 0.0002341986 0.0009345312 0.003337176 0.003550206
41 0.000350521 0.0002597143 0.0005924419 0.0001619211 0.0002836804 0.001425418 0.000406865 0.0002718875 0.002500423 0.0001689371 0.00111301 0.001065748
42 0.0008667858 3.131279e-06 0.001671811 0.0006058946 2.292637e-05 0.002482681 0.0048787 0.001196217 0.001590852 0.0007710636 0.002719001 0.004407863
43 0.002440079 0.0005290145 0.00123699 0.0002441124 0.0007341407 0.0005853367 0.00121618 9.962491e-05 0.005337857 0.0004573589 0.002591871 0.0001447389
44 0.00114899 0.0002656377 0.000850416 9.118219e-05 0.0009755164 0.0008591238 0.0002260494 4.794252e-05 6.881913e-05 0.0004687059 0.001327492 0.0009865802
45 0.001007429 0.0004608126 0.0003012142 6.806879e-05 0.0008019418 0.000924604 0.0007945489 0.001146067 0.001050192 0.00233134 0.00146101 0.002477462
46 0.0007154348 0.000655322 0.0002666428 0.00145351 0.0003837754 0.001303196 0.0001109279 0.001608614 0.003053318 0.001554576 0.001662169 0.002994382
47 0.0001221601 0.0009614683 0.001233908 0.0008513601 0.001009599 0.001696726 0.003555631 6.43758e-05 0.0004904521 0.002558994 0.0006530416 0.005539951
48 0.0003201388 5.920522e-05 0.0003536822 8.89819e-05 0.0004601985 0.0008002775 6.203174e-05 0.002209151 0.004765423 0.001726133 0.0007615082 0.0023704
49 0.0004102792 0.0002595444 0.0002820283 0.0005118022 0.0009117254 0.000178357 0.003185647 0.0004125341 0.0006599233 0.0001685439 0.001718096 0.002024923
50 0.001046222 0.000112305 0.0007527833 0.0006843993 0.00233505 0.001102494 0.001722457 0.0007673011 0.001160307 0.0009656281 0.000480863 0.0001828899
51 2.197347e-05 9.216314e-06 0.001535116 0.0001722717 8.571921e-05 4.44989e-05 0.001245124 0.0005528087 0.002096768 0.0007434734 0.0002709327 0.0008328388
52 0.0003438845 0.001671449 0.000608467 0.00142325 0.0009570773 0.002263197 0.0006260152 0.00022881 0.002424765 0.00188084 0.002505304 0.004085479
53 0.0002425383 5.231995e-05 0.0007671831 0.0007200919 0.00180383 0.0004852317 0.00134089 0.0007449896 0.001858463 0.0009318373 0.0004037726 0.0003625605
54 3.18638e-05 1.605793e-05 0.0008234549 0.0009244288 0.0009599272 0.002516284 0.001692615 0.001710841 0.0001371553 0.0002412631 0.005157131 0.002474853
55 0.0004721453 0.0004151137 0.001579311 0.0002263973 0.0001465472 0.0007080581 0.0006006166 0.0007013578 0.002765712 0.0006544975 0.001754277 0.002722458
56 0.0002453181 0.0001418129 0.001003139 0.0002954999 0.000389545 0.0009649756 0.001107083 0.001175025 0.001224587 0.001632565 0.001918967 0.00175118
57 0.002332213 0.0002747032 0.0005042528 0.000163647 0.0008575774 0.0009762579 0.0008520936 0.0001424087 0.0005782233 0.0001242385 0.003367782 8.235109e-05
58 0.001154157 0.0004577513 0.0008336752 0.001074934 0.002333742 0.00123506 0.002005673 0.0007345282 0.001487361 0.00113024 0.001984487 0.002130438
59 5.604797e-05 0.0003802941 0.0008951117 0.0004042848 0.0003273955 0.0001442561 0.002061282 0.0004591764 0.001946044 0.001473261 0.0006817191 0.0008374566
60 0.0006189347 0.0001488162 0.001032297 0.0004711519 0.0005352335 0.001191466 0.001075893 0.0008250675 4.647761e-05 0.000950463 0.0009147291 0.0009680204
61 0.0008232231 0.0003588304 0.002000611 0.0003937623 0.0003037331 0.001837062 0.0005236536 0.0001313145 0.002549044 0.0002356432 0.0002265314 0.001732407
62 0.0001251867 0.0002997158 2.112391e-05 0.0001921712 0.0009211559 0.001388426 0.000712386 0.0001606995 0.003063281 0.001139424 0.001445789 0.006266714
63 0.0006824853 4.002604e-05 0.001120726 0.0004005921 0.0007770543 0.0004183914 0.0006532425 0.0004363909 0.0002248863 0.0004123578 0.000644969 0.001270587
64 0.003010251 0.001360562 0.001639626 0.001249775 0.003262979 0.0001182487 0.001734914 0.0006306512 0.00118411 0.0001994168 0.001550124 0.001388766
65 0.003368798 2.38567e-05 0.0001284331 0.0001916661 0.001283773 0.0003593332 0.002002431 0.00105501 5.402507e-05 6.947814e-05 0.0004888226 0.003931347
66 0.00214088 0.001389698 0.001720459 7.803539e-05 0.002920757 0.002048716 0.002680024 0.001145897 0.0001070865 0.0008104175 1.093705e-05 0.0003706775
67 8.062781e-05 0.001178505 0.001351062 0.0007320615 0.0002376217 0.002890993 0.0009152255 0.00122703 0.004549847 0.002284934 0.00281564 0.0009123136
68 0.001043342 0.001156027 0.0006415163 0.0005095933 0.0007440638 0.0007322574 0.005678627 0.002207699 0.0009154292 9.319609e-05 0.005178295 0.002149625
69 0.001782072 0.0007698768 0.0009781034 0.0005463935 0.001365225 0.000206511 0.002347884 0.0001464924 0.001018795 0.0008948681 0.001554366 0.002511414
70 8.754957e-05 0.0003892071 0.0004253279 1.378529e-05 0.0005776987 0.001627155 0.001879553 0.0003575362 0.0005849715 0.0006881986 0.0007567839 0.0004498945
71 0.0005136004 0.000483938 0.0007943004 0.0008488036 3.223932e-05 0.0001571093 0.001060802 0.0002605083 0.0002495264 0.0005016428 0.001420495 0.00452018
72 0.0003661373 7.84953e-05 0.0004735213 0.0004089575 0.0004568189 0.001250412 0.0003568595 0.001893979 0.003525833 0.0003421648 0.00192105 0.00347073
73 1.405155e-05 9.923086e-05 0.001037139 0.0004496761 0.001110866 0.0007063085 0.002382499 0.0006653954 0.001103564 0.0005334563 0.002869747 0.004898735
74 0.000927702 0.0009743069 0.0002336269 0.000863899 0.001583017 0.002054683 0.001823285 0.000973337 0.002933106 0.0004319081 0.0005726118 0.001392906
75 0.001793674 0.0003326509 0.0008698495 0.0008090147 0.0002065295 0.001707338 0.0002948191 0.001190036 0.0009181864 0.002473127 0.002083512 0.001335246
76 0.0008912804 0.0004997364 0.0004248566 0.0005143695 0.0002917801 0.0009410328 0.0003015251 4.570972e-05 0.001459719 0.0007440253 0.0006000581 0.001778277
77 0.001000559 0.0003061567 0.001526852 1.283419e-05 0.0009255368 0.0002093482 0.003035198 0.000497377 0.002710254 0.0006716712 0.001013314 0.002432874
78 0.0003787017 0.0007148328 0.0001171316 0.000750032 0.000895833 0.0002059296 0.001201764 0.001910125 0.0002229384 0.001573122 0.00138188 0.002806681
79 0.0001447594 7.546524e-05 0.001636757 0.0007040692 0.002308711 0.0005200612 0.002155511 0.0003118843 0.002638664 0.001395262 0.00264915 0.0003441725
80 0.001608298 0.0008048351 0.0009343754 5.480757e-05 0.003020917 0.0007341848 0.001379663 0.001072837 0.001572895 0.0006207898 0.0007442545 0.0009041296
81 0.0009963499 0.0007951529 0.0001807324 0.0007486538 0.001484228 0.0004294665 0.0003102529 0.000927029 0.0009271392 0.001706452 0.001276188 0.005614613
82 0.001777442 0.0006349851 0.0009585055 0.0003919372 0.0009677293 0.0006680262 0.0005331566 0.002511049 4.531094e-05 0.001795037 0.00317105 0.0006500499
83 0.0007514634 0.0006970258 0.003599447 0.001434359 0.0004846373 0.0001875742 0.001076641 0.001594498 0.001247746 0.0001819908 0.006573971 0.0003467904
84 4.470494e-05 1.525078e-06 0.0006720029 0.0001378732 0.0007094486 0.0003727205 0.001959757 0.0004308999 0.001361816 0.001297597 0.001693482 0.00544601
85 0.0003805106 0.0005475639 0.001026696 0.001181898 0.0008639591 0.000978105 5.074512e-05 0.001177992 0.00213255 0.000308866 0.001276588 0.002826726
86 0.0001412125 0.0001583885 0.001397152 7.559843e-05 0.0007433809 0.0003680966 0.002364777 0.0001187343 0.002018718 0.0006257136 0.002693934 0.002655835
87 0.0002001568 0.0002207137 0.0003318589 0.000264944 0.0002943387 8.849178e-05 0.001030684 0.0002258475 0.0008245558 0.00119037 0.000477292 0.003951633
88 2.93839e-05 0.0008631563 0.00169976 0.001335581 0.001784135 0.0004118467 0.001540349 0.0006592331 0.003520471 0.0005166717 0.0008811707 0.0001003515
89 0.000192124 0.0005185477 0.0001496817 0.0009669233 0.001323328 0.0002407291 0.0008341243 0.0006197758 0.0004294122 0.001146285 0.001431372 0.002491412
90 0.000917577 0.0004056222 0.001080265 0.0005206795 0.0006033807 0.0002707058 0.001880974 0.0004778447 0.001895791 0.0001177044 0.000202897 0.002553897
91 0.0004131451 0.0001754686 0.000725308 0.0001902825 0.0001212725 0.0003837911 0.001434889 0.0007084177 0.001057815 0.002629493 0.003083429 0.00267795
92 0.0007690994 4.10579e-05 0.0004096164 0.0001602108 0.001550582 0.001182192 0.002915051 0.0001696415 0.0009705704 0.0006231362 0.0007684277 0.001363023
93 0.0004966318 0.0002288582 0.001388501 5.899384e-05 0.0005105008 0.0008036326 0.0008930674 0.001162899 0.0007212037 9.937361e-05 0.0006475146 0.003499626
94 0.001218 0.0006102463 0.001917006 0.0007037614 0.0005818408 0.0002167926 0.0005529495 0.001641117 0.000938904 0.0009203018 0.003231129 0.0001393857
95 0.003012754 0.0001237097 0.001538015 8.966926e-06 0.0002645495 0.0001590686 0.0001704006 0.001018501 0.001273274 0.001431862 0.00399807 0.002901115
96 0.000853897 0.0012041 0.0008339951 0.001302614 0.001199574 0.000167077 0.0009656611 0.001227626 0.003229241 0.001654555 0.001680416 0.002463018
97 0.001000559 0.0003061567 0.001526852 1.283419e-05 0.0009255368 0.0002093482 0.003035198 0.000497377 0.002710254 0.0006716712 0.001013314 0.002432874
98 0.0006872947 0.0002882811 0.001143311 8.846945e-05 0.0002346786 0.0005610273 0.0007020384 0.0001474055 2.954145e-05 0.001021535 0.001243278 0.0008060727
99 0.0003447207 4.996925e-05 0.0003265794 0.000330798 0.0009151852 0.0001027659 0.000721894 0.0004098283 0.002839529 0.001065936 0.002105972 0.0004668962
100 0.00214088 0.001389698 0.001720459 7.803539e-05 0.002920757 0.002048716 0.002680024 0.001145897 0.0001070865 0.0008104175 1.093705e-05 0.0003706775
