1 0.2255661 0.01105932 0.5496469 0.4464945 0.02258428 0.1068648
2 0.2506808 0.1008934 0.01581925 0.05985146 0.2401638 0.457821
3 0.2221482 0.09708149 0.5070172 0.01551039 0.4309407 0.5945953
4 0.4195813 0.2440645 0.3452932 0.3300598 0.5139152 0.5230873
5 0.06974802 0.1096115 0.1066755 0.0202336 0.4960932 0.2701437
6 0.2917043 0.3034379 0.195367 0.2820742 0.1713159 0.09354121
7 0.1156192 0.122617 0.01597097 0.04679307 0.2792851 0.204286
8 0.04271276 0.2042717 0.07722352 0.370746 0.2883804 0.01620829
9 0.2905397 0.4617307 0.6954992 0.8739603 0.2401787 0.04483327
10 0.0331789 0.04673151 0.3980689 0.6968431 0.2214409 0.133284
11 0.01786108 0.1437073 0.2606289 0.2109815 0.4284482 0.5339125
12 0.4055393 0.186796 0.576262 0.7957897 0.334564 0.3959375
13 0.08966309 0.3785503 0.01163911 0.3114316 0.220606 0.1448035
14 0.06322635 0.1548891 0.2917078 0.05083113 0.2061067 0.1205038
15 0.01776078 0.02919533 0.1953319 0.6357984 0.3628127 0.1819749
16 0.1456933 0.4399403 0.05252922 0.1741576 0.06908447 0.071673
17 0.01433499 0.1018385 0.3726016 0.7963907 0.03519332 0.1187444
18 0.1605736 0.01407084 0.07511326 0.06694115 0.05378206 0.1341946
19 0.06909072 0.06451002 0.2950528 0.3850593 0.2811405 0.3198886
20 0.06715575 0.09804965 0.4485245 0.1962667 0.1927904 0.1419061
21 0.1083181 0.07866972 0.08115642 0.0617502 0.4394434 0.3929676
22 0.1808909 0.3484643 0.4112266 0.6164298 0.7083216 0.4641574
23 0.1785915 0.02103792 0.9893627 0.747303 0.38131 0.2685298
24 0.2992581 0.3324282 0.8066909 0.4845262 0.7596197 0.7394351
25 0.3276366 0.4238247 0.1475531 0.1604915 0.02044406 0.001823222
26 0.3226154 0.03016838 0.08217065 0.1492635 0.2148563 0.6839723
27 0.03528888 0.337264 0.1195058 0.01491292 0.6379486 0.2625611
28 0.1300082 0.1996526 0.1666928 0.1986153 0.1049144 0.3380312
29 0.2102739 0.1891887 0.5972205 0.5535848 0.1748834 0.3590645
30 0.05927786 0.03267372 0.3643596 0.3640348 0.294598 0.3293408
31 0.4545213 0.285146 0.5624298 0.2397942 0.3135741 0.1230214
32 0.1417641 0.04628616 0.08184333 0.1848364 0.1072652 0.1114788
33 0.2603442 0.01795873 0.06805884 0.006251523 0.04762444 0.0521983
34 0.3120237 0.13504 0.2494646 0.02916235 0.5581516 0.2840961
35 0.2026329 0.009386463 0.3309706 0.3418397 0.07990872 0.200922
36 0.06657456 0.05687155 0.3124392 0.07439577 0.5025371 0.5179382
37 0.2134439 0.3709074 0.1997194 0.3483132 0.5287642 0.1848631
38 0.1508755 0.0388149 0.07774727 0.3153568 0.5029732 0.5052247
39 0.2639919 0.1873983 0.2668589 0.3025139 0.01447075 0.2965719
40 0.07016013 0.1289364 0.2354813 0.7125153 0.3161881 0.03235452
41 0.1085508 0.1693 0.1431624 0.02375524 0.6819766 0.8740146
42 0.1979324 0.1075623 0.1111438 0.2376971 0.150607 0.3127033
43 0.1116919 0.1223804 0.1667562 0.4579534 0.2254604 0.1933142
44 0.02741841 0.08928968 0.05162172 0.172344 0.06769311 0.007952683
45 0.1342619 0.04501839 0.2325992 0.1198775 0.01078035 0.2081491
46 0.1558073 0.2177124 0.668205 0.2554967 0.1075676 0.3141102
47 0.004528321 0.1363322 0.3004825 0.2295099 0.2816232 0.07809825
48 0.05738257 0.4162601 0.3163162 0.2802001 0.06908167 0.1091279
49 0.02223648 0.2487444 0.07873266 0.4838451 0.1133444 0.2040238
50 0.227298 0.06036645 0.4886042 0.4024917 0.1478689 0.286186
51 0.0235107 0.3926798 0.3295125 0.03854099 0.15804 0.1720136
52 0.1040363 0.09395818 0.2991783 0.1114948 0.2822084 0.0514504
53 0.02008346 0.04230104 0.1798163 0.1053148 0.04569331 0.2254332
54 0.09372478 0.09780627 0.1523742 0.3786869 0.3238506 0.3966292
55 0.1746005 0.138174 0.4118414 0.5400965 0.5076335 0.4826714
56 0.07222223 0.04732844 0.2573379 0.1405048 0.1694599 0.3714745
57 0.2111785 0.2661833 0.1760598 0.1908773 0.03812962 0.2221738
58 0.1251547 0.5258373 0.3509264 0.2716023 0.09992232 0.1192796
59 0.2462234 0.1636914 0.7145711 0.6831001 0.2078462 0.1694341
60 0.1898103 0.4450544 0.0726473 0.3469652 0.01811773 0.2183659
61 0.04477031 0.05035262 0.01246942 0.06129007 0.178642 0.1785902
62 0.2346853 0.1437378 0.522339 0.3184436 0.2322675 0.01903051
63 0.265259 0.4128512 0.03694154 0.08689708 0.4545879 0.2987106
64 0.04945832 0.1826442 0.3728333 0.4711516 0.3883721 0.3520923
65 0.1833732 0.2571704 0.03774782 0.5975503 0.05621829 0.02617583
66 0.1669503 0.1282792 0.03208364 0.1728783 0.3434641 0.08260038
67 0.2506559 0.4890412 0.1670451 0.2505872 0.1276474 0.3057962
68 0.04433754 0.1643459 0.681665 0.04684825 0.05541419 0.07022337
69 0.1266615 0.09059323 0.2990529 0.001030873 0.3266968 0.5948677
70 0.06619276 0.06032942 0.1775879 0.3508261 0.8118111 0.7415398
71 0.1950428 0.3488259 0.2050195 0.3309173 0.2987006 0.4107453
72 0.2502935 0.2005938 0.2260312 0.4152904 0.3939714 0.5168205
73 0.1789636 0.182537 0.6607576 0.1902582 0.7412872 0.5397451
74 0.2584839 0.1407514 0.2009167 0.07582462 0.1389516 0.238789
75 0.09978882 0.291337 0.03610376 0.05905108 0.03635376 0.3523277
76 0.4556587 0.09340601 0.05383813 0.1653201 0.1490309 0.1763121
77 0.1644752 0.1084323 0.1189712 0.1110519 0.2196855 0.1309319
78 0.06700756 0.2399442 0.7256944 0.503231 0.1312564 0.1871484
79 0.03942163 0.06516312 0.3217994 0.508514 0.2470031 0.1798223
80 0.01242007 0.03559546 0.1802956 0.1338164 0.5082931 0.4491954
81 0.1512387 0.005696742 0.1623895 0.1042669 0.1201548 0.07613783
82 0.1118497 0.1922277 0.07047182 0.08631098 0.1487282 0.06177068
83 0.06643971 0.2581908 0.1817527 0.1291351 0.4062337 0.6414327
84 0.3543287 0.1063218 0.05208835 0.0298155 0.06787115 0.01797109
85 0.4014925 0.1207496 0.1736828 0.2174879 0.6468489 0.5405167
86 0.2380188 0.07321757 0.1199326 0.01229618 0.06013765 0.008355751
87 0.2356139 0.1897002 0.08271653 0.03059765 0.4935736 0.566944
88 0.2613065 0.4079666 0.6415447 0.4414685 0.3145809 0.2524133
89 0.0901558 0.04506917 0.2788408 0.7335397 0.2155919 0.05403785
90 0.04725871 0.1569115 0.2928696 0.04511711 0.2632974 0.4259427
91 0.2449648 0.08208171 0.2434141 0.3217637 0.340122 0.2271202
92 0.08667204 0.1145262 0.09865047 0.293984 0.1985188 0.1281868
93 0.1435301 0.1319209 0.5640112 0.6760392 0.07655252 0.2488464
94 0.2221482 0.09708149 0.5070172 0.01551039 0.4309407 0.5945953
95 0.08966309 0.3785503 0.01163911 0.3114316 0.220606 0.1448035
96 0.01433499 0.1018385 0.3726016 0.7963907 0.03519332 0.1187444
97 0.1644752 0.1084323 0.1189712 0.1110519 0.2196855 0.1309319
98 0.0331789 0.04673151 0.3980689 0.6968431 0.2214409 0.133284
99 0.1156192 0.122617 0.01597097 0.04679307 0.2792851 0.204286
100 0.1669503 0.1282792 0.03208364 0.1728783 0.3434641 0.08260038
