1 0.0002992842 0.0001876768 0.0007229314 0.0002052769 0.0004960823 0.0002011889 0.00122339 0.0002992873 0.0004928958 0.0003322046 0.0004632831 0.0009736092
2 8.212399e-05 1.087804e-05 0.0007418083 0.0004457085 0.0002184818 0.0008948187 0.0005307654 0.0005745469 0.001693237 0.0006844989 0.0002300478 0.0006711862
3 0.0008559664 0.0001802576 0.0004732503 0.0001309145 0.0001369207 0.0004541851 0.0008199209 0.0005366439 0.0002156434 0.0004214507 0.0001494268 0.0001656821
4 0.0007809346 0.0005713933 5.394581e-06 0.0005354149 0.001177308 0.0007943759 0.0004335809 0.0001399554 0.001206412 8.432774e-05 0.00220048 0.001543567
5 0.0002887381 6.718332e-05 0.0007486157 6.321345e-05 0.0003479163 0.0002594598 8.221444e-06 0.0004527572 0.0007790073 0.001299053 0.001813581 0.0004830702
6 0.0004657407 0.0001235511 0.0008338415 0.0004479246 0.001379411 0.0003775769 0.0004847462 0.0008054309 0.002001233 0.000311292 0.0002434202 0.0007639045
7 0.0005716019 9.73032e-05 0.0001589753 0.0001900489 0.0002478973 0.0004507242 0.0004942214 0.0001585296 0.001826656 0.0003597474 0.0002069607 0.0007676557
8 0.0005802296 0.0001611407 0.0004822954 0.0001719496 0.001122449 0.0001368691 0.0008696564 0.0001286184 0.0007336548 6.929377e-05 1.910423e-05 0.0009505184
9 0.0001494599 0.0001026754 0.0006132465 0.000229539 0.0002802704 0.0001412493 0.001139205 0.0009679945 0.000168916 0.001022054 0.0007411669 0.0007901538
10 0.0007017543 0.0001738296 0.0005383511 0.0001203554 0.0001387564 0.0001938236 0.0006224644 0.0003801166 0.001085608 0.0008050431 0.0008342193 0.001049748
11 0.0004007794 0.0002611947 0.0004507296 0.0001448885 0.0002254703 0.0005926219 0.0007224325 0.0008180509 0.0002624444 0.0005700519 0.0001309484 0.00193055
12 0.0002454145 4.767115e-06 0.0004170343 3.98724e-05 0.0005228769 0.0005824805 4.582407e-05 0.0005055238 0.0009729092 0.0002409007 0.0008383042 0.0003901731
13 0.001214378 0.0001105247 0.0007926847 0.000512093 0.0004994831 0.0004501922 0.0005044136 0.0001279366 0.001526548 3.538597e-06 0.0005529036 0.001638185
14 0.0001258816 9.237624e-05 0.0002316274 0.0002862046 4.659074e-09 0.0002848661 5.757868e-05 0.0005815533 0.0008279628 0.0002267797 0.000685968 0.001618156
15 6.081484e-05 2.894469e-05 0.0003342652 9.870415e-05 0.0001728572 0.0003819105 0.001025537 0.0003982542 0.001893909 0.000402906 0.0004899933 0.0002535574
16 0.0005756848 0.0003852583 0.0004362289 0.0003694534 0.0008031813 0.0009032968 0.0002248406 0.0003626108 0.0008403371 0.0002190095 0.0005117486 0.000705402
17 0.0005442112 0.0002360436 0.0005424202 8.773287e-05 0.000246617 0.0003006552 0.0008757015 0.0002671084 0.00117813 0.001431823 0.0007645643 0.002129628
18 0.0002865806 3.982536e-05 0.0003279112 0.000249601 3.355108e-05 0.001073032 0.0001549328 0.000124552 0.000466113 0.001047912 0.0002617592 0.003307567
19 0.0003198123 0.0002678479 0.0006176656 0.0004515503 0.0002614228 0.000187634 0.0005564655 0.0003376998 0.001950589 0.0007034008 0.001271664 0.0009080229
20 0.0007685188 4.042416e-07 0.000937171 0.000257065 0.000308724 0.0003215866 2.187903e-05 0.000281291 0.0001530029 0.0001243819 9.585322e-05 0.00104774
21 0.0002566137 2.535665e-05 0.0006192321 0.0001603993 0.0001540755 0.0004748085 0.0004156426 0.0001946811 0.002035525 0.0004440624 0.001980637 0.001342855
22 0.001321775 0.0003567747 0.0002451075 1.453721e-05 0.0006611311 0.0002082817 9.578865e-05 0.000806689 0.0008439734 0.001277679 0.0008900791 0.002157398
23 2.356574e-05 0.0005696845 0.0001701907 0.0008731717 0.0005324208 0.0004021437 2.207553e-05 4.688898e-05 0.0001008242 0.0004280337 0.001067161 0.0001568355
24 0.0005648675 0.0005354755 2.275795e-06 0.0002488292 0.0008736789 0.0006911169 0.001914348 0.001528237 0.001549559 0.0001766664 0.001256361 0.0002689773
25 0.0006621419 8.613342e-05 0.0009722383 7.698052e-06 2.590196e-05 0.0002332054 0.0001684206 0.0002115383 0.0004481511 5.71116e-05 0.0008358663 0.001351179
26 3.332092e-05 8.546616e-05 0.0008726479 0.0001324147 7.504692e-05 0.0004417754 0.0009716456 7.744144e-05 0.003385115 0.0008804306 0.0006845445 0.001171799
27 2.673679e-05 9.069007e-05 0.001805991 0.00013635 5.610328e-06 0.000408302 0.0003979939 7.553816e-05 3.674029e-05 0.0006484884 0.001906607 0.0004622174
28 0.0001171249 3.481274e-05 7.729692e-05 0.0002185782 0.0002023125 0.0005153908 0.000412364 0.0002144517 0.0006111638 0.0001683561 0.0001089927 0.001048866
29 0.0001720389 0.0001185541 0.0004483031 0.000119969 0.0008743373 0.0001578791 0.0007254599 0.0005755416 0.001857694 0.001259593 0.001551193 7.234388e-05
30 0.001150801 0.0002038413 0.0001313551 0.0001539015 0.0004770925 0.0008718778 0.0006297243 0.000293069 0.0001899482 0.00143863 0.001746732 0.00177371
31 0.0007277395 8.29912e-05 0.001043829 9.742308e-05 0.0001817715 0.0003952945 0.0003451569 0.000493146 0.003184541 0.001167678 0.0015322 0.000554185
32 7.24104e-05 1.758175e-05 0.0009253889 1.525553e-05 0.0001634025 0.0001892138 0.0008600287 8.260086e-05 0.000162454 0.0001880182 9.176705e-05 0.000365387
33 0.0002681139 0.0001381693 0.0001747811 8.643044e-06 0.0002957042 7.766147e-05 0.0004562115 0.0007540455 0.001430475 0.001240482 0.001601451 0.0009594226
34 0.000598522 0.0002914085 0.0005274901 8.180554e-05 0.0003953034 0.0002570161 0.0008979105 0.0005333048 8.134735e-05 0.0008554538 5.490415e-05 0.000173336
35 0.0009072076 0.0001567821 0.000140768 0.0002096978 0.0002299994 0.0008766793 0.0007537933 0.0002854958 0.0005740064 0.0001306399 0.0009725733 0.001424921
36 0.0005321922 9.464311e-05 0.0009562983 0.000210256 0.0004104684 0.0006976468 0.0005306259 0.0003749016 0.003223025 0.0005371009 0.0003759743 0.001621132
37 0.0008136983 0.0001208068 1.424826e-05 0.0003407887 0.0005341976 0.0002692805 0.001552839 0.0008667088 0.001265494 0.001621662 0.001049266 0.0006554029
38 0.0002913843 0.000187161 0.0005222473 0.0005578 0.0005801759 0.001283721 3.083058e-07 8.916168e-05 0.002217849 0.0005526252 0.0001138146 0.000974529
39 0.0001782131 0.0003064504 0.0002022166 6.522598e-05 0.0002993384 0.0009694616 0.0009143833 0.0003477172 0.001672791 0.0008328049 0.001812865 0.001865473
40 0.0001850988 0.0001405161 0.0003344071 0.0003870858 1.546258e-05 0.002054837 0.0006815246 7.473456e-06 0.001896999 0.0003012819 0.001163019 0.001192693
41 2.035763e-05 0.00031954 0.0006238381 0.0001659744 5.628796e-05 5.206542e-05 0.0006348579 0.0001321775 0.0006511934 0.000548837 0.0008474644 0.001351323
42 0.0001947807 0.0003734219 0.00128085 0.0009872225 0.0007764575 0.0004236496 0.0005688314 0.0001127922 0.002182998 0.0005199983 0.001326778 0.001384683
43 0.0005152218 0.0001274571 0.0002951309 0.0001832954 0.0008713271 0.0004385297 0.001562309 0.0005958457 0.0013613 0.0005103916 0.0001250101 0.001091341
44 0.0004629338 3.478366e-05 0.0003443889 0.0001273509 0.0004038727 0.0005556259 3.208518e-05 5.549494e-05 0.0004182866 0.0005697952 0.0003191147 0.001860013
45 0.000539107 0.0002775861 0.0003640799 0.0008652412 7.841211e-05 0.00131302 0.0006450858 5.387684e-05 0.001923446 0.0002407139 0.0003856265 0.001010912
46 0.0006373635 8.795344e-05 0.0002855896 0.0002451962 0.0005404767 0.0009043827 0.001526938 0.0002288407 0.0008033128 0.0004850516 0.0003030601 0.001888741
47 0.0001711044 0.0002102364 0.0001633073 3.834597e-06 0.0005294437 5.21344e-05 5.329453e-05 0.0001958782 0.001945131 0.0002410564 0.0002733073 0.0003757979
48 0.0002566499 6.986433e-05 0.0007568479 4.634465e-05 0.0004366888 0.0004409188 0.001013558 7.029645e-05 0.0006606132 0.0002267693 0.0004111827 0.0009609311
49 0.0008903602 0.0005498112 9.405844e-05 0.0005089722 0.0005094746 0.0002025708 0.0008013508 9.11117e-05 0.001884615 0.0002755541 0.0003285143 8.978035e-05
50 0.000588742 0.0005852356 0.0002558538 0.0008612873 0.0002118197 2.672941e-05 1.224212e-05 0.0004981385 0.002837942 0.000392152 0.0006234926 0.001358358
51 4.309888e-05 0.0002481275 0.000969128 0.0005669367 6.934155e-05 0.0005713566 0.001237683 0.0005320544 0.0003987096 0.0004696714 0.0005979121 2.006341e-05
52 0.0001409239 0.0001403862 0.0004156018 1.369233e-05 0.0003793099 0.0005912633 0.0004859786 0.0006259691 0.0009584346 0.0008472353 0.0005223107 0.0005001617
53 1.906796e-05 0.000339547 0.000866165 0.0005379367 0.0005637498 0.0002450487 0.0002224202 0.0001162639 8.62626e-05 0.0002449632 0.0007286004 0.0005844265
54 0.000664458 3.479907e-05 0.0007986447 0.0002493645 0.001105144 0.0002353575 8.178669e-05 9.288047e-05 0.0001223352 0.0005447968 0.001083211 0.0006296779
55 0.0006308409 6.38605e-06 0.0001217071 0.0002032379 0.0002407698 1.573104e-05 0.001263549 0.0004397951 0.0004657343 0.0008213444 0.0003764268 0.00248742
56 0.000100556 7.21063e-05 0.0001172284 4.696937e-06 0.0003620736 0.0004738688 0.0009541489 0.0001448787 0.0007602125 2.042807e-05 0.0008773288 1.860743e-05
57 0.0009357981 1.885632e-05 0.0002057898 4.146812e-05 8.673675e-05 0.0005903613 0.0007102827 1.581649e-06 0.0005787921 0.0005658998 0.0003597114 0.001274505
58 0.0007856738 6.647253e-05 0.0005012496 0.0002344076 0.001189814 0.000476678 0.0003694513 0.0001159151 0.001453114 0.0009094414 0.0003986103 0.003564567
59 0.0001844313 0.000719238 0.0006315914 0.0001235759 0.0005451475 0.001184987 7.145656e-05 0.0003403714 0.0008111814 0.0009512928 0.00102179 0.001868756
60 0.001063702 0.0001096547 0.0007364918 0.0001207643 0.0005340051 0.001608711 0.000687744 0.0001528705 0.0004587012 0.0004376087 0.0002401579 0.0002800754
61 0.000306763 1.125146e-06 0.0002742513 0.0002167575 0.0007066711 3.298948e-05 0.003033865 0.000129475 0.001598517 0.0002649868 0.0004935048 0.001043253
62 0.0001732903 9.84248e-05 0.0004724358 0.0003278632 9.774124e-05 0.0005841851 0.001020944 0.0007696357 0.001711675 0.001122273 0.0005828886 0.001717331
63 0.000276646 0.0001400885 0.0001566676 0.0001421244 4.116048e-05 0.0002582457 0.001619684 0.0003065808 4.477683e-05 0.000112113 0.001169384 0.0005707953
64 0.0002604408 8.54439e-05 0.0005322017 0.0006057565 0.000172013 0.001121064 0.001175676 0.0004397974 0.00128704 6.954575e-05 0.001487246 0.001569071
65 0.0006312079 0.0004670178 0.00062203 0.0003851863 0.0003382095 0.001741561 0.001007366 0.0002389288 0.0007644804 0.0003320535 0.001088849 0.0003063472
66 0.0003113897 9.467979e-05 2.600637e-05 0.0002287925 0.0009300052 0.0003046768 0.002180225 8.842045e-06 0.0003447102 0.0004349459 0.0004774385 0.00221599
67 0.000558593 9.267084e-05 0.000880911 0.0001088926 0.0002038047 0.0009186391 0.001382477 0.0008308751 0.0001375234 0.002267611 0.002321974 0.003469632
68 0.0004828585 0.0001732703 0.0003974596 3.199978e-05 0.0004352601 0.0006751235 0.0016932 0.0001092645 0.002418869 0.0001642014 0.000543588 0.001542185
69 6.792333e-06 7.146488e-07 0.0004555898 3.420869e-05 0.0009970796 0.001070192 0.0008046427 0.0003479259 7.004088e-05 0.000233598 0.0005762802 0.0007797182
70 0.000682854 0.0001359172 7.728468e-05 0.0004804381 4.200766e-05 0.0004618824 0.0006792998 0.0003709055 0.0009945518 0.001075668 0.0005289689 0.00130535
71 0.0003889279 0.000124123 0.0002931761 0.0003288613 0.0002397695 0.0002959416 0.0002354789 0.0005271716 0.0006223381 0.0006973016 0.001193526 0.001085745
72 7.238349e-05 0.0002233507 0.0006231787 0.0001281556 0.0008905037 0.001090904 5.131157e-05 0.0004642662 0.0003831577 6.347978e-05 0.0003771105 0.00186011
73 0.0008848239 2.516184e-05 0.0007864153 8.006113e-05 0.0003158888 0.0003479468 0.0007237475 0.000279627 0.0005073614 0.0009761083 0.0002451871 0.001804603
74 4.80133e-05 0.0003631411 0.0007922054 0.0006197082 0.001296597 0.0002254895 0.0006567882 4.233983e-05 0.002764778 0.0001001229 0.001186666 0.0001337108
75 0.0005905965 1.513093e-06 0.0001515496 0.0003267952 0.0003691514 0.001257472 0.0007772344 0.0003644937 0.0007039217 0.0003746089 0.001259665 6.481003e-05
76 2.945084e-05 3.189245e-05 0.0003289884 9.800283e-05 0.0007061792 0.001326196 0.001371351 0.000784618 0.001324698 0.00131844 0.000419558 0.0008077827
77 0.000269331 0.0001601041 0.0001436469 0.000236806 0.000384867 0.0007711492 0.0003586596 0.0002937345 0.001160212 3.923205e-05 0.0005761521 0.000702654
78 0.0003203877 0.0002332972 0.0006027382 0.0001838111 0.0002164744 0.001614833 0.0003200618 3.898928e-05 0.002115425 0.0006977951 0.0009551274 0.000324967
79 0.0004867635 0.000421501 7.66139e-05 0.0006526999 8.891807e-05 0.0004779891 8.258372e-05 4.921873e-05 0.001318857 0.000318167 5.276002e-05 0.001907689
80 0.0007159543 0.0002263406 0.0001707694 8.254466e-05 0.00025975 0.0006158576 0.001064428 0.0001679242 0.0005465705 0.000821998 0.001823255 0.0007632478
81 0.0005449262 0.0002995469 0.0008717774 8.722553e-05 0.001141642 0.001628802 0.001132141 0.0001975191 0.0001846454 0.0007366732 0.000117941 0.0005074824
82 0.0001829618 4.892433e-05 0.0005166677 0.000184254 0.0001580186 0.0004648859 0.001122947 0.0002250899 0.0007655775 0.0009722374 0.0002793549 0.00149055
83 0.0005492823 0.0001559411 0.0003058503 4.614436e-05 8.322604e-05 0.0005330562 0.0006428406 0.0009615908 0.0001427254 0.0004457705 1.753004e-05 0.001038956
84 1.024803e-05 0.0003623633 0.0004030569 3.437883e-05 0.001254061 9.59237e-05 0.0003098567 0.0001567712 0.001852029 0.0004870758 3.168557e-05 0.0001069197
85 0.0003708049 0.0004159868 0.0005113723 0.0002242268 0.0008998231 4.104935e-06 0.00136074 0.0001273817 1.611656e-05 0.0005903503 0.0008743575 0.0005016883
86 0.0003063759 6.030594e-05 0.000778799 0.0003317241 0.0002919462 0.0006828185 0.001116509 0.0004723802 0.0001770303 0.0007034149 0.000917081 0.0006685713
87 0.0001809878 0.0003677597 4.887828e-05 0.0002400235 0.000131246 0.001505583 0.0007459158 0.0009759182 0.0009316623 0.0003872408 0.0004554793 0.0006772791
88 0.0008191722 7.139746e-05 0.0001725977 2.875016e-05 0.0002460522 0.0006375117 0.0004508305 0.0004637399 0.000996112 1.835784e-05 0.000354809 0.001544454
89 0.000132093 0.0001157918 0.000303257 0.0005644742 0.0006668029 0.0008866186 0.0008710839 0.0001507789 0.00106519 0.0007968731 0.0009551793 0.001450441
90 4.335731e-05 8.150955e-05 0.0002337833 0.0003207947 0.0002410907 0.0002289202 0.001691309 0.0003227108 0.001587566 0.0002565802 0.0006610628 0.0001515629
91 0.0002995979 0.000536987 6.771635e-05 0.0001883836 0.0001570863 0.001005473 0.0008912302 0.0002965681 0.0005177713 0.0006917593 0.0004129662 5.926902e-05
92 0.0003272708 3.139956e-05 0.0006416657 0.0002226622 1.940695e-05 0.0006575404 6.002836e-05 0.0001670416 0.0003395286 1.449396e-05 1.435973e-05 0.0006366718
93 0.000156325 0.0001794971 5.599785e-05 0.0001179763 0.0003653999 0.0004591411 0.0006896312 0.000459635 0.001899295 0.000592791 0.0007627308 0.0001930409
94 0.0008559664 0.0001802576 0.0004732503 0.0001309145 0.0001369207 0.0004541851 0.0008199209 0.0005366439 0.0002156434 0.0004214507 0.0001494268 0.0001656821
95 0.001214378 0.0001105247 0.0007926847 0.000512093 0.0004994831 0.0004501922 0.0005044136 0.0001279366 0.001526548 3.538597e-06 0.0005529036 0.001638185
96 0.0005442112 0.0002360436 0.0005424202 8.773287e-05 0.000246617 0.0003006552 0.0008757015 0.0002671084 0.00117813 0.001431823 0.0007645643 0.002129628
97 0.000269331 0.0001601041 0.0001436469 0.000236806 0.000384867 0.0007711492 0.0003586596 0.0002937345 0.001160212 3.923205e-05 0.0005761521 0.000702654
98 0.0007017543 0.0001738296 0.0005383511 0.0001203554 0.0001387564 0.0001938236 0.0006224644 0.0003801166 0.001085608 0.0008050431 0.0008342193 0.001049748
99 0.0005716019 9.73032e-05 0.0001589753 0.0001900489 0.0002478973 0.0004507242 0.0004942214 0.0001585296 0.001826656 0.0003597474 0.0002069607 0.0007676557
100 0.0003113897 9.467979e-05 2.600637e-05 0.0002287925 0.0009300052 0.0003046768 0.002180225 8.842045e-06 0.0003447102 0.0004349459 0.0004774385 0.00221599
