1 0.3566378 0.9131954 0.3175747 0.2515081 0.140271 0.1613495
2 0.1207021 0.103548 1.707143 1.142323 0.02679713 0.04444022
3 0.09094336 0.09538774 0.4999529 0.3350316 0.9979914 0.2242331
4 0.001442136 0.06721392 0.05831195 0.1079739 0.3543393 0.08868982
5 0.1736989 0.21201 0.6291564 0.03614292 0.2464245 0.7441522
6 0.002258633 0.1418842 0.6700633 0.3641283 0.08023146 0.2519354
7 0.0208197 0.001731459 0.0341149 0.09247128 0.08032804 0.2310001
8 0.2573899 0.2738484 0.740131 0.7909577 0.2326166 0.08315717
9 0.2879714 0.3990531 0.002599088 0.2969966 0.5289886 0.2293249
10 0.1711837 0.1782849 0.3378414 0.4464854 0.03465272 0.07273402
11 0.1867806 0.09049427 0.3426392 0.07955817 0.6876517 0.9671026
12 0.1143539 0.120029 0.4071928 0.5593222 0.2344581 0.09945455
13 0.07539382 0.4265918 0.7253705 1.269507 1.155375 0.71376
14 0.3051335 0.08119044 0.1809739 0.1416305 0.06898137 0.1305977
15 0.297217 0.09149989 1.117636 0.2867753 0.238365 0.2602823
16 0.0327477 0.224373 0.6506545 0.1434725 0.4676375 0.07261932
17 0.1226059 0.05271326 0.01839824 0.06082757 0.1359556 0.07454144
18 0.3087026 0.2879601 0.1447438 0.7749503 0.4326917 0.01070323
19 0.01760501 0.1736338 0.2480758 0.3120942 0.6702608 0.01723785
20 0.06786257 0.2940659 0.06131252 0.2037339 0.06595465 0.1260759
21 0.0416478 0.3952033 0.2978149 0.7357799 0.3664678 0.3524415
22 0.142808 0.09490449 0.2824636 0.2502946 0.6871733 0.67644
23 0.3107649 0.04351557 0.2779282 0.2968606 0.1614188 0.136076
24 0.1480867 0.3454961 0.3399905 0.04024455 0.1391181 0.2431263
25 0.04650167 0.003445683 0.3709734 0.4948756 0.3635546 0.1703595
26 0.2100187 0.1685414 0.1121589 0.2747797 0.7893071 0.1135079
27 0.1647555 0.2474572 0.1001612 0.2160719 0.05879915 0.09509506
28 0.121732 0.1684122 0.475982 0.1343061 0.2588658 0.3383833
29 0.01024134 0.01039574 0.1722374 0.3007004 0.06019012 0.1730611
30 0.3511666 0.3328689 0.9030718 1.726288 0.2381787 0.0599945
31 0.1976978 0.231092 0.06161141 0.2395843 0.1070874 0.03137362
32 0.3663313 0.2200628 0.3699861 0.1212329 0.6936605 0.2010955
33 0.1808423 0.05060791 0.07428932 0.3296085 0.433723 0.7579812
34 0.522322 0.5998845 0.3247947 0.2177934 0.3584221 0.2589194
35 0.002060949 0.2001239 0.2599572 0.4578973 0.3094115 0.4131263
36 0.3618938 0.1314811 0.8105984 0.5879088 0.1853589 0.005507012
37 0.3448227 0.1077009 0.5636167 0.3881484 0.08938678 0.0147877
38 0.1173596 0.345836 0.1265917 0.2761666 0.3078827 0.1694989
39 0.0565948 0.3533551 0.1343691 0.5059119 0.2725206 0.1402731
40 0.1057998 0.03977754 0.4801527 0.1063516 0.1291836 0.5504946
41 0.07563076 0.3905876 0.5751179 0.3091886 0.2561694 0.02869477
42 0.3348083 0.3433476 0.7355785 1.346441 0.4933546 0.1299544
43 0.984419 0.1820037 1.131784 1.405614 0.005670199 0.4936682
44 0.2607586 0.5472442 0.2501651 0.5895333 0.04947146 0.03267275
45 0.1212971 0.3174916 1.083446 0.7371992 0.4718785 0.4601912
46 0.4475828 0.1866566 0.01383664 0.06168361 0.7736887 0.2678387
47 0.03440469 0.5479654 0.1639228 0.7048863 0.2941139 0.1588865
48 0.6701993 0.02291039 0.1943322 0.5780063 0.003016584 0.28167
49 0.00277609 0.08741579 0.1527897 0.6261014 0.6885447 0.2638957
50 0.1091251 0.0122014 0.04419757 0.3070412 0.3304767 0.5802014
51 0.4712752 0.3061193 0.2417732 0.9259014 0.09301166 0.9192425
52 0.1266117 0.3560571 0.394915 0.2283408 0.1648054 0.6714093
53 0.01018979 0.2313995 0.6157679 0.6231205 0.1589144 0.1363237
54 0.286453 0.6763663 0.01118054 0.6495593 0.1397085 0.05131024
55 0.2399174 0.1462488 0.1601389 0.6376231 0.3214816 0.4476212
56 0.1164894 0.5702835 0.1315505 0.2028238 0.2205662 0.2972464
57 0.08073617 0.2524781 0.005340625 0.2158442 0.1910218 0.3318789
58 0.3078927 0.03508735 0.289747 0.2102255 0.4948278 0.2753765
59 0.06188373 0.1409926 0.02278976 0.2676008 0.03828953 0.1643069
60 0.3996504 0.2304274 0.5628738 0.02061073 0.00585586 0.2809882
61 0.305563 0.1392578 0.7070851 0.3405765 0.2930045 0.3434457
62 0.1486098 0.1312053 0.2281904 0.3528536 0.1755112 0.2630421
63 0.2235814 0.1923984 0.7421354 0.5269118 0.2653277 0.3298254
64 0.05523919 0.1716694 0.1219369 0.4885441 0.8623445 0.633704
65 0.2639917 0.2004549 0.1502304 0.3346977 0.2198202 0.06079336
66 0.2703994 0.2502663 0.231175 0.3714753 0.008123617 0.09969583
67 0.2350964 0.08944276 0.3720602 0.1867381 0.279771 0.4306591
68 0.3195419 0.001063845 0.4039063 0.2023065 0.03149372 0.1142025
69 0.01397295 0.1814266 0.2664116 0.1185919 0.1384003 0.04363263
70 0.08524838 0.2515861 0.5318918 0.4206818 0.1576988 0.5310477
71 0.4651695 0.1724545 1.663821 0.5783223 0.3588189 0.04417447
72 0.004323369 0.292459 0.03582974 0.1718986 0.6358878 0.5462651
73 0.1053135 0.4184524 1.468428 0.7736681 0.3382523 0.3398877
74 0.2426996 0.04729734 0.1267053 0.1545158 0.997159 0.50956
75 0.01237806 0.4289559 0.4640118 0.4554488 0.2971784 0.005003771
76 0.1114183 0.3045212 0.477907 0.2455223 0.314954 0.316429
77 0.4795743 0.2771332 0.4224796 0.4266475 0.01049181 0.3947884
78 0.2223732 0.266425 0.1365375 0.2147218 0.3752032 0.804909
79 0.1323273 0.0828901 0.09056774 0.212765 0.203044 0.8070162
80 0.08440517 0.05419917 0.1825068 0.05978197 0.39705 0.1323991
81 0.07119349 0.7407926 0.6549734 0.2728714 0.08359553 0.05852552
82 0.4328876 0.3260698 0.6314708 0.7906259 0.215213 0.1037999
83 0.1803158 0.08859994 0.1997673 0.2095182 0.4872233 0.5377015
84 0.3693154 0.09872286 1.092851 0.2196562 0.1258932 0.1196698
85 0.2490123 0.2702746 0.5027941 1.491797 0.08236576 0.3705227
86 0.2048517 0.217869 0.09027252 0.2480011 0.5031145 0.226147
87 0.2732032 0.02186215 0.1833943 0.2364854 0.5871665 0.3519426
88 0.2298134 0.2308723 0.3356093 0.7136741 0.007691277 0.1225818
89 0.209835 0.5289861 0.4383964 0.480493 0.08822812 0.3421032
90 0.326222 0.2885223 0.001136553 0.2867003 0.1020628 0.05955954
91 0.04235934 0.2180511 0.1279005 0.2642694 0.234434 0.1195213
92 0.03218251 0.2260137 0.2149607 0.9112829 1.078982 0.9400205
93 0.04779541 0.1316689 0.09686274 0.137823 0.4601736 0.3217723
94 0.09094336 0.09538774 0.4999529 0.3350316 0.9979914 0.2242331
95 0.07539382 0.4265918 0.7253705 1.269507 1.155375 0.71376
96 0.1226059 0.05271326 0.01839824 0.06082757 0.1359556 0.07454144
97 0.4795743 0.2771332 0.4224796 0.4266475 0.01049181 0.3947884
98 0.1711837 0.1782849 0.3378414 0.4464854 0.03465272 0.07273402
99 0.0208197 0.001731459 0.0341149 0.09247128 0.08032804 0.2310001
100 0.2703994 0.2502663 0.231175 0.3714753 0.008123617 0.09969583
