1 0.01120171 0.02495151 0.02495151 0.148747 0.06322201 0.1695253 0.1695253 0.4811628 0.09333038 0.22824 0.22824 0.03594305
2 0.02872976 0.09347386 0.09347386 0.0946598 0.05017555 0.146208 0.146208 0.3604965 0.05341575 0.02070102 0.02070102 0.2048209
3 0.06406392 0.004019897 0.004019897 0.2136121 0.05913839 0.0790815 0.0790815 0.4045418 0.01530592 0.1405246 0.1405246 0.2064655
4 0.1532329 0.02626225 0.02626225 0.07934898 0.8644991 0.2512849 0.2512849 0.2452552 0.1611949 0.1135699 0.1135699 0.08379549
5 0.1391624 0.02725149 0.02725149 0.02553854 0.5946946 0.2394049 0.2394049 0.1542376 0.1812557 0.1904401 0.1904401 0.2580186
6 0.09990365 0.1433927 0.1433927 0.157244 0.2784957 0.2630967 0.2630967 0.08180628 0.3198258 0.109972 0.109972 0.108372
7 0.118828 0.04072411 0.04072411 0.1579373 0.02615745 0.04266342 0.04266342 0.02155937 0.2606767 0.03000972 0.03000972 0.2586583
8 0.1696855 0.03576615 0.03576615 0.02568343 0.1758732 0.3247087 0.3247087 0.4016164 0.2209791 0.09512267 0.09512267 0.04902633
9 0.04461276 0.1134204 0.1134204 0.1955232 0.05579424 0.1300092 0.1300092 0.4172857 0.02276179 0.02769863 0.02769863 0.003065541
10 0.05032699 0.1347779 0.1347779 0.1124719 0.1136573 0.02481064 0.02481064 0.1003926 0.103319 0.1156493 0.1156493 0.06905955
11 0.09335628 0.01562085 0.01562085 0.06535842 0.1074547 0.1075357 0.1075357 0.1864011 0.1165204 0.1747318 0.1747318 0.123586
12 0.02701275 0.1167643 0.1167643 0.1409485 0.04898847 0.1657886 0.1657886 0.4129064 0.03449472 0.1941067 0.1941067 0.6898655
13 0.05115253 0.05928946 0.05928946 0.06992746 0.1263661 0.09451144 0.09451144 0.5336741 0.2175683 0.1781886 0.1781886 0.2292799
14 0.0815191 0.05356385 0.05356385 0.03028289 0.2618453 0.02904024 0.02904024 0.01811061 0.1564701 0.2803055 0.2803055 0.363559
15 0.01040803 0.007276385 0.007276385 0.04019595 0.3066452 0.04045761 0.04045761 0.1549282 0.04771546 0.1363141 0.1363141 0.1212885
16 0.1175209 0.1134903 0.1134903 0.03690043 0.197556 0.007483077 0.007483077 0.0218667 0.009640321 0.03210185 0.03210185 0.1096199
17 0.03080694 0.09022526 0.09022526 0.109957 0.2058101 0.08685094 0.08685094 0.2955164 0.08262355 0.01763629 0.01763629 0.1672237
18 0.0278197 0.007025353 0.007025353 0.03931284 0.07317942 0.06977322 0.06977322 0.1097356 0.2049385 0.06070472 0.06070472 0.1140506
19 0.06478115 0.06574531 0.06574531 0.1397063 0.5549354 0.2158145 0.2158145 0.0600526 0.236968 0.1249025 0.1249025 0.5600843
20 0.08159049 0.01743922 0.01743922 0.1599004 0.1796193 0.04375765 0.04375765 0.255633 0.2769244 0.1552338 0.1552338 0.1771281
21 0.1030498 0.002161242 0.002161242 0.1784983 0.04005045 0.001047356 0.001047356 0.0837227 0.05088679 0.1296612 0.1296612 0.07256287
22 0.1247457 0.1235961 0.1235961 0.004707626 0.05448199 0.2037191 0.2037191 0.02223853 0.256133 0.02225114 0.02225114 0.08281725
23 0.06061508 0.08773676 0.08773676 0.2861875 0.1246851 0.01176275 0.01176275 0.2765843 0.2475371 0.2075301 0.2075301 0.02795573
24 0.2235471 0.07444366 0.07444366 0.1386535 0.01981336 0.1096487 0.1096487 0.182797 0.042789 0.1938358 0.1938358 0.3719853
25 0.1336482 0.03945892 0.03945892 0.2294556 0.008422764 0.02966439 0.02966439 0.2214565 0.08029708 0.147256 0.147256 0.1209916
26 0.13134 0.0004900808 0.0004900808 0.1253326 0.1803353 0.3236694 0.3236694 0.1153112 0.025055 0.1673223 0.1673223 0.05584815
27 0.05963788 0.06132004 0.06132004 0.08223788 0.1661717 0.1271722 0.1271722 0.3501437 0.06772256 0.1455111 0.1455111 0.1310563
28 0.002611842 0.1514107 0.1514107 0.1689502 0.1343191 0.148537 0.148537 0.3340006 0.139961 0.07293004 0.07293004 0.04607627
29 0.001865857 0.01478897 0.01478897 0.1084111 0.1185021 0.0842373 0.0842373 0.2676856 0.1600707 0.1009217 0.1009217 0.3059613
30 0.08957621 0.1004294 0.1004294 0.1864455 0.3933617 0.007032282 0.007032282 0.219612 0.1185945 0.1943736 0.1943736 0.07561218
31 0.04439662 0.02428832 0.02428832 0.04586079 0.4632115 0.1403255 0.1403255 0.1295665 0.01940691 0.09942638 0.09942638 0.1125483
32 0.004202524 0.01405112 0.01405112 0.06025248 0.3555689 0.1906572 0.1906572 0.08987775 0.2776396 0.0442474 0.0442474 0.2237559
33 0.2198899 0.06520942 0.06520942 0.1218567 0.9383465 0.5626201 0.5626201 0.09704811 0.05906768 0.1382758 0.1382758 0.377004
34 0.1563149 0.0131047 0.0131047 0.2602846 0.2306016 0.1558013 0.1558013 0.4372893 0.01377015 0.3649196 0.3649196 0.2980597
35 0.01137808 0.1550922 0.1550922 0.2169752 0.5002334 0.1845588 0.1845588 0.08574263 0.2912206 0.1709682 0.1709682 0.175197
36 0.07421959 0.08313556 0.08313556 0.1327725 0.1236601 0.02917302 0.02917302 0.04363313 0.3387653 0.0851617 0.0851617 0.1556599
37 0.1618709 0.08162036 0.08162036 0.08976625 0.2774026 0.2109188 0.2109188 0.1133771 0.006791187 0.00608415 0.00608415 0.01200679
38 0.05164483 0.147007 0.147007 0.1442841 0.1580483 0.05780778 0.05780778 0.08229361 0.1358403 0.02983876 0.02983876 0.2572088
39 0.03762322 0.04828797 0.04828797 0.0821093 0.3642706 0.141597 0.141597 0.01923525 0.2140588 0.08555039 0.08555039 0.07304354
40 0.006225931 0.1271828 0.1271828 0.1453014 0.1729548 0.2257371 0.2257371 0.5997641 0.02599289 0.1299914 0.1299914 0.06905706
41 0.01749843 0.08768085 0.08768085 0.3318947 0.1874457 0.2435323 0.2435323 0.375164 0.1493207 0.01290496 0.01290496 0.06262571
42 0.09149326 0.01233918 0.01233918 0.05365304 0.4492314 0.0003273567 0.0003273567 0.1850535 0.09281797 0.09036157 0.09036157 0.1479587
43 0.001537923 0.01005782 0.01005782 0.2544629 0.0128528 0.1412001 0.1412001 0.1376835 0.026292 0.1402726 0.1402726 0.2850202
44 0.04578204 0.07847731 0.07847731 0.1296644 0.3200329 0.1201949 0.1201949 0.2345869 0.09036809 0.1925082 0.1925082 0.2775533
45 0.002544465 0.005467259 0.005467259 0.1241167 0.3657776 0.1479016 0.1479016 0.5241041 0.2295361 0.01521376 0.01521376 0.2027979
46 0.09423675 0.06483704 0.06483704 0.3470893 0.3039183 0.2938543 0.2938543 0.2277586 0.09348242 0.111625 0.111625 0.1635433
47 0.1768347 0.03267698 0.03267698 0.03488313 0.1921805 0.1334634 0.1334634 0.1675513 0.1080849 0.09062376 0.09062376 0.3282779
48 0.04562529 0.05208852 0.05208852 0.07307611 0.00501982 0.0659378 0.0659378 0.01265854 0.005900145 0.04178356 0.04178356 0.218406
49 0.1698942 0.01256672 0.01256672 0.1433457 0.003343366 0.04930005 0.04930005 0.112148 0.2354 0.0900374 0.0900374 0.4792443
50 0.01325823 0.03073422 0.03073422 0.004774726 0.0979178 0.1510234 0.1510234 0.09961734 0.04096354 0.06028447 0.06028447 0.3068921
51 0.006835327 0.1583227 0.1583227 0.01594404 0.1238503 0.2841609 0.2841609 0.597971 0.09665069 0.05587928 0.05587928 0.2280109
52 0.03179076 0.007469472 0.007469472 0.002401523 0.8645288 0.7821962 0.7821962 0.7957252 0.0274549 0.04437164 0.04437164 0.07066149
53 0.02712903 0.01492809 0.01492809 0.3397333 0.1820082 0.03437479 0.03437479 0.02499641 0.3224486 0.3307031 0.3307031 0.5396259
54 0.05345521 0.01005394 0.01005394 0.02658961 0.04899943 0.1790963 0.1790963 0.4514521 0.2015689 0.07336611 0.07336611 0.09963414
55 0.1778133 0.002358739 0.002358739 0.01598102 0.3023771 0.04924187 0.04924187 0.3977726 0.3713066 0.01722186 0.01722186 0.3297162
56 0.06932736 0.00987514 0.00987514 0.2810528 0.2049217 0.1564225 0.1564225 0.1976729 0.3600687 0.09441295 0.09441295 0.2779441
57 0.1302244 0.08194759 0.08194759 0.1498151 0.1808917 0.2697717 0.2697717 0.1493297 0.2491979 0.1084018 0.1084018 0.3529789
58 0.03857694 0.04845477 0.04845477 0.2382604 0.3133689 0.4217006 0.4217006 0.3362017 0.1270022 0.2781608 0.2781608 0.4496702
59 0.04741006 0.03065028 0.03065028 0.02189781 0.3446979 0.1749267 0.1749267 0.1853599 0.838624 0.5069581 0.5069581 0.02939051
60 0.1137107 0.03441691 0.03441691 0.00780472 0.05534285 0.1254311 0.1254311 0.1723101 0.1341712 0.110085 0.110085 0.2479747
61 0.0332584 0.04938968 0.04938968 0.1444518 0.2105014 0.06280193 0.06280193 0.269553 0.1450756 0.07014128 0.07014128 0.1185297
62 0.00654234 7.032271e-05 7.032271e-05 0.07566882 0.8706693 0.04450271 0.04450271 0.08079552 0.1778393 0.06239877 0.06239877 0.05843468
63 0.01206892 0.1059081 0.1059081 0.1321145 0.1690025 0.05045912 0.05045912 0.068477 0.1415513 0.1190197 0.1190197 0.3443895
64 0.1982797 0.06735848 0.06735848 0.4057144 0.2337712 0.1518292 0.1518292 0.5071937 0.08589683 0.01275973 0.01275973 0.2269525
65 0.07944332 0.04630735 0.04630735 0.08046637 0.4160631 0.2104023 0.2104023 0.09118103 0.369595 0.2795393 0.2795393 0.1312685
66 0.1877318 0.02618654 0.02618654 0.04870173 1.366003 0.7749051 0.7749051 0.3492539 0.05545187 0.07804273 0.07804273 0.1012088
67 0.0893885 0.08317582 0.08317582 0.0994483 0.2064596 0.05538181 0.05538181 0.5241209 0.2409146 0.2727012 0.2727012 0.0277839
68 0.006459997 0.0225476 0.0225476 0.1447443 0.02323151 0.2536206 0.2536206 0.3511575 0.6088262 0.1879234 0.1879234 0.007713049
69 0.1363831 0.06022181 0.06022181 0.2973667 0.5795222 0.1452244 0.1452244 0.05205656 0.03741247 0.07121289 0.07121289 0.0518652
70 0.03176309 0.09173757 0.09173757 0.06324087 0.08075018 0.02316552 0.02316552 0.007535904 0.03925773 0.06546162 0.06546162 0.1808883
71 0.1456239 0.03847484 0.03847484 0.1233237 0.1690169 0.002386708 0.002386708 0.1996702 0.1466348 0.1545261 0.1545261 0.2596945
72 0.1789511 0.01781103 0.01781103 0.1412846 0.04419297 0.08857853 0.08857853 0.2159839 0.1252052 0.04476189 0.04476189 0.08359525
73 0.0972324 0.03135525 0.03135525 0.03171322 0.1848755 0.01604987 0.01604987 0.1139892 0.009491296 0.02404483 0.02404483 0.0237114
74 0.03133634 0.0512194 0.0512194 0.06321237 0.4990579 0.279527 0.279527 0.4731567 0.1537234 0.09329777 0.09329777 0.3444135
75 0.2325083 0.004896222 0.004896222 0.1144747 0.1458155 0.176874 0.176874 0.04727352 0.1202823 0.1661057 0.1661057 0.2774243
76 0.05958397 0.04134712 0.04134712 0.114591 0.3413321 0.05760466 0.05760466 0.7377428 0.1823527 0.04382149 0.04382149 0.08813669
77 0.1498203 0.02161135 0.02161135 0.00989354 0.6127151 0.07219292 0.07219292 0.6723066 0.1519562 0.01007897 0.01007897 0.4097959
78 0.2112661 0.02223189 0.02223189 0.07477555 0.5598274 0.08332709 0.08332709 0.646351 0.378079 0.03889936 0.03889936 0.292923
79 0.02370027 0.04248096 0.04248096 0.1093448 0.4882862 0.1019918 0.1019918 0.183578 0.02057281 0.0197879 0.0197879 0.2559689
80 0.1232068 0.1191778 0.1191778 0.07205834 0.3611112 0.2574404 0.2574404 0.4944954 0.1837808 0.04169744 0.04169744 0.2125202
81 0.05480669 0.02356735 0.02356735 0.08968832 0.02971685 0.1725414 0.1725414 0.1483823 0.1682935 0.134474 0.134474 0.3139549
82 0.1657197 0.008810012 0.008810012 0.1050884 0.5003086 0.2373336 0.2373336 0.2099024 0.1587026 0.0403318 0.0403318 0.1300863
83 0.022538 0.1216004 0.1216004 0.1535934 0.3288048 0.02719554 0.02719554 0.3718092 0.1120228 0.0685115 0.0685115 0.1467267
84 0.0480226 0.09802678 0.09802678 0.1457629 0.05171482 0.1337564 0.1337564 0.1218423 0.1929803 0.1962536 0.1962536 0.1603378
85 0.06236963 0.09975355 0.09975355 0.196977 0.08370594 0.3408261 0.3408261 0.1084007 0.1694547 0.05138044 0.05138044 0.1526288
86 0.009149812 0.08714773 0.08714773 0.04363855 0.2733308 0.2648482 0.2648482 0.05903143 0.2442157 0.07907955 0.07907955 0.02276444
87 0.04198883 0.1159898 0.1159898 0.08991281 0.2883358 0.08095887 0.08095887 0.0244461 0.02370258 0.1546547 0.1546547 0.408957
88 0.08554908 0.1386556 0.1386556 0.1646339 0.1921316 0.168415 0.168415 0.2363789 0.2454978 0.1777382 0.1777382 0.2884509
89 0.08044205 0.1351136 0.1351136 0.06582692 0.1625222 0.04668742 0.04668742 0.3636001 0.01234306 0.06947778 0.06947778 0.3300819
90 0.2186236 0.03613637 0.03613637 0.1973849 0.07158603 0.1182153 0.1182153 0.2597285 0.1533852 0.1798418 0.1798418 0.04673979
91 0.03760193 0.001666254 0.001666254 0.1459996 0.05027137 0.1205744 0.1205744 0.01332111 0.2025836 0.05662253 0.05662253 0.1159928
92 0.06420999 0.1258321 0.1258321 0.0008798458 0.1669542 0.3012101 0.3012101 0.2094767 0.2549764 0.004907384 0.004907384 0.02213024
93 0.06412041 0.107666 0.107666 0.000740416 0.1004293 0.04770079 0.04770079 0.04154651 0.05451236 0.09285972 0.09285972 0.138573
94 0.06406392 0.004019897 0.004019897 0.2136121 0.05913839 0.0790815 0.0790815 0.4045418 0.01530592 0.1405246 0.1405246 0.2064655
95 0.05115253 0.05928946 0.05928946 0.06992746 0.1263661 0.09451144 0.09451144 0.5336741 0.2175683 0.1781886 0.1781886 0.2292799
96 0.03080694 0.09022526 0.09022526 0.109957 0.2058101 0.08685094 0.08685094 0.2955164 0.08262355 0.01763629 0.01763629 0.1672237
97 0.1498203 0.02161135 0.02161135 0.00989354 0.6127151 0.07219292 0.07219292 0.6723066 0.1519562 0.01007897 0.01007897 0.4097959
98 0.05032699 0.1347779 0.1347779 0.1124719 0.1136573 0.02481064 0.02481064 0.1003926 0.103319 0.1156493 0.1156493 0.06905955
99 0.118828 0.04072411 0.04072411 0.1579373 0.02615745 0.04266342 0.04266342 0.02155937 0.2606767 0.03000972 0.03000972 0.2586583
100 0.1877318 0.02618654 0.02618654 0.04870173 1.366003 0.7749051 0.7749051 0.3492539 0.05545187 0.07804273 0.07804273 0.1012088
