1 0.09911421 0.9510481 0.9510481 1.258919 0.3358641 0.1312435 0.1312435 1.084708 0.6179616 0.1224878 0.1224878 0.5040055
2 0.1117082 0.3671431 0.3671431 0.323316 3.116166 1.291035 1.291035 0.7161315 1.967952 0.554863 0.554863 0.600472
3 0.005744996 0.1606778 0.1606778 0.5962768 0.7894112 0.219417 0.219417 0.5268448 0.2690074 0.1382468 0.1382468 0.9019191
4 0.2962501 0.03511797 0.03511797 0.2127613 0.3199723 0.2587081 0.2587081 0.3960056 0.1888224 0.219832 0.219832 0.0242567
5 0.1796743 0.1729588 0.1729588 0.3701663 2.572938 1.249601 1.249601 0.6881629 0.02767083 0.7622605 0.7622605 1.395522
6 0.2336998 0.09340035 0.09340035 0.1003122 1.85246 0.1736761 0.1736761 0.9776273 0.8776329 0.09212469 0.09212469 0.9655375
7 0.2320006 0.01449345 0.01449345 0.4246062 0.1560144 0.07275781 0.07275781 0.2570451 0.1872939 0.760253 0.760253 0.7854355
8 0.2705969 0.5547981 0.5547981 1.143708 1.670908 0.6137073 0.6137073 0.02965829 0.5965292 0.2992826 0.2992826 0.2431815
9 0.3167058 0.02085603 0.02085603 0.5941052 1.078963 0.1927 0.1927 0.2933141 0.1932417 0.08279869 0.08279869 0.09849093
10 0.1473673 0.2633233 0.2633233 0.2048996 1.176991 0.1605604 0.1605604 1.034725 0.7128892 0.008378417 0.008378417 0.07497148
11 0.3016066 0.2009774 0.2009774 0.1922145 0.2719567 0.1950628 0.1950628 0.04253687 0.3248372 0.947192 0.947192 1.193047
12 0.2062333 0.1280624 0.1280624 0.1475853 0.7735442 0.543587 0.543587 0.3956788 0.2756155 0.2262583 0.2262583 0.1112643
13 0.2931885 0.0171537 0.0171537 0.334732 0.7733408 1.313151 1.313151 2.689147 0.3193378 0.3723205 0.3723205 0.4170941
14 0.1912464 0.257833 0.257833 0.0623372 0.4954582 0.1853116 0.1853116 0.7522763 0.4553863 0.1067579 0.1067579 0.07995023
15 0.4312836 0.0561298 0.0561298 0.4537425 2.377494 1.192824 1.192824 0.2642795 0.006625482 0.01993981 0.01993981 0.5335739
16 0.2548903 0.215766 0.215766 0.2668831 0.05704719 0.2116349 0.2116349 0.7040613 0.7915831 0.4503414 0.4503414 0.247126
17 0.2830847 0.03478043 0.03478043 0.299772 1.321892 0.001967749 0.001967749 1.05615 0.1506473 0.09612094 0.09612094 0.009210174
18 0.5163618 0.122461 0.122461 0.2818996 0.2014736 0.5568043 0.5568043 0.8208365 0.8621092 0.1232344 0.1232344 0.4829404
19 0.6193573 0.01207486 0.01207486 0.2652165 0.04883071 0.1602336 0.1602336 0.7736772 0.2904005 0.029984 0.029984 0.9942151
20 0.2625673 0.3517939 0.3517939 0.5773946 0.03658177 0.1032703 0.1032703 0.1054397 0.08812651 0.2001326 0.2001326 0.3653093
21 0.0558709 0.3741113 0.3741113 0.2364978 0.02617032 1.472623 1.472623 2.170949 0.34617 0.04989566 0.04989566 0.3355715
22 0.3276602 0.06232605 0.06232605 0.3241518 0.01767947 0.0811507 0.0811507 0.05906704 0.3031787 0.4388925 0.4388925 0.1144575
23 0.06664737 0.079657 0.079657 0.5191874 0.1373716 0.09005117 0.09005117 0.9100466 0.3646481 0.1295373 0.1295373 0.2754996
24 0.03693864 0.1150376 0.1150376 0.08219123 0.9317993 0.248979 0.248979 0.02458321 0.2197446 0.1543878 0.1543878 0.1506718
25 0.2144939 0.07810158 0.07810158 0.130471 0.09314798 0.1763073 0.1763073 0.5381438 0.7400194 0.001462487 0.001462487 0.533012
26 0.3278201 0.2206985 0.2206985 0.01865111 0.6306274 0.6257288 0.6257288 0.9983657 1.295389 0.601291 0.601291 0.9383966
27 0.1342007 0.1413956 0.1413956 0.1020381 0.3392336 0.4815142 0.4815142 0.6132867 0.002130724 0.05458867 0.05458867 0.6568732
28 0.1109603 0.2101748 0.2101748 0.5668026 0.1659066 0.4055489 0.4055489 0.1839208 0.4120127 0.04545035 0.04545035 0.1689377
29 0.2198092 0.1433225 0.1433225 0.4563855 0.02273771 0.2369195 0.2369195 0.5992231 0.5844017 0.05546884 0.05546884 0.173101
30 0.2338422 0.2051644 0.2051644 0.4459337 3.690074 2.414236 2.414236 3.033927 0.3087465 0.3383435 0.3383435 0.3321121
31 0.4043553 0.02356257 0.02356257 0.4649948 0.1208259 0.06664489 0.06664489 0.1452395 0.4052384 0.3304175 0.3304175 0.4305425
32 0.04549278 0.1771921 0.1771921 0.08609849 0.4122619 0.2495568 0.2495568 0.2218668 0.1202874 0.2183224 0.2183224 0.3511357
33 0.2613632 0.001051752 0.001051752 0.1911235 1.091973 0.1549523 0.1549523 1.064836 0.4409976 0.9610853 0.9610853 0.7948327
34 0.2242062 0.5595904 0.5595904 0.2984405 0.7253564 0.12122 0.12122 0.3026024 0.869339 0.4703744 0.4703744 1.694566
35 0.1407128 0.2108854 0.2108854 0.4560919 0.2326698 0.1211818 0.1211818 0.4016035 0.3552284 0.1003388 0.1003388 0.8950565
36 0.01733498 0.1157067 0.1157067 0.5267724 0.8525151 0.6002384 0.6002384 0.8542323 0.386173 0.2895854 0.2895854 0.522964
37 0.09273066 0.1332869 0.1332869 0.1120152 0.8982652 0.846639 0.846639 1.074129 0.3462218 0.1190257 0.1190257 0.1047925
38 0.06287169 0.2648563 0.2648563 0.06731177 0.2840291 0.00685233 0.00685233 0.2758925 0.02383196 0.2153397 0.2153397 0.3025996
39 0.2786953 0.2134202 0.2134202 0.6896598 0.03656789 0.1109994 0.1109994 0.4180067 0.5076715 0.03060329 0.03060329 0.07238045
40 0.1584415 0.0217799 0.0217799 0.6274778 0.9967161 0.1920539 0.1920539 0.1890923 0.09935405 0.3262597 0.3262597 0.03210362
41 0.0787666 0.1871708 0.1871708 0.3125501 3.46425 2.798753 2.798753 0.9318623 0.3562126 0.04017448 0.04017448 0.698621
42 0.08753453 0.2326361 0.2326361 0.0249994 0.5766135 1.415228 1.415228 3.145951 0.4029893 0.08947147 0.08947147 0.630234
43 1.463998 0.6848514 0.6848514 0.03369545 0.08750006 1.809127 1.809127 3.649852 0.6303544 0.006983047 0.006983047 0.08998123
44 0.3301425 0.4340417 0.4340417 0.1104848 0.4570576 0.2561708 0.2561708 0.2929017 0.00883042 0.02968162 0.02968162 0.2451888
45 0.03757586 0.05681412 0.05681412 0.314851 0.6850507 0.02508626 0.02508626 0.0729007 1.154657 0.4985023 0.4985023 0.3947015
46 0.5867694 0.1335598 0.1335598 0.5421278 0.6820281 0.9182565 0.9182565 0.931921 0.1375702 0.09168206 0.09168206 0.5695531
47 0.2231652 0.1896168 0.1896168 0.6409959 0.6692534 0.2386211 0.2386211 0.8885492 0.7149511 0.1274797 0.1274797 0.09060908
48 0.5701285 0.06234566 0.06234566 0.02174237 0.419343 0.7841693 0.7841693 0.6640885 0.3362396 0.1370324 0.1370324 0.1912128
49 0.2349819 0.06861959 0.06861959 0.5805108 1.215631 0.5203254 0.5203254 1.71787 0.6657063 0.04834045 0.04834045 1.395516
50 0.08436862 0.09247277 0.09247277 0.01813368 0.3872438 0.1475856 0.1475856 0.3993369 0.4247268 0.01684267 0.01684267 0.2001743
51 0.6947082 0.2004528 0.2004528 0.755479 0.5038169 0.0220576 0.0220576 0.7731667 0.6098727 0.547809 0.547809 1.641268
52 0.1339316 0.1787986 0.1787986 0.5049533 1.347752 0.106594 0.106594 0.8417087 0.01086778 0.4717231 0.4717231 0.4702782
53 0.1739165 0.2098397 0.2098397 0.3782865 0.4468152 0.1626413 0.1626413 0.6435315 0.1549615 0.1416879 0.1416879 0.2903396
54 0.2138772 0.4004079 0.4004079 0.5036978 0.5029651 0.1038006 0.1038006 0.0644833 0.4767581 0.05107573 0.05107573 0.9678518
55 0.2456939 0.09016741 0.09016741 0.3799081 1.224231 0.6863978 0.6863978 1.546808 0.3841887 0.01582162 0.01582162 0.2067998
56 0.2093494 0.01228445 0.01228445 0.5429141 1.077345 0.5010138 0.5010138 1.184433 0.3267172 0.4657644 0.4657644 0.3626259
57 0.01524839 0.0734636 0.0734636 0.2073021 0.5496127 0.321162 0.321162 0.8047586 0.8144215 0.687255 0.687255 0.8705652
58 0.226048 0.004208176 0.004208176 0.1200712 0.01766777 0.01732385 0.01732385 0.7320572 0.5988802 0.04069404 0.04069404 0.2865748
59 0.1644754 0.1185431 0.1185431 0.522373 0.6826121 0.008166102 0.008166102 0.1402442 0.2360015 0.20378 0.20378 0.2834928
60 0.5265647 0.01009351 0.01009351 0.1349914 1.092537 0.4355063 0.4355063 0.2669411 0.3453891 0.08050091 0.08050091 0.1143925
61 0.1561068 0.09505433 0.09505433 0.3757221 2.010305 0.9094565 0.9094565 0.5626492 0.05079858 0.08888555 0.08888555 0.7571222
62 0.3651328 0.2620944 0.2620944 0.04838198 1.628012 0.886589 0.886589 0.02307546 0.8262488 0.2092263 0.2092263 0.7735854
63 0.1224273 0.06285197 0.06285197 0.1864134 0.3884857 0.1804631 0.1804631 1.536839 0.5348482 0.4674408 0.4674408 0.4975858
64 0.04330426 0.2322052 0.2322052 0.1951483 0.08662067 0.4763054 0.4763054 0.1169389 1.361828 0.9777606 0.9777606 0.2281869
65 0.3586661 0.1182639 0.1182639 0.06536114 0.8653968 0.1751923 0.1751923 0.9592348 0.6106161 0.2502512 0.2502512 0.0718465
66 0.09882244 0.01784188 0.01784188 0.1498529 0.5548958 0.1471998 0.1471998 0.8233046 0.01011948 0.2292192 0.2292192 0.2688102
67 0.1009255 0.07153482 0.07153482 0.6539357 0.2233022 0.142517 0.142517 0.8842079 0.2072204 0.2150281 0.2150281 0.2881945
68 0.2496638 0.1395778 0.1395778 0.08803302 0.5388083 0.8852318 0.8852318 0.7928665 0.06122373 0.206413 0.206413 0.7893855
69 0.0549989 0.06957497 0.06957497 0.1376473 1.522411 0.1950546 0.1950546 0.7616459 0.01743732 0.1276492 0.1276492 0.6546168
70 0.3966505 0.07275563 0.07275563 0.694031 0.2326626 0.5763361 0.5763361 0.3694181 0.3229637 0.1449115 0.1449115 0.7790008
71 0.3443977 0.2546489 0.2546489 0.1479173 2.538709 1.702329 1.702329 0.5428819 0.2536368 0.402709 0.402709 0.2888703
72 0.1574273 0.09901889 0.09901889 0.6496426 0.7315319 0.04563983 0.04563983 0.2193943 0.2049893 0.4111038 0.4111038 0.546541
73 0.1718089 0.03032477 0.03032477 0.4130706 2.69306 0.9373805 0.9373805 0.1349645 0.2520846 0.2345586 0.2345586 0.6885016
74 0.1193533 0.04236798 0.04236798 0.738675 0.4776999 0.1974132 0.1974132 0.4185916 0.8028106 0.8716676 0.8716676 0.1862336
75 0.01909573 0.2092365 0.2092365 0.07772878 0.73986 0.8526915 0.8526915 0.9719075 0.2213754 0.1868266 0.1868266 0.09296645
76 0.5242233 0.03102287 0.03102287 0.2736991 0.3026189 0.3565784 0.3565784 0.5235175 0.09164208 0.1487428 0.1487428 0.1918501
77 0.4273325 0.8213528 0.8213528 0.961023 0.1263117 0.2366308 0.2366308 0.0178518 0.0777205 0.07303252 0.07303252 0.4703133
78 0.456869 0.1126041 0.1126041 0.2516235 0.9291603 0.1333685 0.1333685 0.1592584 0.6202424 0.7136743 0.7136743 0.5889556
79 0.08808105 0.03607262 0.03607262 0.2105468 0.282494 0.1562491 0.1562491 0.6457422 0.8549568 0.01203459 0.01203459 0.368984
80 0.263592 0.001439003 0.001439003 0.4601514 0.5552012 0.2759157 0.2759157 1.120783 0.06957774 0.1823812 0.1823812 0.8394206
81 0.3193646 0.1036163 0.1036163 0.2869451 1.098942 0.04030559 0.04030559 0.3385997 0.400978 0.1435201 0.1435201 0.1917377
82 0.09781863 0.1052022 0.1052022 0.4334344 1.016345 0.09532548 0.09532548 0.3203201 0.1900669 0.4911578 0.4911578 0.5414154
83 0.1546228 0.08843339 0.08843339 0.4430519 0.3488757 0.2388602 0.2388602 0.05292057 0.6562799 0.1547436 0.1547436 0.9261834
84 0.1949856 0.05435139 0.05435139 0.226708 2.304879 0.6851958 0.6851958 0.2971512 0.4281872 0.4151852 0.4151852 0.6493278
85 0.02169467 0.06446437 0.06446437 0.1014344 0.5947917 1.575244 1.575244 3.522386 0.4304515 0.7325723 0.7325723 0.3787063
86 0.2826851 0.02121585 0.02121585 0.3055564 0.08460859 0.1921843 0.1921843 0.0298806 0.009569865 0.0391359 0.0391359 0.04910586
87 0.5908928 0.5382675 0.5382675 0.1682154 0.9277319 0.1803546 0.1803546 0.6171159 0.4002273 0.2541821 0.2541821 0.1686356
88 0.1299547 0.1841759 0.1841759 0.2676576 2.77 1.242431 1.242431 0.9221064 0.4194753 0.00967466 0.00967466 0.5916555
89 0.1343716 0.06159336 0.06159336 0.5802624 0.9544936 0.3565999 0.3565999 0.02500983 0.3146261 0.02954062 0.02954062 0.2507385
90 0.2543818 0.01752568 0.01752568 0.2705641 0.2496939 0.2439375 0.2439375 0.0660848 0.08812388 0.1553201 0.1553201 0.5391766
91 0.1513498 0.06837973 0.06837973 0.1156121 0.1512331 0.05312933 0.05312933 0.1694836 0.8737391 0.01758253 0.01758253 0.8621286
92 0.08744466 0.153441 0.153441 0.2903332 0.04771324 0.4931535 0.4931535 0.4884024 1.935664 1.164672 1.164672 0.2846835
93 0.3049547 0.01874228 0.01874228 0.5016125 1.014555 0.2183211 0.2183211 0.4331051 0.3514676 0.02659768 0.02659768 0.9075137
94 0.005744996 0.1606778 0.1606778 0.5962768 0.7894112 0.219417 0.219417 0.5268448 0.2690074 0.1382468 0.1382468 0.9019191
95 0.2931885 0.0171537 0.0171537 0.334732 0.7733408 1.313151 1.313151 2.689147 0.3193378 0.3723205 0.3723205 0.4170941
96 0.2830847 0.03478043 0.03478043 0.299772 1.321892 0.001967749 0.001967749 1.05615 0.1506473 0.09612094 0.09612094 0.009210174
97 0.4273325 0.8213528 0.8213528 0.961023 0.1263117 0.2366308 0.2366308 0.0178518 0.0777205 0.07303252 0.07303252 0.4703133
98 0.1473673 0.2633233 0.2633233 0.2048996 1.176991 0.1605604 0.1605604 1.034725 0.7128892 0.008378417 0.008378417 0.07497148
99 0.2320006 0.01449345 0.01449345 0.4246062 0.1560144 0.07275781 0.07275781 0.2570451 0.1872939 0.760253 0.760253 0.7854355
100 0.09882244 0.01784188 0.01784188 0.1498529 0.5548958 0.1471998 0.1471998 0.8233046 0.01011948 0.2292192 0.2292192 0.2688102
