1 0.004750802 0.0005853568 0.004165445
2 0.001839955 0.001960077 0.003800032
3 0.0004970888 9.34454e-05 0.0004036434
4 0.001919039 0.001270714 0.003189753
5 0.003382204 4.057373e-05 0.003422778
6 0.001293473 0.0004768777 0.001770351
7 0.002805858 0.001395226 0.001410632
8 0.001431218 0.0002905955 0.001721813
9 0.0005085727 0.002864265 0.003372837
10 0.00515843 0.0002295084 0.005387938
11 0.004060309 0.0002880682 0.003772241
12 0.002934258 0.0007501935 0.002184064
13 0.001534404 0.0007957276 0.002330131
14 0.0005733436 0.000105425 0.0006787686
15 0.0006634616 0.0006348721 0.001298334
16 0.002291969 0.001550056 0.003842025
17 0.003324383 0.0008677577 0.002456625
18 0.004424544 0.001210871 0.003213673
19 0.004576896 0.0005257756 0.004051121
20 0.002317464 0.001630424 0.003947887
21 0.006348133 0.002001535 0.004346598
22 0.005059376 0.0008029165 0.005862292
23 0.000591248 0.0002248274 0.0008160754
24 0.001274556 0.0009638395 0.002238396
25 4.892683e-05 0.0004233724 0.0003744456
26 0.003610699 0.0007038866 0.002906813
27 0.004420107 0.001070788 0.003349319
28 0.001416944 0.001477149 0.002894093
29 0.003145656 3.884357e-05 0.0031845
30 0.003790003 0.0009127677 0.002877236
31 0.003480409 0.0003235723 0.003156837
32 0.0004691808 0.0005904654 0.0001212847
33 0.002257922 0.002203517 5.440465e-05
34 5.95965e-05 0.001073221 0.001132818
35 0.001118184 2.079716e-05 0.001138981
36 0.003396227 0.0008107304 0.004206958
37 0.002154368 0.0008692345 0.003023602
38 0.0004620203 0.0009598608 0.0004978405
39 0.001868218 0.001854115 0.003722333
40 0.001751998 0.0004247153 0.001327283
41 0.002350308 0.001230464 0.001119845
42 0.005090216 0.0008600315 0.004230184
43 0.003754342 0.0009919684 0.00474631
44 0.001128399 7.076726e-05 0.001057632
45 0.001807862 0.0008653342 0.002673196
46 0.001197684 0.0003788502 0.001576534
47 0.005908636 0.0005107039 0.00641934
48 0.004564593 5.291568e-05 0.004511677
49 0.0008336373 0.0002800744 0.0005535629
50 0.0003938761 0.001153705 0.0007598287
51 0.002566159 0.0008177668 0.003383925
52 0.004498053 0.0005146506 0.005012703
53 0.002876569 0.0003136021 0.002562967
54 0.002645353 0.001149521 0.003794874
55 0.004235587 0.0002063139 0.004441901
56 0.0044552 0.0001670704 0.004622271
57 0.003050382 0.0003269085 0.002723473
58 0.0003903544 0.002585855 0.002976209
59 0.008175537 0.001126367 0.00704917
60 0.0019681 0.0007791176 0.002747218
61 0.003617378 0.0009205252 0.002696853
62 0.001028857 0.000177448 0.0008514094
63 0.00144388 0.000769889 0.002213769
64 0.001624279 0.001257129 0.0003671507
65 0.0001704507 0.0006053185 0.0004348678
66 0.001086074 0.001379223 0.0002931488
67 0.007422613 9.912018e-05 0.007323493
68 0.0001224828 0.001424761 0.001302279
69 2.762143e-05 0.001029456 0.001057077
70 0.003673155 0.001323715 0.00234944
71 0.003021142 0.0006019966 0.002419146
72 0.001152586 0.0005534818 0.001706068
73 0.0009347525 0.001864484 0.002799237
74 0.004394112 0.0005800063 0.003814106
75 0.003115841 0.0003264007 0.00278944
76 0.002706642 0.001296262 0.00141038
77 0.005121332 0.0003118933 0.004809439
78 0.001527953 0.0008407396 0.0006872134
79 0.001613107 0.001158585 0.0004545215
80 0.003604111 0.0002126622 0.003391448
81 0.001148947 0.002182508 0.003331455
82 0.004895639 0.0001419556 0.004753684
83 0.006296613 0.0003365916 0.005960022
84 0.003481275 0.0006886491 0.004169924
85 0.002578185 0.0003644014 0.002213784
86 0.001648673 0.0006761252 0.0009725476
87 0.004921748 1.480032e-05 0.004906947
88 0.0003776912 0.0008331648 0.001210856
89 0.003288486 0.0001821273 0.003470613
90 9.414635e-05 0.0005163721 0.0006105185
91 0.007513052 0.001193259 0.006319793
92 0.001738202 0.0003879235 0.002126126
93 0.00128809 0.0003844604 0.00167255
94 0.0004970888 9.34454e-05 0.0004036434
95 0.001534404 0.0007957276 0.002330131
96 0.003324383 0.0008677577 0.002456625
97 0.005121332 0.0003118933 0.004809439
98 0.00515843 0.0002295084 0.005387938
99 0.002805858 0.001395226 0.001410632
100 0.001086074 0.001379223 0.0002931488
