1 0.0001352366 0.0001731772 0.0001744057 2.578072e-05 0.0002079163 0.0002753007 0.0002925534 0.000114939 0.0004825754 5.177259e-05 3.156694e-05 4.960988e-05
2 9.42544e-05 4.428941e-05 0.0001932438 0.0001183427 0.000248792 2.469562e-05 0.0005017027 0.0007467847 0.001031277 0.001019946 0.001275602 0.001301466
3 0.0005359904 0.0002654929 0.0002226744 0.0003373912 6.129628e-05 0.0002468659 0.0007991881 0.000142874 0.0002878515 0.0002330784 0.001090087 0.001144998
4 0.0004763594 8.772e-05 1.110763e-05 0.0001583686 0.0002570942 0.0001086472 0.000595049 7.104822e-06 0.0001917548 0.0001763396 0.0002816277 0.0005592691
5 0.0002570586 0.0001124233 0.0001087787 2.105222e-05 7.843953e-05 0.0003391287 0.0004214184 0.000427884 0.0001662409 0.0004752587 0.0005298164 8.999817e-05
6 0.0004974603 0.0004855969 0.000355726 0.0005709144 0.0002338811 9.257876e-05 0.0006771698 0.00046037 0.0005909451 0.0001689556 0.0002645888 0.0007998013
7 0.0006257233 0.0001296589 3.184747e-05 9.407694e-05 0.000435367 0.0005798071 0.0002724797 0.0004140711 0.001881566 0.0004314051 8.762113e-05 0.001020127
8 0.0005739341 0.0001603742 0.0005908827 7.559234e-05 0.0003826485 8.951194e-05 0.0007691788 2.69086e-06 0.0002458282 0.000106293 0.0001858773 0.0003466619
9 0.0005161515 0.0002363347 0.0001217914 0.0003846253 3.801814e-05 0.0001968121 0.001016705 6.843955e-05 0.0005970054 0.0004653703 0.0004613932 0.0006204625
10 0.0002886367 0.0001695523 0.0001776108 0.0001810675 0.0005799908 0.0003334627 0.001199938 0.0003763738 0.0004691417 0.000114921 0.0009076858 0.0005632165
11 0.0001212298 2.204328e-05 4.463626e-05 0.0001773695 0.0004452016 4.943476e-05 0.0006303514 9.101549e-05 3.577707e-06 0.0004493814 0.0007911521 0.001720885
12 3.594586e-05 0.0001630068 0.0008941681 0.000476778 0.001135231 0.0002303475 0.000743843 0.0004005629 0.0002266144 0.0006352188 0.0001013617 3.067535e-05
13 0.0002592954 8.033155e-05 0.0001413251 0.0001398174 0.0008202662 0.0003956676 8.725558e-05 9.783597e-05 0.0003299494 0.0001211319 4.018219e-05 0.0006445321
14 0.0004566091 0.0001043907 0.0004092283 0.0002291526 0.0003782509 0.0004381836 0.0002175516 0.0003394939 0.0002394059 3.726799e-07 0.0003530372 0.001702051
15 3.325053e-05 0.0001141323 0.0006042591 0.0001132092 0.0003162574 0.0001548315 0.0004979124 1.699732e-05 0.0003612616 7.923619e-05 0.0008915614 0.001049415
16 4.645771e-05 0.0001636782 0.0002195133 2.547163e-05 0.0003329661 0.0002536894 0.0005329349 0.0001797669 0.0007639047 0.0002203176 0.0003762991 0.001045168
17 0.0001869389 0.0003117773 0.0001554929 0.0004057824 0.0004236794 0.0005598592 5.195169e-05 7.042596e-05 0.0007937912 9.879135e-05 0.0009289651 0.001154943
18 0.0004597032 9.507443e-05 0.0003512253 9.897068e-05 0.0003235613 0.0004725375 0.0001146466 6.608294e-05 0.0001059007 0.0002213369 0.0003007758 0.0008539172
19 0.0001686388 0.0002415645 0.0003030635 0.0001342906 4.95973e-05 0.0002926569 0.0006111783 8.828524e-05 2.574558e-05 4.953088e-05 3.743542e-05 0.0009310159
20 9.669248e-05 2.180359e-06 0.0007803194 8.335316e-05 0.000534924 0.0006825906 5.623745e-05 0.0001202376 0.0004102467 0.0004279118 0.0005672701 0.002267494
21 0.0001213758 0.0001339506 0.0002333888 6.567946e-05 0.0001285009 0.0009324165 0.0008514578 0.0003865608 0.001713318 0.0007392631 2.820409e-05 0.001049343
22 0.0007910859 0.0001229737 0.0002120757 7.705326e-05 0.0003355678 6.742536e-05 0.0003026349 0.0003039231 0.0001573073 0.0001546631 0.0002687822 0.0004202359
23 0.0004441518 0.0001777042 0.0001612409 0.000143316 0.0005275586 0.001351191 0.0002593224 9.430523e-05 7.884873e-05 0.0003513538 0.0003632009 0.0009582073
24 0.0003375234 8.498435e-06 0.0004162772 0.0004428059 0.0005302271 0.001171176 0.0002572316 2.194051e-05 0.0009539047 0.0002498374 0.000531432 0.000961066
25 3.654785e-05 9.291956e-05 9.27248e-05 1.03115e-05 0.0002945789 9.293942e-05 0.0004855654 0.0003063797 0.0007483179 0.0006795508 0.000610652 0.001106987
26 0.0002399321 0.0001033283 8.905941e-05 0.0001154055 0.0005264753 0.0005465786 0.001883267 3.780351e-05 0.0001990967 0.000901632 0.0008467176 0.000780074
27 0.000332907 0.000105841 0.0006921222 0.0001201831 0.0002777263 7.408692e-05 0.0005062767 7.373115e-05 0.0011126 0.0001058619 0.0001009402 0.0001205032
28 0.0001179086 0.0002770939 0.0004003891 0.0003684703 9.480875e-05 2.99737e-05 0.0001054465 0.0002875321 0.0005646612 0.000191325 0.001331158 0.001304592
29 0.0005487903 2.854576e-05 0.0003554001 2.070047e-05 0.0004477968 0.0002091736 0.001086964 0.000102002 0.0003941215 0.0005601154 0.0004944194 0.001617678
30 0.0004630597 0.0001951271 0.0005778388 0.000193081 0.0004618769 7.54859e-05 0.0005544671 0.0001266714 0.0002769889 0.0004715108 0.0001447562 0.001352869
31 0.0005327856 0.0001593934 1.612694e-05 4.450189e-05 0.0001022797 2.960125e-05 0.001408332 0.0001614913 0.0004086212 4.087983e-05 0.0009759614 0.0006329198
32 9.892329e-05 0.0001204168 0.0005882734 0.0002084379 0.0002337146 0.0002702029 0.001025784 0.0001609582 0.001288679 0.0003292826 4.879276e-05 0.001805253
33 0.0002443678 2.056948e-05 0.0007662727 0.000155748 0.0006982903 0.001406644 6.548396e-05 0.0007054036 0.0001729688 0.0007544112 0.0003870368 1.728953e-05
34 0.0001435542 1.579056e-05 0.0006132097 9.077927e-06 0.0001713851 8.734278e-05 1.235532e-05 0.0002084935 0.0003737092 0.0005852609 0.000150597 0.0008408226
35 4.244907e-05 0.0002355757 0.0007541246 0.0001255102 0.000554358 0.0003838847 0.0002473698 0.0001241103 0.000686777 8.233102e-06 0.0002278663 4.291528e-05
36 0.0002722508 0.0001261948 0.0005917849 0.0001194779 0.0004228929 0.001253519 0.0001230373 0.0001846729 0.001217039 3.523681e-05 0.0004037989 0.0002722047
37 0.0003769458 8.054887e-05 6.664706e-05 0.0004577795 0.0004191123 0.000505903 0.0007349832 0.0002445837 0.001312699 0.0002498052 4.383823e-05 0.0005365461
38 8.354404e-05 0.0001665621 0.0005401433 0.0002302438 0.0001124632 0.0001004442 0.0007221171 1.242018e-05 0.0001724 0.0004843965 0.0001843561 0.001996276
39 0.0001286184 0.0002837125 0.0001504208 0.0002798327 0.0006930927 0.0005616609 0.0008385618 5.290272e-05 0.0001263526 0.0002713304 0.0008087207 0.0008857777
40 0.0004637555 0.0001032172 0.0006989566 9.477524e-05 0.0001367732 0.000579468 0.0001042293 0.0002596881 0.0002040612 9.969781e-05 0.0005963545 0.0009767453
41 0.0003344628 4.340778e-05 0.0002093201 0.0001526094 7.031392e-05 0.0007015829 0.001249203 0.0003404829 0.0008820539 0.0002657934 0.001116616 0.002540471
42 0.0002607948 1.419364e-05 0.0001534897 0.0003160491 0.000356048 0.0004512902 3.789247e-05 0.0001741876 0.0001562801 0.0002995457 0.0006559496 0.001010383
43 0.000200849 2.973025e-05 0.0002754736 4.479484e-05 0.0001811333 1.738417e-05 0.001211519 2.510228e-05 0.001340611 0.0005752812 0.0009879441 0.00230081
44 0.000589265 0.0001510956 0.000101266 0.0001033228 0.0005810389 0.0002454654 0.001005581 6.743506e-05 0.0004821349 5.034856e-05 0.0001614225 0.000805656
45 0.0003872089 5.518055e-05 0.001066583 0.0001814117 0.0002222669 0.0003906206 0.000216053 0.0002038318 0.0009328886 0.0003135951 0.0008319983 0.00042102
46 6.043589e-05 4.566168e-05 0.0002452846 0.000106361 0.0003465138 0.0002237998 8.77747e-05 0.0001192912 0.001437694 1.223449e-05 0.000695097 0.001727974
47 0.0004235586 4.551516e-06 0.0001197763 4.092262e-05 0.0005804775 3.744655e-05 0.0007894528 0.0004275467 0.0004408155 0.0001451125 0.001206204 0.000389784
48 0.0001937264 0.0002292831 0.0002512485 0.0004914562 0.000484969 0.0002805512 0.0004605875 0.0002563923 0.0004201086 0.000262929 0.001082334 0.001551592
49 0.00028182 4.188084e-06 0.0007423549 0.0002800805 0.0003010733 0.0004129894 0.0006180926 0.0001701717 0.0008168051 0.000417923 2.866877e-06 7.809272e-05
50 1.238808e-05 5.320567e-05 0.0005087257 4.117942e-05 0.0002195309 0.000260975 0.0009149562 0.0002595776 0.0009721464 0.0002241942 0.0001098661 0.0007876487
51 0.0005658239 3.281603e-05 0.0003622116 0.0001852819 0.0002262844 0.0001118276 0.0004633069 0.0001520727 0.0009750224 0.0002808278 0.0009095809 0.001263215
52 0.0003695583 0.0001687664 0.0002833056 6.630501e-05 0.0007123271 0.0002717967 0.001140012 9.287986e-05 0.0004355889 4.401041e-05 0.0006140409 0.0003216023
53 0.0004009844 4.026881e-05 0.0002055735 0.0001221351 0.0001086267 3.474847e-05 0.000277915 0.000198035 0.000677229 0.0001534118 0.0002134773 0.0005088045
54 0.0004209821 3.068658e-05 3.581444e-06 0.0001846859 0.0002032644 0.0002561742 0.0003583948 0.0002522253 0.0006263651 0.0007165025 0.0007380988 0.0001314555
55 0.0001610701 0.0003006097 2.779336e-05 0.0002733221 0.0002072813 9.323846e-05 0.0002663724 0.0002583218 0.0005895893 0.0007821387 0.0007163727 0.0008623189
56 0.0008526597 4.734481e-05 8.84917e-05 0.000321608 0.0005194478 0.0007127442 1.967269e-05 0.0003078633 0.000237906 0.0005334865 0.0007241259 0.0002784989
57 0.0009209883 0.0002623322 0.0004823527 0.0003159562 0.0004977379 7.084844e-05 0.001128383 0.0003080892 0.000798961 8.759925e-05 0.0006045424 0.0008236699
58 0.0004493179 0.0002470998 0.0001760974 0.0002723437 0.0003098001 0.0001691244 0.0004623595 0.0005454107 0.0003174121 0.0001022296 0.001041413 0.0002570012
59 0.0004105206 4.947444e-05 0.0006032904 5.848744e-05 5.902543e-05 0.0003986486 0.0005259341 0.0003227814 0.0006880665 0.0002329927 0.0002154992 0.0008965067
60 0.0002776705 0.0001093903 0.0004839991 0.0001642699 0.0001418653 0.000366122 0.001091976 0.0002026783 0.0002506001 0.0004007265 0.0007313204 0.00057433
61 8.371221e-05 0.0001544896 0.0004875795 5.465974e-05 0.0002789508 0.000831305 0.001076709 7.573618e-05 0.0001676805 0.0007177892 0.0002500102 0.003339464
62 0.0005168166 8.26014e-05 0.0005394216 0.0005141314 0.0004603693 0.0004508561 0.0003466116 0.0003432394 0.001238064 0.000396147 0.0002555462 4.432251e-05
63 5.524573e-05 5.93043e-05 1.300096e-05 4.838536e-05 0.0003697255 0.0002507401 0.0009746259 0.0002545871 0.001747768 0.0004086766 0.0003716021 9.325608e-05
64 0.0001468465 0.0002139193 0.0001668436 0.0002954887 0.0005374227 0.0008239658 0.0009637788 0.0001308289 0.0008527392 0.000113234 0.0007168457 0.0003894958
65 0.0001320725 0.0005194957 0.000386971 0.0005753284 0.0006640399 0.001044551 0.001063743 0.0002199659 0.0007409963 0.0007067191 0.0003673675 0.002193639
66 5.905454e-05 0.0002031944 0.0003833455 0.000397188 0.0004902343 0.0002048338 0.0001602489 0.000164886 0.0002701542 0.0002132726 8.623386e-05 0.001123644
67 1.82827e-05 0.0003267384 0.0007309181 6.617351e-05 0.0001505285 0.001111455 0.0006460044 8.00755e-05 2.19711e-05 0.0005427527 0.0003796362 0.001460094
68 0.0008910613 6.53241e-05 7.882752e-05 1.482779e-05 0.0001368585 0.0006339052 0.0009481644 0.0001149741 0.00085641 0.0002528201 0.0006112912 0.0007532228
69 0.0001522224 5.942732e-06 0.0005787351 0.0002682591 0.0008197381 0.0002231828 0.001159205 0.0002639855 4.244084e-05 0.0006681029 0.0001184497 0.0002251017
70 2.844418e-05 5.360687e-05 0.0003504387 0.0001008943 0.0001310359 0.0002392241 0.0009638567 0.0005161092 0.001386649 0.0005354828 0.0001862967 0.0003630679
71 0.0002581465 0.0002854203 0.0004696992 8.041607e-05 8.00945e-05 0.001079668 9.030884e-05 0.0003784848 0.0001207622 0.0004856519 0.0008003752 0.0003954231
72 6.714279e-05 2.794155e-05 4.310586e-05 0.0002070051 0.0002922371 0.0004332697 0.00105876 0.0002658416 0.0005133018 0.0005582896 0.0006269278 0.0009415573
73 0.000172486 1.383544e-06 0.000377595 0.0003409104 0.0004166661 0.0004082733 0.0007232561 0.0002878618 0.0002788954 0.0001633775 4.758659e-05 0.0007934395
74 0.0001107786 0.0002138026 8.614857e-05 3.803233e-05 0.0003877326 0.0009748662 8.089563e-05 0.0004978156 0.0002572744 0.0004311619 3.603633e-05 0.0006050075
75 0.0008886537 0.000284148 0.0001073435 8.717303e-05 2.722839e-05 0.0004919551 0.001019387 0.0001521253 0.0002904888 0.0006181269 0.0001560902 0.001829025
76 0.0004518197 8.827844e-05 0.0005966604 0.0001039467 0.0007419828 0.0006916604 0.0007290133 0.0002310621 0.0008377251 0.000588742 0.0005796563 0.001309884
77 0.0007995939 0.0001254999 0.0005860131 0.0002017403 0.00010312 0.0001573436 0.0004732521 0.0002511274 0.0006024158 0.0002772476 0.001264775 0.00137973
78 0.0001076074 5.767097e-05 0.0002206062 4.590719e-05 6.117691e-05 0.0005226351 0.0002307945 0.0001502234 0.002106141 3.36854e-05 0.0006990547 0.001447966
79 0.0002058305 5.333923e-05 0.0004398979 3.685153e-05 0.0001880105 0.0001137114 0.000117165 0.000104996 0.0006170386 0.0001452662 0.0005021086 0.0008534625
80 0.000449837 7.62033e-05 0.0002276733 9.101512e-06 0.0002338357 5.300623e-05 0.0003480888 0.0001601047 0.0007232585 0.0001692314 0.0002159036 0.000818611
81 0.001000437 0.0001305463 0.0003341454 0.0001523214 0.0005197601 0.0002581166 0.0002382161 0.000184394 0.001013707 0.0001329987 0.0009833048 0.002137547
82 2.44789e-05 0.0001254024 0.0001875854 8.722744e-05 0.0005234005 0.0003862724 0.0003645077 8.316892e-06 0.0009014607 0.0001715758 0.0008623058 0.0008562504
83 1.10881e-05 0.0001473757 0.0001469769 0.0001411172 1.665786e-05 0.0008805272 0.0004739243 0.0001211323 0.001607239 0.0005089006 0.0005789415 0.0008545982
84 0.0002511254 9.660278e-05 0.0002800905 0.0003103553 0.0004195643 0.0005696769 0.0001483918 0.0003474741 0.0007821545 0.0005218726 0.0006298804 0.0001823863
85 7.282128e-05 7.134733e-05 0.0003846441 0.0001481168 0.0001108524 0.0003515535 0.0001034625 0.0001333492 0.0001430656 0.000126855 0.0001480322 0.00106414
86 9.345574e-05 0.0002726432 0.0002564604 0.0002926904 0.0003272551 0.0001915182 0.0003231952 0.0001038834 0.001460122 2.9067e-05 0.0001677643 0.0007010395
87 0.0005129251 5.075012e-05 0.0002911071 0.0001016278 0.0003879917 6.733742e-05 0.0002495251 0.0002305246 0.001671579 0.0002927256 3.492861e-05 0.0006734113
88 0.0001830826 0.0001984294 0.000176098 0.0003563965 1.573035e-06 0.0003981967 0.0005525121 8.446909e-05 8.688837e-05 0.0002044979 0.0001601492 0.0005521344
89 1.278526e-05 0.000461468 0.000931164 0.000301431 0.0005815951 4.853471e-05 0.0008411486 0.0003990479 0.0004031868 4.891575e-05 0.0005027986 0.001521041
90 0.0002758534 4.218252e-05 0.0004689618 0.0001823162 0.0004036184 8.130724e-05 0.0005004591 0.0007865002 5.032845e-05 0.0009046013 0.000810622 1.579566e-05
91 0.0003376693 0.0001106854 0.0004381278 0.0002537086 0.0002388692 0.0001079525 0.001179778 0.0004585831 0.0003175544 4.482509e-05 0.001219333 0.001764837
92 3.608483e-06 0.0002203228 0.000396189 0.0002851572 0.0002767097 7.288504e-07 0.0001464639 6.495144e-07 1.584005e-06 9.127748e-07 0.0002597891 0.0001111356
93 0.0003100079 0.0001589284 0.0004896809 0.0001095116 0.0002831259 0.0003808862 0.0001556881 0.000278079 0.0005595066 0.0001891723 0.0006647881 0.0009814472
94 0.0005359904 0.0002654929 0.0002226744 0.0003373912 6.129628e-05 0.0002468659 0.0007991881 0.000142874 0.0002878515 0.0002330784 0.001090087 0.001144998
95 0.0002592954 8.033155e-05 0.0001413251 0.0001398174 0.0008202662 0.0003956676 8.725558e-05 9.783597e-05 0.0003299494 0.0001211319 4.018219e-05 0.0006445321
96 0.0001869389 0.0003117773 0.0001554929 0.0004057824 0.0004236794 0.0005598592 5.195169e-05 7.042596e-05 0.0007937912 9.879135e-05 0.0009289651 0.001154943
97 0.0007995939 0.0001254999 0.0005860131 0.0002017403 0.00010312 0.0001573436 0.0004732521 0.0002511274 0.0006024158 0.0002772476 0.001264775 0.00137973
98 0.0002886367 0.0001695523 0.0001776108 0.0001810675 0.0005799908 0.0003334627 0.001199938 0.0003763738 0.0004691417 0.000114921 0.0009076858 0.0005632165
99 0.0006257233 0.0001296589 3.184747e-05 9.407694e-05 0.000435367 0.0005798071 0.0002724797 0.0004140711 0.001881566 0.0004314051 8.762113e-05 0.001020127
100 5.905454e-05 0.0002031944 0.0003833455 0.000397188 0.0004902343 0.0002048338 0.0001602489 0.000164886 0.0002701542 0.0002132726 8.623386e-05 0.001123644
