1 0.01877948 0.01896831 0.105633 0.1240631 0.2037328 0.1545552 0.19314 0.184196 0.1893949 0.2048588 0.4644483 0.451901 0.1345722 0.1334983 0.143231 0.009410384 0.2211932 0.5917097 0.003074759 0.2027164 0.09451977 0.01871431 0.0515474 0.0003398449 0.0002192493 0.000334802 0.0005802189 0.0006083011 0.000836714 0.8916799 1.960821 0.002339454 0.0004766665 0.002680908 0.001041644 0.004960508 0.0001687403 0.004923078 0.003562964 0.0005058009 0.001913806 0.004247911 0.004972307 0.006159152
2 0.01885799 0.01907929 0.1087006 0.1260123 0.2012483 0.1973152 0.1971283 0.2350459 0.1853231 0.1953911 0.4674539 0.4363231 0.1273479 0.1282548 0.1794311 0.0120418 0.2411023 0.4633259 0.04089917 0.5769589 0.08667913 0.0190195 0.06973181 0.0002744907 0.00021545 0.0003080151 0.0005833182 0.0005899871 0.0007476938 1.62003 3.430356 0.002406465 0.0005205971 0.002686033 0.001098273 0.004971071 0.0005107804 0.004830719 0.003550457 0.0005091046 0.002037282 0.004247812 0.005053704 0.006036672
3 0.01828821 0.01852226 0.09846451 0.1136175 0.283042 0.2991926 0.1961689 0.1929438 0.1857344 0.2176094 0.4924335 0.4485385 0.1387748 0.143444 0.1323029 0.005846753 0.179631 0.3261555 0.005852699 0.4683255 0.111813 0.04376658 0.09823037 0.0003959238 0.0002657933 0.000382446 0.0005970487 0.0007786317 0.0008525254 1.836606 3.022865 0.002371303 0.0005218444 0.002393938 0.0009366906 0.00440826 0.0002647227 0.00433452 0.003422891 0.0004591269 0.001745318 0.003767609 0.00467766 0.005437458
4 0.01852721 0.01888603 0.118357 0.1408477 0.2981243 0.2774111 0.19699 0.1893539 0.1838406 0.1869902 0.6530784 0.6354812 0.1321167 0.1359393 0.1008484 0.0112611 0.2811184 0.6397658 0.02378076 0.5577435 0.1188324 0.04910023 0.07275254 0.0003380589 0.0002415727 0.000370508 0.0005847991 0.0007608544 0.0007867308 1.199934 4.237631 0.00234707 0.0005826742 0.002667904 0.001060959 0.00489166 0.0003874648 0.004823362 0.003665532 0.0005059609 0.002063785 0.004180302 0.005096316 0.006035571
5 0.01848231 0.01864253 0.08795063 0.1130106 0.2765438 0.29068 0.2061784 0.1996032 0.2069907 0.1854916 0.4305936 0.4314261 0.1405952 0.145266 0.1226365 0.004670263 0.2275056 0.6267116 0.02388513 0.6178761 0.08383495 0.03523694 0.105984 0.000382616 0.0002875008 0.0002864829 0.0007254945 0.0007680267 0.0009040106 1.618504 2.204526 0.002387132 0.0005586288 0.002636127 0.001022312 0.004925179 0.0003847158 0.004838246 0.003653915 0.0004974924 0.001883306 0.004216598 0.005139705 0.006075627
6 0.02023998 0.02029061 0.1244986 0.1241629 0.2400358 0.2070837 0.1751804 0.1875972 0.2305861 0.2456219 0.5495522 0.5419846 0.1196603 0.1312039 0.296827 0.005585868 0.2239032 0.609743 0.01422616 0.3804543 0.07691583 0.009113275 0.06965229 0.0002755144 0.000209797 0.000356444 0.0004738419 0.0005819743 0.0006419337 1.201341 2.72529 0.002320345 0.0005747463 0.002814032 0.001141893 0.005151443 0.0002640593 0.005038214 0.003698862 0.0005360144 0.002070243 0.004401332 0.005320227 0.006265459
7 0.01824769 0.01840336 0.09787249 0.1218013 0.2414176 0.2220849 0.2055608 0.2025851 0.2050245 0.2216315 0.4222623 0.4413229 0.1248813 0.1293715 0.1467028 0.01240713 0.2536219 0.8725194 0.04330342 0.7967337 0.0824382 0.02914862 0.09102329 0.0003882399 0.0002743181 0.0003294214 0.0006812766 0.0006721898 0.0008393325 1.406854 3.295641 0.002389368 0.0006339147 0.00265423 0.001033446 0.004936776 0.000343625 0.004838567 0.003679555 0.0005139302 0.002046239 0.004212033 0.005076798 0.006054846
8 0.01989666 0.01997271 0.1179779 0.1210863 0.2527286 0.2490876 0.2314731 0.2294614 0.2071907 0.2185883 0.4676716 0.4732296 0.1510338 0.138283 0.2620164 0.008594328 0.2470617 0.6698065 0.03293196 0.4778407 0.1283258 0.01101824 0.06518241 0.0003510919 0.0002480909 0.0003834046 0.0005988299 0.0006735095 0.0008131499 1.329667 2.582235 0.002287669 0.0004312203 0.002841783 0.001132877 0.00522757 0.0001881628 0.005113227 0.00376719 0.000536954 0.002111083 0.004467609 0.005305635 0.006358112
9 0.01895792 0.01919336 0.1053448 0.1293294 0.21342 0.1980568 0.2055029 0.2060695 0.1609904 0.1856047 0.5666429 0.6246229 0.1356715 0.1305863 0.1402353 0.02192481 0.2872134 0.4822874 0.009962964 0.5446406 0.1010818 0.01684817 0.07649914 0.0003205395 0.0002743854 0.000315146 0.0007616694 0.0005998901 0.0008917568 1.239068 2.61583 0.002340152 0.0004715301 0.002559829 0.001018414 0.004725347 0.000225164 0.004603706 0.003555973 0.0004848276 0.001952645 0.004042978 0.004827044 0.005762557
10 0.01940509 0.01949318 0.1583769 0.1438423 0.2330181 0.2002959 0.2020332 0.2115719 0.2287888 0.2165407 0.5890495 0.5198238 0.1472697 0.1399454 0.2139757 0.003461921 0.2114635 0.5613103 0.02639742 0.3436643 0.1187691 0.04218628 0.07468655 0.0003710691 0.0002620909 0.0003149278 0.0007236817 0.0006336159 0.0007667595 1.452568 3.755184 0.002315779 0.0005437112 0.002779889 0.001095077 0.00510632 0.0002949566 0.004970908 0.003732741 0.0005231932 0.002025947 0.004366078 0.005166404 0.00624251
11 0.01933755 0.01947377 0.132097 0.1380475 0.2676577 0.2802523 0.2483826 0.2485492 0.2153794 0.2259002 0.4802766 0.4931431 0.1353027 0.133275 0.2026811 0.01577792 0.266848 0.6442121 0.01682754 0.6891046 0.09895838 0.0175951 0.06135202 0.0003290738 0.0002344417 0.0003557176 0.0006084972 0.0005907943 0.0007955599 1.705844 3.011682 0.002348679 0.0005618464 0.002792362 0.001051923 0.005108921 0.0003348047 0.005043685 0.00370565 0.0005293223 0.001965417 0.004360515 0.005132516 0.006316954
12 0.01933146 0.01921132 0.1079301 0.136854 0.1794228 0.1597143 0.2001607 0.2121319 0.2199423 0.232897 0.3924039 0.3933778 0.1264469 0.1407825 0.1551974 0.02491896 0.2623676 0.2676684 0.007719031 0.2305012 0.1013069 0.0294577 0.1003974 0.0003364992 0.0002409004 0.000341221 0.0005984286 0.0006810241 0.0008451645 1.055434 2.265706 0.002368837 0.0004290102 0.002600748 0.001095648 0.004784714 0.0002103542 0.004610171 0.003397873 0.0004903866 0.001959609 0.004090262 0.004918915 0.0057666
13 0.01920907 0.01920016 0.108487 0.1235271 0.2235776 0.2337869 0.1822515 0.165593 0.2103174 0.2213347 0.3494797 0.3527194 0.1437806 0.1287951 0.1457739 0.01607874 0.2288468 0.4763282 0.06772703 0.5379742 0.1109885 0.04391861 0.05059463 0.000308085 0.000242613 0.0003055155 0.0005402583 0.000731339 0.0008081993 0.9935354 1.62764 0.002341828 0.0006893551 0.002679819 0.001060958 0.004883882 0.0005255032 0.004834565 0.003663354 0.000532466 0.002035458 0.004179678 0.005187711 0.006049183
14 0.01861675 0.01878416 0.1139554 0.1228275 0.2464211 0.2219142 0.2101059 0.2137018 0.1967793 0.1833375 0.3841992 0.3753745 0.1382618 0.1338662 0.1355284 0.009472441 0.1955816 0.5978167 0.02941537 0.577881 0.1054903 0.05246723 0.08048596 0.0003631003 0.0002353415 0.000304391 0.0006246208 0.000705965 0.0007418523 1.379971 3.086457 0.002362512 0.0006447014 0.002662136 0.00102945 0.00491411 0.0004383389 0.004779281 0.003684469 0.0005005464 0.001892081 0.004201587 0.00492785 0.006014838
15 0.0187484 0.01882155 0.1353931 0.1313563 0.1882193 0.1950635 0.1559167 0.1720071 0.1891503 0.1923788 0.5826137 0.5500425 0.1443328 0.1323651 0.2119876 0.009974861 0.3316081 0.4041959 0.02494691 0.4704394 0.09595868 0.03731936 0.09548953 0.0003510234 0.000253761 0.0003185524 0.0006005907 0.0006894009 0.0009055284 1.414661 3.121696 0.00236633 0.0005511737 0.002610553 0.001023322 0.004775601 0.000401133 0.004673051 0.003599785 0.0005097663 0.002013419 0.004081988 0.005166459 0.005896393
16 0.01791044 0.01800112 0.1230135 0.1267505 0.2180269 0.2107778 0.1956621 0.1938789 0.1882405 0.2071664 0.4292378 0.4158634 0.1363759 0.1401453 0.2051196 0.02184968 0.2580007 0.6336164 0.0204049 0.6076921 0.09392691 0.01192396 0.06709137 0.0003270026 0.0002084306 0.0003105791 0.0005443744 0.0006537821 0.0006398396 1.403935 3.180173 0.002425172 0.0004803477 0.002679016 0.001009277 0.004870427 0.000208001 0.004773705 0.003608704 0.0005084909 0.001925833 0.004150458 0.0051396 0.005987759
17 0.01877112 0.01892196 0.1074357 0.1205066 0.2040036 0.192759 0.2187924 0.2376385 0.2303015 0.2130149 0.4595611 0.4647862 0.133989 0.144756 0.1075038 0.009160401 0.2393036 0.5892545 0.03603137 0.5073746 0.1123033 0.003745715 0.08692477 0.0003643194 0.0002774638 0.0003116048 0.0006309523 0.0008181398 0.0008733102 1.235014 2.17292 0.002385856 0.0006324646 0.00270717 0.001075975 0.004977325 0.0004711437 0.004827745 0.003658666 0.0005106939 0.001943687 0.00425887 0.005192255 0.006062431
18 0.0200645 0.01454304 0.1248769 0.1311365 0.2207295 0.1975781 0.1943665 0.204789 0.1626472 0.1612825 0.4168294 0.4124909 0.2106142 0.2054599 0.1360742 0.01249412 0.1696911 0.4742704 0.03279022 0.3848826 0.1453322 0.03545994 0.09372385 0.0003574292 0.000230438 0.0002999352 0.0006169798 0.0006185076 0.0008534309 0.01552942 3.187739 0.01058888 0.0007102249 0.00252107 0.001040645 0.004693029 0.0003307729 0.004624208 0.003567081 0.0004872729 0.001799271 0.004027528 0.004779091 0.00581934
19 0.01971836 0.01982101 0.1258904 0.1279285 0.2751677 0.2645525 0.2248244 0.25868 0.2220194 0.214608 0.4156981 0.4153228 0.1303657 0.1437108 0.2039515 0.008471726 0.2271766 0.5456736 0.05678403 0.2346574 0.07215572 0.03903909 0.1054388 0.0003391009 0.0001855445 0.0003135272 0.0004674497 0.0005914555 0.0005981589 1.794334 2.931845 0.002330699 0.0005858145 0.002737678 0.001049944 0.004990683 0.0003491737 0.00484895 0.003580426 0.0005258131 0.002019835 0.004273153 0.005104376 0.006060492
20 0.01875855 0.01825738 0.09348556 0.1110775 0.2324743 0.2006454 0.1376755 0.136638 0.1837121 0.2207176 0.6061758 0.6085653 0.1334318 0.139764 0.1501952 0.004953387 0.259548 0.4366287 0.008590666 0.4189165 0.07940882 0.007046976 0.06691486 0.0002632142 0.0001870179 0.0003323408 0.000484702 0.0005492029 0.000582482 0.1927419 1.587331 0.01094437 0.0004564237 0.002449752 0.0009576773 0.0045735 0.0002334576 0.004529719 0.003352324 0.0004602129 0.001829221 0.003903582 0.004781286 0.005697519
21 0.0184964 0.01868885 0.1114777 0.1305364 0.2465495 0.25895 0.1537321 0.1535798 0.1929899 0.201626 0.3954663 0.4185668 0.1384942 0.1311106 0.1564609 0.008296211 0.2059821 0.3678104 0.007260657 0.4908602 0.09874364 0.0406086 0.07464183 0.0003299828 0.0002530469 0.0003300664 0.0005977801 0.0006585641 0.0007176297 1.031147 2.271049 0.002396677 0.000457128 0.002584779 0.001051239 0.004858156 0.0003503745 0.004743509 0.003502308 0.0004916935 0.001977516 0.00414491 0.005106325 0.005963422
22 0.01866462 0.01882146 0.09480499 0.1101418 0.2207992 0.2239927 0.1792458 0.1952855 0.1900031 0.217243 0.3607375 0.3822067 0.1340825 0.1402753 0.1001802 0.003831767 0.2672622 0.5311807 0.02972197 0.480388 0.08452027 0.007370786 0.0804115 0.0004019241 0.0002587259 0.0004001824 0.0006681605 0.0006880516 0.0008566791 1.628258 5.010001 0.002360512 0.0004545587 0.002503385 0.001048569 0.004632016 0.0001467014 0.00457712 0.003528442 0.0004722486 0.002052413 0.003955599 0.0048474 0.005737534
23 0.01877022 0.01867164 0.1114283 0.1349933 0.2183711 0.1972412 0.1945347 0.1806866 0.2331988 0.2278304 0.4847727 0.504057 0.1404722 0.1356265 0.152231 0.02011731 0.2834638 0.4890978 0.01453596 0.3208115 0.1147723 0.04675861 0.07060893 0.000384324 0.0002704354 0.0003488963 0.0007120281 0.00072356 0.0008693972 1.383077 2.369327 0.002356279 0.0005264622 0.002632037 0.001023268 0.004882025 0.0002902905 0.004753426 0.003515245 0.0005000056 0.001957159 0.004162243 0.004948775 0.00595879
24 0.0185433 0.01870799 0.1098877 0.1295894 0.2426072 0.2479479 0.150846 0.1413416 0.1947313 0.2107518 0.4457343 0.4207925 0.168063 0.1402719 0.2330057 0.009805628 0.3037158 0.5965624 0.05657649 0.5327493 0.09290642 0.008329544 0.03432484 0.000265286 0.0002354461 0.0004296617 0.0006536167 0.0005662389 0.0007663357 1.212298 1.795817 0.002344515 0.000438642 0.002652237 0.001049553 0.004946115 0.0003712345 0.00481405 0.003547322 0.0005011991 0.001982203 0.00422384 0.005126115 0.00605072
25 0.0191666 0.01933126 0.1232325 0.1354271 0.2291783 0.2085907 0.1835032 0.2097539 0.1985741 0.2230151 0.466328 0.4396045 0.127469 0.1343341 0.2140662 0.01200555 0.2598326 0.6124004 0.03663509 0.5383036 0.1056741 0.007441964 0.07424159 0.0004063802 0.0002664597 0.0003154967 0.0006723226 0.0007392239 0.000864177 0.948707 2.445076 0.002361244 0.0006725614 0.002668034 0.00111918 0.00496285 0.0002734384 0.004846307 0.003709712 0.0005014899 0.002071141 0.004233137 0.005120191 0.006067468
26 0.01913595 0.01918821 0.1382597 0.1490493 0.2749042 0.2990631 0.1847718 0.1658831 0.2201076 0.2322874 0.4510939 0.4737787 0.1429379 0.1489695 0.1757863 0.004057725 0.2785839 0.6144037 0.0466581 0.6926836 0.1182374 0.01479208 0.06843515 0.0002722383 0.0002387497 0.0003363184 0.0006212598 0.0006277884 0.0007551214 1.466828 2.095373 0.002329244 0.0005160048 0.002638833 0.001057726 0.004861438 0.0004142149 0.004782994 0.003541845 0.0004991368 0.001957979 0.004150818 0.00507711 0.005964753
27 0.01901667 0.01921501 0.1176271 0.1301361 0.2301976 0.2242462 0.1662623 0.1667973 0.2128582 0.209961 0.5121825 0.5033315 0.1487227 0.1370069 0.175123 0.01351581 0.2735111 0.8155265 0.02897178 0.7209251 0.1114299 0.02447576 0.06423677 0.0003523816 0.0002231934 0.0003735046 0.0005646672 0.0007169391 0.0007140794 1.092588 2.046639 0.002344364 0.0005749162 0.002750798 0.001145073 0.005032871 0.0004039507 0.004962037 0.003693764 0.0005158414 0.002068772 0.004303059 0.005194764 0.006228469
28 0.01892785 0.01929059 0.1015918 0.1054955 0.2399318 0.2117539 0.184316 0.1808778 0.1808383 0.1814987 0.432472 0.4162061 0.1303577 0.1373938 0.1395333 0.01328909 0.1736357 0.5555694 0.04853063 0.4306748 0.09947709 0.03412512 0.07910292 0.0003026202 0.0002035864 0.000342952 0.0004525914 0.0006758614 0.0005769025 1.386541 3.38745 0.00233494 0.0006450747 0.002546689 0.001057307 0.004676468 0.0003963962 0.004617199 0.003472041 0.0004983747 0.002051823 0.004002495 0.004899479 0.005772757
29 0.0185927 0.01876593 0.121518 0.1242901 0.1824806 0.1695417 0.1809103 0.213195 0.2110162 0.228765 0.4361864 0.4571699 0.124382 0.1372817 0.1799114 0.007615186 0.2296342 0.5924523 0.0203634 0.4731617 0.09772305 0.02230155 0.115721 0.0004410527 0.0002859589 0.0003033173 0.0005841437 0.0007809717 0.0007627593 1.384006 3.103012 0.00238211 0.0006314926 0.002627789 0.001000985 0.004904649 0.0002885189 0.004794734 0.003798831 0.0005000585 0.001883784 0.004197799 0.005115526 0.00598235
30 0.01900314 0.01911723 0.1196202 0.1343873 0.206171 0.2091285 0.1468056 0.1771914 0.182086 0.2022395 0.4898515 0.4414288 0.146211 0.1349664 0.1415119 0.016341 0.2371005 0.5506139 0.01920393 0.5708979 0.1008251 0.03562245 0.09933284 0.0003783163 0.0002512075 0.0003067931 0.0006549361 0.0006557405 0.0008521293 0.9444083 2.298265 0.002347257 0.0006245735 0.002645426 0.00107034 0.004941326 0.0004851303 0.004830971 0.00360535 0.0005039582 0.001978789 0.004230075 0.005029491 0.006070266
31 0.01928072 0.01935536 0.1073327 0.1246536 0.3017655 0.2902515 0.1989387 0.1960441 0.2209096 0.2633486 0.3885275 0.4085679 0.1464512 0.1346051 0.1428343 0.007445861 0.2716943 0.6653054 0.04306075 0.4955573 0.1043862 0.01441911 0.06778985 0.0003587355 0.0002477726 0.0003190401 0.0006380869 0.0006353183 0.0007110187 1.467027 1.771049 0.002366231 0.0006193434 0.002794056 0.001130823 0.005182881 0.0003721341 0.005042549 0.003802489 0.0005471467 0.002129213 0.004425199 0.005327777 0.006369538
32 0.01936932 0.01953244 0.1056913 0.1260221 0.3884943 0.374494 0.1538531 0.158487 0.1912337 0.2392624 0.4976757 0.4873796 0.1279144 0.1207084 0.1588245 0.01077204 0.2785271 0.7440855 0.06982996 0.7658619 0.08152649 0.006272523 0.07745184 0.0003162767 0.0002497767 0.0003063497 0.0005870642 0.0006653689 0.0006798897 1.222665 3.662864 0.002358558 0.0006174387 0.002704931 0.001090004 0.004969038 0.0002005668 0.004842388 0.003615077 0.0005118384 0.002109005 0.004237149 0.005051589 0.006036383
33 0.0188676 0.01901295 0.1155608 0.1334688 0.2898452 0.2796713 0.1877843 0.1690884 0.1920112 0.1906652 0.4605889 0.4805574 0.1724592 0.142522 0.09628936 0.007524459 0.2368244 0.6994888 0.1539302 0.6263118 0.0925195 0.005595848 0.03977702 0.000287674 0.0002136789 0.0003515489 0.0006636365 0.0005344881 0.000731962 0.9442226 3.341077 0.002338481 0.0004846936 0.002559284 0.00104665 0.00476002 0.0002475459 0.004667464 0.003515483 0.000478092 0.002048568 0.004060744 0.004933761 0.005887459
34 0.01865873 0.01875211 0.1147427 0.1269249 0.2339462 0.2253625 0.129436 0.1142508 0.20589 0.2250841 0.4864108 0.4474865 0.1403337 0.1486687 0.1841493 0.01116735 0.153642 0.6218141 0.02381489 0.5783084 0.08803232 0.006194097 0.05220148 0.0002750112 0.0002349179 0.0003730068 0.000607072 0.0004874557 0.0007945062 1.043036 5.260303 0.00234304 0.0005510378 0.00276911 0.001096616 0.00514707 0.0002986683 0.005050259 0.003703905 0.0005445071 0.002053961 0.004402359 0.005311696 0.006334167
35 0.01886526 0.01881373 0.1344842 0.1463929 0.1773853 0.1892944 0.1488162 0.1515096 0.2080481 0.203349 0.3587426 0.4043876 0.1361259 0.1364046 0.1611264 0.02072046 0.3030024 0.3964757 0.004055621 0.5678539 0.07234994 0.002591607 0.06928647 0.0003265659 0.0002272741 0.0003247688 0.0006776337 0.0004885638 0.0008421049 1.472351 1.746747 0.002334894 0.0005403675 0.002709918 0.001088511 0.005021182 0.0001157153 0.004873391 0.003744817 0.0005130156 0.001993956 0.004291943 0.005106281 0.006110511
36 0.01948625 0.01974519 0.1119783 0.1196573 0.2665667 0.2552233 0.151316 0.1656386 0.1826622 0.2033822 0.3888886 0.4193494 0.1385673 0.1425695 0.1657348 0.009277842 0.213854 0.8773454 0.0280024 0.8139764 0.07986672 0.03251557 0.07233241 0.000307511 0.0001858823 0.000387718 0.0005006946 0.0005497219 0.0006660465 1.929402 5.029649 0.002345333 0.0006676013 0.002767214 0.001124884 0.005115444 0.000402716 0.005072126 0.003731255 0.0005230065 0.002101232 0.004393245 0.00527157 0.006321202
37 0.0185698 0.01868256 0.09291928 0.1048177 0.2839578 0.2745022 0.181991 0.1981194 0.1998554 0.1993349 0.5034779 0.5076689 0.1273237 0.124148 0.07650669 0.002221011 0.1478612 0.7296618 0.04790612 0.7007844 0.09136722 0.02599487 0.06798953 0.0003400969 0.0002445005 0.0002685728 0.0006218174 0.0006437575 0.0008111159 1.405667 1.772818 0.00235559 0.0005538402 0.002755084 0.001027445 0.005048492 0.0003034607 0.004921713 0.003589313 0.0005233057 0.001930928 0.004309589 0.005118428 0.00615699
38 0.01900113 0.01907051 0.1459275 0.1419621 0.2331773 0.2144749 0.1772987 0.178616 0.192267 0.1987549 0.4374868 0.409918 0.1395834 0.1336497 0.2250764 0.01641416 0.2180192 0.4492402 0.03031425 0.459826 0.147125 0.02588544 0.1421072 0.0003505697 0.0002294409 0.0003352891 0.0006092402 0.0005949718 0.000768768 1.391552 4.145344 0.00234749 0.0004973596 0.002819866 0.0011301 0.005217487 0.0002590046 0.005137759 0.003591022 0.0005399858 0.002092716 0.004476605 0.005268863 0.006390724
39 0.01822914 0.01839096 0.115833 0.1251194 0.2383701 0.2154982 0.1782589 0.1813299 0.2056242 0.1870021 0.4545556 0.4553838 0.1393576 0.1292019 0.1189976 0.006721959 0.2495989 0.6522002 0.07646903 0.4283688 0.08895276 0.03527726 0.0750018 0.0003451686 0.0002560255 0.0003655342 0.0006459064 0.0007394752 0.0008987407 0.7579505 3.362059 0.002394564 0.000633586 0.00269292 0.001082858 0.004977252 0.0004051969 0.004784504 0.003676082 0.0005279315 0.002042598 0.004255487 0.005079662 0.00603066
40 0.01859413 0.01871534 0.1045335 0.1222197 0.224918 0.2191288 0.1760431 0.1773533 0.1894926 0.2184018 0.4618011 0.4346237 0.1435141 0.1304614 0.179719 0.02997574 0.1946089 0.6897938 0.1216529 0.6866717 0.1017798 0.04723725 0.08613301 0.0003256615 0.00025315 0.0003366331 0.0006202638 0.0007245588 0.0008142416 1.320822 2.419165 0.002382614 0.0007564598 0.002487942 0.001051513 0.00465215 0.0006641232 0.00459967 0.003417347 0.0004859079 0.001972838 0.004003015 0.004809716 0.00585502
41 0.01828314 0.01829657 0.09704464 0.1020932 0.2004185 0.2058443 0.226805 0.2122521 0.201374 0.2281087 0.4225599 0.4046431 0.1455197 0.1417055 0.1543163 0.001892594 0.1743846 0.4335411 0.05633978 0.4783307 0.09158334 0.01529047 0.06641717 0.0003256483 0.0002491447 0.0002944866 0.0006560664 0.0006327216 0.000791448 1.010334 4.046668 0.002398339 0.0004274253 0.002479047 0.0009752692 0.00460345 0.0003448517 0.00458244 0.003450159 0.0004758753 0.00184188 0.00392883 0.004669083 0.005706688
42 0.01861706 0.01874506 0.1117654 0.1287239 0.2771816 0.2732751 0.2021104 0.2064815 0.2003863 0.2093792 0.4414734 0.4058281 0.1538554 0.1468401 0.1798562 0.01099255 0.2275906 0.9189192 0.02759351 0.9061348 0.1279177 0.02949559 0.1172303 0.0003256749 0.0002259603 0.0002841467 0.0004888006 0.0006327648 0.0007368342 0.9848212 2.595429 0.002636911 0.0004717854 0.002650991 0.001009523 0.004921429 0.0003251462 0.004784343 0.003506228 0.0005096605 0.001885447 0.004201953 0.005019419 0.006015614
43 0.01859272 0.0186443 0.1014083 0.1153587 0.1847126 0.1679739 0.2029931 0.1971342 0.1981972 0.2368566 0.3919919 0.3947484 0.1392235 0.1386728 0.156828 0.005841234 0.2300037 0.4237072 0.02348218 0.2904084 0.107426 0.02852851 0.08864712 0.0003297615 0.0002327705 0.0003446602 0.0005444909 0.0006221089 0.0007654753 1.124159 1.983621 0.002379992 0.0005284168 0.002513164 0.00103337 0.004580253 0.0003578562 0.004491011 0.003303774 0.0004829017 0.001863095 0.003906538 0.004778632 0.005660794
44 0.01822411 0.01835903 0.1278523 0.1323197 0.1842995 0.1674971 0.1781739 0.1710527 0.1965478 0.2075071 0.4923335 0.4686258 0.1357212 0.1404952 0.2149076 0.009687844 0.1719951 0.6415363 0.01490769 0.4822245 0.1269922 0.02560559 0.1304795 0.0003547941 0.0002741156 0.0003269963 0.0006686806 0.0007916964 0.0009284858 1.357985 3.739026 0.002422459 0.0005297215 0.002657095 0.001026631 0.004877467 0.0001967457 0.004817911 0.003647792 0.0005067397 0.001971885 0.004158503 0.00511328 0.00604575
45 0.01785315 0.01803602 0.1054664 0.1113193 0.1804904 0.180001 0.1482894 0.1538386 0.1749071 0.1749754 0.5362077 0.543556 0.1325674 0.129567 0.1505427 0.01056614 0.2086641 0.3588283 0.03423464 0.447432 0.08174335 0.01863121 0.07609523 0.0004113487 0.0002449497 0.0003173594 0.0005913922 0.0007104986 0.0007248792 1.528317 2.83369 0.002422545 0.0006503551 0.00257851 0.001022313 0.004722456 0.0003022521 0.004566527 0.003444972 0.0004895347 0.0018575 0.004021944 0.004795871 0.005691296
46 0.01856477 0.01880357 0.1128877 0.1291729 0.2324641 0.2278799 0.1824531 0.182538 0.1511148 0.180693 0.4412302 0.4279655 0.1442214 0.1359187 0.2233473 0.0102519 0.3095208 0.4752777 0.1139742 0.3947853 0.092338 0.01352994 0.05916189 0.0003248085 0.000248076 0.0003587542 0.0006849474 0.0005822271 0.0008306349 1.252604 3.232226 0.002363533 0.0005844462 0.002696666 0.001061929 0.00501843 0.0002533352 0.004902018 0.00359833 0.0005158783 0.002021824 0.004275182 0.005151603 0.00612315
47 0.0192462 0.01935705 0.1128243 0.1251192 0.2162935 0.2068194 0.2090748 0.2074032 0.2314199 0.2230072 0.5004591 0.5154664 0.1434977 0.1238682 0.1284736 0.003635873 0.2504617 0.5248195 0.01738061 0.5196115 0.09142737 0.0189548 0.04889644 0.0003255587 0.0002064147 0.0003212946 0.0005777253 0.0005801778 0.0007611895 1.449961 2.941868 0.002344665 0.0004997254 0.00277978 0.001065231 0.005101856 0.0002815128 0.005075944 0.003755511 0.00053533 0.001965918 0.004360166 0.005224406 0.006335433
48 0.02010581 0.02017619 0.1147318 0.1432459 0.2710217 0.2479691 0.1846861 0.1942866 0.1822814 0.217172 0.4499186 0.4508198 0.1511445 0.1421512 0.1563083 0.009588014 0.2619194 0.5781116 0.02653424 0.3309211 0.09380273 0.01078788 0.04886581 0.0002999819 0.0002193126 0.0003272119 0.0005277513 0.000622744 0.0008728211 1.335233 3.146179 0.002301746 0.0005547625 0.002793984 0.001116959 0.00512056 0.0002103016 0.005075494 0.003821367 0.000530785 0.002095129 0.004378858 0.005342742 0.006361437
49 0.01912442 0.01923807 0.1122114 0.1303012 0.1990025 0.1940479 0.1816509 0.1935164 0.245613 0.2422001 0.4554922 0.4738888 0.131082 0.13918 0.175442 0.00753768 0.2972285 0.421958 0.02247341 0.4628394 0.08853336 0.04552508 0.112384 0.0003750059 0.000236621 0.0003172562 0.0006034906 0.0006755726 0.0006590621 1.753243 1.858505 0.002357206 0.0005551617 0.002669601 0.001035696 0.004919903 0.0003329858 0.00483128 0.003582799 0.000522085 0.001908971 0.004207406 0.004987697 0.006041877
50 0.01881086 0.01881185 0.1277609 0.1354925 0.3239056 0.306909 0.148961 0.1552498 0.1860553 0.1896441 0.4273535 0.4194845 0.1355335 0.1296954 0.2355177 0.01070332 0.2896398 0.6602277 0.0352675 0.6003259 0.1052309 0.01941926 0.05962071 0.0003484531 0.0002265542 0.0003786044 0.0005996966 0.00070554 0.0006858772 1.5276 1.659071 0.00236115 0.0006109609 0.002778336 0.001079595 0.00513888 0.00039549 0.005050393 0.003640415 0.0005349898 0.002083257 0.00439182 0.005180017 0.006352634
51 0.01927565 0.01936038 0.09732006 0.102837 0.2029379 0.1824036 0.2088228 0.2249023 0.2120045 0.2338975 0.587593 0.555927 0.1401473 0.1441514 0.1312854 0.005393017 0.1335617 0.5918473 0.002153148 0.3276735 0.08076915 0.03684405 0.08356953 0.0003076992 0.0002198709 0.0003097084 0.0005614041 0.0005412813 0.0006679269 2.176443 1.197544 0.002348553 0.0004313702 0.002691921 0.001087668 0.004933674 0.000152022 0.004797443 0.003583305 0.0005113074 0.001947724 0.004218742 0.005090638 0.006017434
52 0.01918173 0.01916971 0.107964 0.1389905 0.2824847 0.2780639 0.2176752 0.2144477 0.2092406 0.2171129 0.4478159 0.4176957 0.1358746 0.1389515 0.1850523 0.01096628 0.2390082 0.6663401 0.05898525 0.6472958 0.106994 0.03171027 0.07637784 0.0003649466 0.0002432152 0.0002967795 0.0005407791 0.0007468817 0.0008157522 1.485062 2.622414 0.002345006 0.0006934828 0.002722225 0.001063558 0.00508562 0.0005009712 0.004886205 0.003803983 0.0005152113 0.002034744 0.004344969 0.005199985 0.006128745
53 0.01914604 0.01932516 0.1232576 0.1301696 0.2471329 0.2339366 0.2787862 0.2800231 0.1763045 0.1812132 0.3866445 0.4116133 0.1470981 0.1455395 0.18476 0.02231974 0.2431056 0.6193357 0.03317315 0.5299931 0.1331575 0.0714092 0.1125706 0.0002914993 0.000197689 0.0003736607 0.0005084069 0.000614191 0.0007371468 1.52459 3.205209 0.0023349 0.0006478535 0.002739793 0.001112937 0.005052637 0.0004665368 0.00497621 0.003686058 0.0005403469 0.00201142 0.004322218 0.005173787 0.006247167
54 0.01892468 0.0189702 0.1265653 0.1321698 0.2218284 0.2095713 0.191241 0.172713 0.2121807 0.2152357 0.4063874 0.4416742 0.1357134 0.1335583 0.2082494 0.01124119 0.2271197 0.5779185 0.1028061 0.4817171 0.08590306 0.02372279 0.07449885 0.0003351329 0.0002473798 0.0004071463 0.000664408 0.0006317034 0.0007579595 1.584013 3.576453 0.002341326 0.0006591397 0.002749743 0.001229587 0.005026565 0.0004798385 0.004926363 0.003693384 0.0005265573 0.002189359 0.004307251 0.005229498 0.006231396
55 0.019217 0.01934368 0.09567393 0.1173008 0.2168078 0.1804827 0.218104 0.2352084 0.1972916 0.2035538 0.4628195 0.4138463 0.1475158 0.1369213 0.1656925 0.007392437 0.208626 0.6009453 0.01294019 0.2356172 0.06765778 0.03658059 0.1162878 0.0003147329 0.0002380324 0.0003392313 0.000568617 0.0006942559 0.0007183654 0.9799656 3.74872 0.002343481 0.0004763694 0.002651575 0.001067697 0.004878219 0.0003316199 0.004756184 0.00340615 0.0005155534 0.001888879 0.004165822 0.005024759 0.005974926
56 0.009146828 0.01853563 0.124464 0.1217843 0.1765521 0.1662518 0.1850721 0.1756623 0.09669119 0.1011473 0.4615349 0.4952955 0.3149846 0.3358332 0.07661011 0.006628414 0.06494511 0.3373817 0.01460332 0.2136494 0.3196903 0.03015728 0.2897438 0.0002915304 0.0001731723 0.0003099516 0.00048114 0.0004884226 0.0006279269 0.003227058 2.541665 0.03962948 0.0005742231 0.002552541 0.0009727518 0.004704663 0.0003060334 0.004709797 0.003498511 0.0004815767 0.001865124 0.004028062 0.004802746 0.005880227
57 0.01840475 0.0186148 0.1197942 0.1296023 0.2518157 0.2357053 0.1514265 0.1390447 0.2001296 0.1981924 0.4551454 0.4059928 0.1447477 0.1469264 0.2097572 0.00946991 0.1701434 0.5047204 0.04443398 0.4016071 0.1055186 0.02296735 0.03892153 0.0002999863 0.0002505092 0.0002875306 0.0006631717 0.0006193345 0.0008351185 1.05724 3.283663 0.002385775 0.0005989756 0.002741108 0.001018925 0.005083807 0.0003667598 0.005036263 0.003655041 0.0005307048 0.002001987 0.004349451 0.005164772 0.006306604
58 0.01822267 0.01839242 0.09536862 0.09984304 0.2285112 0.2229572 0.132408 0.1199717 0.21819 0.2012533 0.4244032 0.4120042 0.1485881 0.1403175 0.1285017 0.00486533 0.1628883 0.5998935 0.0292914 0.5085752 0.07560207 0.003101507 0.03712039 0.0003880232 0.0002445514 0.0003713351 0.0006972183 0.000583827 0.0008961372 1.187872 3.841832 0.002377316 0.000400211 0.00268341 0.001026251 0.004950826 0.0002033254 0.004802883 0.003575837 0.0005102732 0.001953718 0.00422382 0.004983963 0.005994486
59 0.01930801 0.0193251 0.1422588 0.1526451 0.2588579 0.2423052 0.2392353 0.2175182 0.2020815 0.2069235 0.4854175 0.4633662 0.143076 0.1236656 0.2276879 0.006222036 0.2727256 0.6094787 0.02586281 0.4653327 0.1060276 0.015543 0.05706649 0.0003280197 0.0002241433 0.0003913344 0.0005316267 0.0006993893 0.0006894671 2.55081 5.55539 0.002356446 0.0005691208 0.002723894 0.001107879 0.005019609 0.0003938282 0.004966258 0.003640408 0.0005154384 0.00202051 0.004290421 0.00514564 0.006229872
60 0.01863899 0.01868933 0.1071153 0.1253867 0.1614816 0.151246 0.1852805 0.1712747 0.1931717 0.2238253 0.4646978 0.4296987 0.1336547 0.1410641 0.1486436 0.006851041 0.252291 0.3744256 0.03227148 0.3658137 0.08216896 0.008034424 0.04615832 0.0002955556 0.0002845305 0.0003387296 0.0008046693 0.0006124729 0.001039627 1.953287 5.153299 0.002372537 0.000493451 0.002523379 0.001026117 0.004672827 0.0002955961 0.004572241 0.003359054 0.0004791349 0.00198367 0.003987495 0.004740842 0.00574306
61 0.01946692 0.01964023 0.1169392 0.1243055 0.2141341 0.2091678 0.2137002 0.2279558 0.2399 0.2345268 0.4241953 0.4402327 0.1489726 0.1379019 0.1751259 0.01195335 0.3162572 0.459447 0.05849278 0.5184787 0.09380289 0.01624391 0.09926491 0.0003008657 0.0002290419 0.0003918776 0.000532494 0.0006176845 0.0006760725 1.693229 4.139091 0.002323429 0.0004751863 0.002816104 0.001114934 0.005172002 0.0004044294 0.005005588 0.003794234 0.0005402991 0.002156038 0.004405035 0.005375788 0.006296689
62 0.01897136 0.01915386 0.121056 0.1261471 0.3003349 0.2652073 0.1595691 0.1718917 0.2013363 0.2201904 0.5604778 0.6064537 0.1321877 0.1347035 0.2092215 0.008463788 0.2164531 0.8413222 0.009609767 0.5817974 0.08913224 0.005752892 0.08537243 0.000317202 0.0002498538 0.0003220103 0.0006478117 0.0006001023 0.0007572647 1.246514 3.509778 0.002351363 0.0006060967 0.002693522 0.001077842 0.004970109 0.0003530853 0.004923288 0.003602908 0.0005114186 0.002018558 0.004233262 0.005040436 0.006181305
63 0.01922238 0.01934532 0.1434058 0.1353657 0.2496296 0.2078403 0.1786348 0.1868038 0.1877155 0.1967539 0.4472049 0.391728 0.1402379 0.1424923 0.1977189 0.02430588 0.2618461 0.5233779 0.024045 0.2715804 0.08366263 0.002065515 0.04079939 0.0002899134 0.0002298763 0.000282739 0.0006636945 0.000532073 0.0008770086 1.434026 4.100827 0.002301311 0.0004648193 0.002789234 0.001085718 0.005179581 0.0004326219 0.005026372 0.003648505 0.000524777 0.001945687 0.004425994 0.005122986 0.006279057
64 0.01959996 0.01975817 0.1129742 0.1405609 0.184074 0.1621035 0.1803755 0.1867082 0.2206349 0.2238648 0.4971133 0.4593097 0.1408161 0.1340244 0.1314314 0.02001367 0.2873941 0.3843143 0.001892778 0.1814358 0.09704046 0.02054548 0.05424864 0.000316547 0.0002621632 0.0003194025 0.000688338 0.0006398493 0.0008599567 0.9596485 1.910947 0.002309476 0.000507035 0.002647807 0.001030018 0.005000499 0.0001630008 0.004853965 0.003643946 0.000498369 0.001924642 0.004282667 0.005033128 0.006083598
65 0.01896495 0.01897992 0.1374239 0.1388531 0.19274 0.2079456 0.1589028 0.1657391 0.239232 0.2372468 0.5564858 0.5354228 0.1344815 0.1448414 0.2573864 0.01217783 0.2996722 0.3470885 0.007901296 0.3432924 0.0610688 0.0009332593 0.06461639 0.0003051616 0.0002233253 0.000317606 0.0005771792 0.000460809 0.0007596228 1.362062 1.730803 0.002323938 0.0004421743 0.002659647 0.001039971 0.00491289 0.0001683257 0.004800094 0.003701783 0.0004997848 0.001948259 0.004199359 0.005068727 0.005985322
66 0.01920747 0.0193824 0.09802892 0.1210046 0.2890112 0.2740062 0.2062918 0.2176121 0.206905 0.2130692 0.5105053 0.5456834 0.131071 0.1323392 0.1566288 0.003195846 0.1719247 0.6101526 0.1750635 0.384011 0.1106639 0.005787538 0.07279001 0.0003738644 0.0002520899 0.0003579788 0.0006179199 0.0007144269 0.0008023437 1.592842 4.551467 0.002335713 0.0007013589 0.002757628 0.001093519 0.005166205 0.000334591 0.004990537 0.003893148 0.0005212695 0.002050559 0.004415922 0.005304824 0.006299019
67 0.01902987 0.01910474 0.1078297 0.1282925 0.2204112 0.2361815 0.1753486 0.169343 0.2141843 0.2392261 0.5298231 0.4924206 0.1477516 0.1329634 0.2388096 0.004018859 0.2507637 0.3115456 0.04185005 0.397606 0.1008682 0.05628033 0.05920515 0.0004475008 0.0002645705 0.0004096172 0.0005866485 0.0007970405 0.0008117877 1.086459 2.8289 0.002363532 0.0006690575 0.002605041 0.001084153 0.004845215 0.0003501623 0.004755355 0.003652061 0.0005088351 0.00206208 0.00414615 0.005039386 0.006000891
68 0.01972422 0.01997544 0.105823 0.1160273 0.3228749 0.3058064 0.1907291 0.1862328 0.1942897 0.1980464 0.4345166 0.4304907 0.1363363 0.1315268 0.1629794 0.01973505 0.2429819 0.8887416 0.1283222 0.7805781 0.1397659 0.07426367 0.06250896 0.0004030556 0.0002585526 0.0004677702 0.0006557581 0.0006909489 0.0008103992 1.743875 2.448911 0.002325189 0.0007742597 0.002812624 0.001267851 0.005207211 0.0005119125 0.005068392 0.003748667 0.000551705 0.002265872 0.004432773 0.005298167 0.006358713
69 0.01860931 0.01879214 0.1180037 0.1560805 0.3023794 0.3146568 0.2249232 0.2319899 0.2000986 0.2271973 0.4419173 0.4168054 0.1437067 0.1411391 0.2269692 0.009991745 0.3829835 0.6447003 0.004430402 0.6571469 0.1072757 0.02192015 0.08181909 0.0003343117 0.0002334755 0.0003854655 0.0006081645 0.0006388443 0.0008014276 0.7897119 2.282515 0.002372575 0.0005130495 0.002685692 0.00101999 0.004934864 0.0002411223 0.00483457 0.003690467 0.0005093853 0.002001523 0.004206594 0.005147112 0.006063641
70 0.01832979 0.01835989 0.136641 0.1359525 0.2373764 0.2407994 0.1457363 0.1404572 0.2118866 0.1898438 0.5243562 0.5208437 0.1341223 0.1477124 0.2348592 0.01468595 0.2806803 0.7406174 0.01802566 0.7257508 0.09628815 0.02379009 0.06340681 0.0003435854 0.0002471479 0.0003012167 0.0006547664 0.000662611 0.0008278847 1.669172 2.661963 0.002371233 0.0005984574 0.002749601 0.001022619 0.005070986 0.0003503609 0.004895804 0.003644113 0.0005176431 0.001958895 0.004334491 0.005161175 0.00614971
71 0.01922175 0.01935491 0.1012299 0.1200108 0.1744888 0.1653037 0.1853977 0.1700994 0.2015609 0.2179283 0.4190969 0.4263736 0.1452049 0.1384416 0.1289244 0.004581273 0.2366747 0.5017146 0.01911903 0.516779 0.1005076 0.006226989 0.04700759 0.0003019487 0.0002298101 0.0003532046 0.0006156164 0.0006280744 0.0007105124 1.660329 2.115263 0.002350575 0.0004449066 0.002552115 0.0009905123 0.004700154 0.000146223 0.004578161 0.003421245 0.0004832995 0.001919777 0.00400363 0.004746839 0.005743953
72 0.01799982 0.01838357 0.1158025 0.1127522 0.233782 0.2200814 0.1788749 0.1759777 0.1817639 0.1902623 0.5290573 0.5012253 0.1276024 0.1351519 0.2204339 0.01360658 0.1571837 0.4808434 0.05663825 0.4525658 0.1167028 0.04177253 0.09637749 0.0003571566 0.0002990901 0.0004152298 0.000657028 0.0008368696 0.0009253688 1.088955 2.273738 0.002394667 0.0006439945 0.002552297 0.001051675 0.004723543 0.0003632622 0.004680763 0.003449853 0.0005154558 0.001979573 0.004028469 0.004878735 0.005877131
73 0.01927806 0.01939717 0.1129718 0.12435 0.2830926 0.2734956 0.1985056 0.1924481 0.1849671 0.1982995 0.5313709 0.5171368 0.1504627 0.138868 0.1980848 0.01118195 0.2832242 0.8771657 0.03241735 0.8129333 0.110156 0.04415855 0.09391704 0.0002932313 0.000177682 0.0003935357 0.0004847732 0.0005567019 0.0006187082 1.275767 4.339203 0.002342822 0.0005653331 0.002697362 0.001116953 0.004994589 0.0003849613 0.004906764 0.003635032 0.0005147714 0.0021252 0.004282531 0.005043559 0.006139953
74 0.01867287 0.01876553 0.1084185 0.1169104 0.1695384 0.1657837 0.1460073 0.1309492 0.2073042 0.2409603 0.4729701 0.4558418 0.1452393 0.1434393 0.1145453 0.007010614 0.2324075 0.3814167 0.01684261 0.6010959 0.1028239 0.01802651 0.03413573 0.0003092214 0.0002273162 0.0003561125 0.0006272048 0.0006563124 0.0007288872 0.9613737 3.564229 0.002383458 0.0005121472 0.002685709 0.00104787 0.00497226 0.0003118921 0.004823489 0.003595317 0.0005058503 0.001963772 0.004254208 0.005078787 0.006048532
75 0.01886194 0.01895419 0.09006023 0.09749584 0.286132 0.2781218 0.1886039 0.1739508 0.2032322 0.1990885 0.4057322 0.3778201 0.159563 0.140488 0.1144482 0.003333135 0.1834665 0.6335558 0.04723915 0.6013341 0.09490561 0.02236236 0.06248857 0.000317798 0.0002134731 0.0003052179 0.0005882947 0.0005646424 0.0007898258 0.9477251 2.81172 0.002320314 0.0005472295 0.002670791 0.001023339 0.004913513 0.0003882776 0.004870829 0.003524719 0.0005110782 0.001993402 0.004199623 0.004894702 0.006079317
76 0.01877838 0.0188155 0.1055372 0.1174878 0.2226949 0.2302668 0.2458781 0.2712578 0.2120332 0.215317 0.4373592 0.444043 0.1523618 0.1398457 0.1298366 0.01105417 0.2832492 0.6361601 0.01955797 0.6270811 0.1002653 0.04827713 0.09794802 0.0002972235 0.0002460142 0.0004023783 0.000670974 0.0006565378 0.0009273099 1.039808 3.254209 0.002352621 0.0005956988 0.002626158 0.001064858 0.004889071 0.0004624073 0.004767355 0.003602973 0.0005005603 0.002033292 0.004173966 0.004990501 0.005965509
77 0.01972269 0.01979266 0.1111785 0.1291193 0.1972498 0.1584549 0.1731417 0.1862071 0.2127104 0.2277204 0.372876 0.3580745 0.1294667 0.1406868 0.1571118 0.005217914 0.2543007 0.479215 0.006987628 0.198392 0.0810776 0.005138511 0.08779399 0.0003307985 0.0002098261 0.0003823015 0.0005695094 0.0006478234 0.0006572689 1.625698 1.743 0.00235051 0.0005532953 0.002675018 0.001005995 0.004947773 0.0003937266 0.004793857 0.003518047 0.0005067484 0.00181911 0.004220393 0.004967749 0.00597367
78 0.01902442 0.01907167 0.1007328 0.1248301 0.1822187 0.1664879 0.215766 0.2133465 0.1897754 0.20774 0.3704791 0.4024819 0.1451322 0.1417802 0.1853881 0.005117141 0.2481551 0.5137482 0.008997849 0.4902354 0.06871408 0.02513782 0.09997646 0.0003598568 0.0002297033 0.0003188903 0.0005271867 0.0006313995 0.0007161263 1.470032 1.958812 0.002337661 0.0005009909 0.002671266 0.001088656 0.00495021 0.0002494074 0.004888692 0.003565368 0.0005164481 0.001976814 0.004230326 0.005020772 0.006114449
79 0.01973882 0.01979605 0.1424356 0.1483468 0.239924 0.2363675 0.171874 0.187221 0.2259493 0.2308811 0.4448788 0.452994 0.1155314 0.1244652 0.2343422 0.01088623 0.2612889 0.6254617 0.01308196 0.637938 0.09904937 0.01961438 0.07293236 0.0003030144 0.0002364028 0.0003547845 0.0006156721 0.0006870412 0.0006581881 1.306196 4.295287 0.002359397 0.0005550978 0.002665709 0.001086373 0.004937755 0.0004379339 0.004805322 0.003602764 0.0005027546 0.001973182 0.004218783 0.005139719 0.006027748
80 0.01930298 0.01932351 0.09625256 0.1073083 0.2612 0.2442804 0.2778053 0.2849734 0.2129578 0.2362079 0.4994919 0.4875146 0.139841 0.1346138 0.1439893 0.002243409 0.1288374 0.4140583 0.03966566 0.4144488 0.09154034 0.03693962 0.1122311 0.0003152607 0.0002480299 0.000326562 0.0006541114 0.0006341316 0.0008086066 1.060735 1.502866 0.002330228 0.0005493323 0.002631123 0.001096065 0.004907983 0.000284861 0.004855404 0.003680676 0.000506917 0.002104582 0.004190792 0.005181254 0.006108789
81 0.01927472 0.019363 0.1220289 0.1353579 0.1924208 0.1712159 0.2610961 0.2643814 0.2061534 0.217841 0.4001733 0.4146612 0.1421169 0.1304624 0.1559922 0.01198921 0.3403801 0.460646 0.01218858 0.304017 0.134608 0.03807852 0.1155879 0.0002997275 0.0002728931 0.0003583674 0.0007666266 0.0005252604 0.001066121 1.463929 2.760493 0.002325977 0.0005229503 0.002724911 0.001116391 0.005062454 0.0002848828 0.004950913 0.003681202 0.0005192836 0.002069788 0.00432603 0.005128052 0.006252184
82 0.0187698 0.01891684 0.1065034 0.1314634 0.1946612 0.191009 0.2051862 0.2095773 0.2081667 0.2270834 0.5536847 0.572876 0.1466715 0.1472885 0.09026697 0.004094224 0.2653204 0.4640624 0.006240068 0.5133726 0.1453593 0.01432238 0.1299722 0.0003304323 0.000223961 0.0003255118 0.0005557764 0.000610808 0.0006738387 1.038596 3.534566 0.002370217 0.0004793788 0.002713959 0.001042991 0.004991022 0.0001326942 0.004850609 0.003679083 0.0005155049 0.001956603 0.004261984 0.004924221 0.006082388
83 0.01850666 0.0186397 0.1157421 0.1194316 0.2245334 0.2194853 0.1813537 0.1713049 0.1676642 0.1911837 0.4327595 0.4562169 0.160255 0.144445 0.1631722 0.02033594 0.1751358 0.5196137 0.01252182 0.5361675 0.0997031 0.01020334 0.1046669 0.0003689072 0.000275266 0.0003454729 0.0006371352 0.0006936746 0.0008671335 1.446588 2.07832 0.002367506 0.0004435698 0.002671298 0.0009852743 0.004938175 0.0001226949 0.004788128 0.003614983 0.0005142492 0.001822012 0.004213188 0.005024363 0.005970399
84 0.01968408 0.01986068 0.102543 0.1135986 0.2055844 0.1994786 0.154513 0.1434386 0.2200577 0.1972639 0.4408575 0.431725 0.1436559 0.1289892 0.1924972 0.01189101 0.3053885 0.6505529 0.006921909 0.6588696 0.08610884 0.01339251 0.06161852 0.0003071675 0.0002237739 0.0003703293 0.0005745325 0.0006035052 0.0006980522 1.860044 1.987024 0.002320752 0.0005798677 0.00292357 0.001049141 0.005350258 0.0001088451 0.005219185 0.003924568 0.0005530106 0.002006914 0.00457053 0.005473547 0.006558589
85 0.01866573 0.01882013 0.1081329 0.1214163 0.242337 0.2474202 0.1742202 0.1704584 0.1872095 0.202103 0.5543632 0.5404733 0.1448651 0.1396626 0.1384501 0.01534952 0.2444637 0.4320886 0.02173875 0.50841 0.1194627 0.008327952 0.06582688 0.0003297094 0.0002501488 0.0003760502 0.0005264792 0.0007671353 0.0007888779 1.422205 2.427063 0.002354136 0.000669152 0.002586472 0.001048967 0.004743143 0.0004662795 0.004705906 0.003496323 0.0004893108 0.001944855 0.004064206 0.004962162 0.005907055
86 0.01889081 0.01914414 0.1073706 0.1299652 0.2086564 0.2083365 0.1718236 0.1813473 0.1868768 0.2091078 0.5976547 0.5960405 0.1269601 0.1389358 0.1243463 0.01051686 0.2386895 0.84528 0.01393339 0.6155857 0.1032771 0.003106922 0.08668327 0.0003013589 0.0002148493 0.0003379751 0.0005771993 0.0005325903 0.0007891154 1.779136 2.427568 0.002352084 0.0005507259 0.002735667 0.001061526 0.005014798 0.0001573915 0.004936193 0.003643174 0.0005151753 0.001987321 0.0042894 0.005173885 0.006150693
87 0.01881715 0.01892924 0.1085472 0.1272856 0.2146924 0.1987508 0.1456987 0.1469046 0.2119244 0.2169876 0.4871118 0.4798121 0.1400467 0.1398034 0.1614045 0.006599994 0.2392296 0.5717482 0.01494225 0.4489105 0.08541626 0.01286863 0.03568922 0.0003175812 0.0002714601 0.0003069298 0.0006694815 0.0006346487 0.0008528372 1.351842 2.59165 0.002348235 0.0005099458 0.002630969 0.001021286 0.004834248 0.0002820159 0.004778119 0.003537452 0.0004989144 0.001889766 0.00412565 0.004988373 0.006016521
88 0.0189547 0.01910151 0.09869707 0.1116188 0.2031761 0.1873577 0.1826187 0.1720022 0.1799045 0.1985358 0.367566 0.3631698 0.148568 0.144226 0.1625986 0.0094493 0.2021337 0.4255203 0.01383076 0.3616718 0.1120326 0.01079016 0.04609105 0.0002842575 0.0002044125 0.0003047852 0.000528156 0.0006320407 0.0008023584 1.010813 4.309393 0.002376184 0.0004895837 0.002550695 0.001028223 0.004723474 0.0002720953 0.004653682 0.003460978 0.0004825303 0.001884859 0.004032517 0.004763258 0.005819839
89 0.01972898 0.01992849 0.1234899 0.1434747 0.2091029 0.1946293 0.2177558 0.2182606 0.2326473 0.2366877 0.4859201 0.4901057 0.1358409 0.147341 0.1849197 0.0211234 0.2525022 0.4226049 0.01333206 0.4743258 0.1072301 0.02170941 0.09044709 0.0003232046 0.0002043968 0.0003481031 0.0005463234 0.0006589698 0.0006780048 1.903991 4.058891 0.002352317 0.0004880857 0.002680509 0.001084062 0.004934822 0.0003156408 0.004818797 0.003660749 0.0005068977 0.002107927 0.004215305 0.005127106 0.006082748
90 0.01951424 0.01975002 0.1267167 0.140087 0.2321216 0.2266466 0.1841825 0.1741776 0.2303949 0.2264566 0.5693832 0.5636094 0.1340219 0.1458062 0.1858958 0.009553828 0.3224361 0.4701956 0.03477829 0.3964963 0.09644388 0.01004403 0.06791495 0.0002830928 0.0002124986 0.0003537051 0.0005132328 0.0006216514 0.000678643 1.904412 2.882003 0.002339256 0.0005659773 0.002767144 0.001087194 0.005075714 0.000412362 0.004936079 0.003687985 0.0005184424 0.002038346 0.004344033 0.005215131 0.006139412
91 0.01848424 0.01852394 0.1242998 0.1315297 0.2175797 0.2170241 0.1599245 0.1689149 0.2118334 0.1859433 0.4524517 0.4545018 0.1306328 0.1347586 0.2223177 0.01103281 0.2290416 0.5167576 0.01663451 0.567422 0.09658801 0.01858842 0.09332241 0.0003266308 0.000233963 0.0004359566 0.0005999182 0.0005876131 0.0008753355 1.829938 2.048069 0.002367585 0.000578638 0.002595557 0.001063679 0.004770262 0.0003231892 0.0047096 0.003458517 0.0004995254 0.001958088 0.004077759 0.00483816 0.005907268
92 0.01935154 0.01934597 0.1159354 0.1298067 0.2090769 0.1931298 0.1902918 0.1942232 0.2486672 0.2549434 0.4992679 0.4661596 0.1249964 0.1299603 0.1106938 0.004855731 0.250182 0.3893 0.0325521 0.3760796 0.07907298 0.01822852 0.0707376 0.0003458315 0.0002194697 0.0002848134 0.0005741114 0.0006207712 0.0007029495 1.091903 1.652181 0.002336732 0.0005619203 0.002702891 0.001063294 0.004950528 0.0002764495 0.00487157 0.003653903 0.0005072076 0.00200659 0.00422549 0.005210711 0.006118677
93 0.01943528 0.01948102 0.1361048 0.1393586 0.2307899 0.2129609 0.165988 0.1478244 0.2095886 0.2246617 0.4358101 0.426709 0.1321462 0.1376877 0.2438851 0.02188885 0.2053966 0.4565937 0.05424763 0.3983059 0.1152167 0.03894818 0.06419008 0.000308785 0.0002302916 0.0003286781 0.0005950966 0.0006230109 0.0006933339 1.107626 3.236455 0.002320398 0.000661439 0.002658267 0.001114343 0.004876276 0.000553153 0.004891108 0.003617489 0.0005095831 0.002099729 0.004170815 0.005158361 0.006177651
94 0.01828821 0.01852226 0.09846451 0.1136175 0.283042 0.2991926 0.1961689 0.1929438 0.1857344 0.2176094 0.4924335 0.4485385 0.1387748 0.143444 0.1323029 0.005846753 0.179631 0.3261555 0.005852699 0.4683255 0.111813 0.04376658 0.09823037 0.0003959238 0.0002657933 0.000382446 0.0005970487 0.0007786317 0.0008525254 1.836606 3.022865 0.002371303 0.0005218444 0.002393938 0.0009366906 0.00440826 0.0002647227 0.00433452 0.003422891 0.0004591269 0.001745318 0.003767609 0.00467766 0.005437458
95 0.01920907 0.01920016 0.108487 0.1235271 0.2235776 0.2337869 0.1822515 0.165593 0.2103174 0.2213347 0.3494797 0.3527194 0.1437806 0.1287951 0.1457739 0.01607874 0.2288468 0.4763282 0.06772703 0.5379742 0.1109885 0.04391861 0.05059463 0.000308085 0.000242613 0.0003055155 0.0005402583 0.000731339 0.0008081993 0.9935354 1.62764 0.002341828 0.0006893551 0.002679819 0.001060958 0.004883882 0.0005255032 0.004834565 0.003663354 0.000532466 0.002035458 0.004179678 0.005187711 0.006049183
96 0.01877112 0.01892196 0.1074357 0.1205066 0.2040036 0.192759 0.2187924 0.2376385 0.2303015 0.2130149 0.4595611 0.4647862 0.133989 0.144756 0.1075038 0.009160401 0.2393036 0.5892545 0.03603137 0.5073746 0.1123033 0.003745715 0.08692477 0.0003643194 0.0002774638 0.0003116048 0.0006309523 0.0008181398 0.0008733102 1.235014 2.17292 0.002385856 0.0006324646 0.00270717 0.001075975 0.004977325 0.0004711437 0.004827745 0.003658666 0.0005106939 0.001943687 0.00425887 0.005192255 0.006062431
97 0.01972269 0.01979266 0.1111785 0.1291193 0.1972498 0.1584549 0.1731417 0.1862071 0.2127104 0.2277204 0.372876 0.3580745 0.1294667 0.1406868 0.1571118 0.005217914 0.2543007 0.479215 0.006987628 0.198392 0.0810776 0.005138511 0.08779399 0.0003307985 0.0002098261 0.0003823015 0.0005695094 0.0006478234 0.0006572689 1.625698 1.743 0.00235051 0.0005532953 0.002675018 0.001005995 0.004947773 0.0003937266 0.004793857 0.003518047 0.0005067484 0.00181911 0.004220393 0.004967749 0.00597367
98 0.01940509 0.01949318 0.1583769 0.1438423 0.2330181 0.2002959 0.2020332 0.2115719 0.2287888 0.2165407 0.5890495 0.5198238 0.1472697 0.1399454 0.2139757 0.003461921 0.2114635 0.5613103 0.02639742 0.3436643 0.1187691 0.04218628 0.07468655 0.0003710691 0.0002620909 0.0003149278 0.0007236817 0.0006336159 0.0007667595 1.452568 3.755184 0.002315779 0.0005437112 0.002779889 0.001095077 0.00510632 0.0002949566 0.004970908 0.003732741 0.0005231932 0.002025947 0.004366078 0.005166404 0.00624251
99 0.01824769 0.01840336 0.09787249 0.1218013 0.2414176 0.2220849 0.2055608 0.2025851 0.2050245 0.2216315 0.4222623 0.4413229 0.1248813 0.1293715 0.1467028 0.01240713 0.2536219 0.8725194 0.04330342 0.7967337 0.0824382 0.02914862 0.09102329 0.0003882399 0.0002743181 0.0003294214 0.0006812766 0.0006721898 0.0008393325 1.406854 3.295641 0.002389368 0.0006339147 0.00265423 0.001033446 0.004936776 0.000343625 0.004838567 0.003679555 0.0005139302 0.002046239 0.004212033 0.005076798 0.006054846
100 0.01920747 0.0193824 0.09802892 0.1210046 0.2890112 0.2740062 0.2062918 0.2176121 0.206905 0.2130692 0.5105053 0.5456834 0.131071 0.1323392 0.1566288 0.003195846 0.1719247 0.6101526 0.1750635 0.384011 0.1106639 0.005787538 0.07279001 0.0003738644 0.0002520899 0.0003579788 0.0006179199 0.0007144269 0.0008023437 1.592842 4.551467 0.002335713 0.0007013589 0.002757628 0.001093519 0.005166205 0.000334591 0.004990537 0.003893148 0.0005212695 0.002050559 0.004415922 0.005304824 0.006299019
