1 0.0393155 0.0408135 0.2825811 0.3202686 1.459732 1.443218 0.6021328 0.6614921 0.5354361 0.5306076 1.233263 1.106277 0.2972863 0.3298419 0.5841711 0.07684976 0.5285437 2.443946 3.398662e-05 2.421941 0.09296633 0.003021493 0.3121789 0.0007466405 0.0006479116 0.0009675035 0.001940068 0.001275125 0.002844704 9.445333 6.690307 0.0060414 0.0008701177 0.005660106 0.002288159 0.01053521 0.0002340257 0.009765101 0.007850085 0.001083309 0.004325599 0.008990489 0.01164669 0.01224589
2 0.02798292 0.04433002 0.1932046 0.2280886 1.022186 0.772845 0.8648063 0.8614099 0.3117446 0.2927558 1.249386 1.023694 1.145733 1.051784 0.2599984 0.03446892 0.2395629 1.879869 0.04515974 1.158942 0.8065493 0.08712569 0.3968577 0.0004784001 0.0004481906 0.0007471288 0.001366367 0.001042637 0.001681065 0.02624142 11.09867 0.09325406 0.001196437 0.005675 0.002710119 0.01039673 0.001309564 0.01037209 0.008446457 0.00107126 0.005136409 0.008819455 0.01196089 0.01317504
3 0.03904606 0.04142955 0.1994949 0.2000359 0.4795593 0.4782608 0.7402102 0.5692428 0.357787 0.4127059 1.526209 1.91048 0.4002489 0.36552 0.2259756 0.0120509 0.2105022 1.462151 0.1288343 2.057259 0.1905598 6.658432e-05 0.02017435 0.0003913252 0.0004103236 0.0008979101 0.001347146 0.0004210035 0.001667587 5.040412 14.19008 0.005904403 0.001015545 0.005444704 0.00229169 0.009672725 0.00054049 0.009500335 0.007900639 0.001027232 0.004289285 0.008294288 0.0101834 0.01190525
4 0.03836392 0.03942733 0.2032711 0.2775793 0.4512346 0.3564749 0.5630854 0.4711811 0.2800531 0.284391 1.227529 1.146703 0.4260542 0.3732224 0.3794159 0.004966676 0.6494019 1.303512 0.02207836 0.9934294 0.3321952 0.190402 0.1716073 0.0007530808 0.0005891356 0.0006909617 0.001549442 0.001960824 0.001852686 5.678809 7.882206 0.006142934 0.001015017 0.00568188 0.00231749 0.01048619 0.0007160524 0.01031364 0.007878342 0.001074133 0.00398939 0.009000723 0.01200805 0.01285161
5 0.02358611 0.04170416 0.2113258 0.2903955 0.5116642 0.4655736 0.4259341 0.5017973 0.2662361 0.300455 0.7818439 0.943178 0.8310504 0.7683854 0.1030063 0.04811111 0.3870422 1.034377 0.03534299 1.002753 0.23481 0.2116376 0.6564264 0.0007010486 0.00048938 0.0006686215 0.001381282 0.001405383 0.001478497 0.007655753 0.07724568 0.04307732 0.001626351 0.00607438 0.002547539 0.01168241 0.001004092 0.01127595 0.008496071 0.001155669 0.005624899 0.009944266 0.01162781 0.01391086
6 0.03463981 0.0355799 0.228136 0.2304437 0.4827868 0.2469955 0.3363301 0.1922066 0.3209997 0.3654067 0.9305812 0.7974747 0.4330811 0.4318695 0.07340139 0.01253576 0.1562083 1.824281 0.01024277 0.7515689 0.3273869 0.0001734971 0.01221191 0.0006175192 0.000324666 0.0006658292 0.00102978 0.0007992329 0.001335161 0.01643218 6.368896 0.007767755 0.001001686 0.006038455 0.002336887 0.01107224 0.0002782939 0.01069746 0.008124131 0.001158418 0.004249152 0.0094489 0.0109334 0.01347621
7 0.04097751 0.04237943 0.2488768 0.2195207 0.3958513 0.3980097 0.376905 0.3924137 0.4523449 0.4177403 1.13025 1.002078 0.3239825 0.322024 0.7622134 0.01043092 0.4966012 1.070031 0.1165238 0.8344792 0.2748157 0.217216 0.2599326 0.001015816 0.0007173298 0.0008616287 0.001735687 0.00201276 0.002727908 4.106404 5.126235 0.006020073 0.001259581 0.006280672 0.002632322 0.01146401 0.0005807047 0.01140885 0.008119799 0.001298419 0.004768946 0.009821053 0.01188667 0.01414881
8 0.038929 0.04031079 0.2378378 0.2616263 0.6109004 0.5653894 1.037885 1.052289 0.4621761 0.4306121 0.7551922 0.8709373 0.4235123 0.3857955 0.5068797 0.446511 0.6287785 3.118573 0.06491845 2.987705 0.08348956 0.0001568394 0.1402223 0.0006132985 0.0004059362 0.0009091609 0.001068127 0.001016321 0.001839743 2.115051 3.246698 0.006111209 0.0009049202 0.006526306 0.002337926 0.01179031 0.0007704666 0.01140886 0.008508159 0.001239693 0.004373511 0.01006101 0.01242384 0.01407117
9 0.03923129 0.04099192 0.1784991 0.1949094 0.4310658 0.3948525 0.4594096 0.4769243 0.4896202 0.4954409 1.498854 1.723624 0.4280712 0.4016941 0.3764629 0.01202921 0.4652009 1.783827 0.1770665 1.014986 0.2854351 0.06107492 0.1769165 0.0006545713 0.0004766126 0.0007716433 0.001269057 0.001459916 0.001569338 2.523443 0.07475649 0.006244003 0.001385224 0.005953171 0.002536661 0.01092028 0.0008534236 0.01088023 0.008473113 0.001099354 0.004405774 0.009390884 0.01164585 0.01378641
10 0.04085365 0.04263755 0.1737302 0.1883829 0.3399857 0.4745098 0.3196756 0.4023869 0.3583755 0.3387727 1.915378 1.919034 0.382302 0.4096093 0.2199526 0.02047068 0.2317025 0.6993354 0.01281381 1.525942 0.07688659 0.061218 0.2448531 0.000986653 0.0006096624 0.0007148646 0.001755213 0.001246065 0.002247417 2.043639 11.78349 0.005937518 0.001196337 0.005415565 0.00231142 0.009724692 0.0007538569 0.009580823 0.00832988 0.001036529 0.004142942 0.008267671 0.01129787 0.01213057
11 0.04055298 0.04135621 0.1949884 0.324469 0.5921057 0.7354379 0.6654109 0.7818115 0.378843 0.4757019 0.8797136 0.9713769 0.3466351 0.3559915 0.2824873 0.02547856 0.7476361 1.068183 0.02209449 1.359542 0.3598776 0.4909469 0.4207401 0.0009286945 0.0005455837 0.0008492732 0.001653609 0.00139726 0.002066044 2.013508 2.783047 0.005879033 0.001330553 0.005590599 0.002300201 0.01034685 0.001020533 0.00991885 0.00835017 0.001050079 0.004585518 0.008846058 0.01068618 0.01240107
12 0.03389955 0.03787608 0.2716981 0.2799417 0.6537699 0.6893435 0.5421569 0.648904 0.2420231 0.2685613 1.485704 1.48374 0.6656884 0.684876 0.2520269 0.03013719 0.2745444 1.585389 0.05889246 1.914861 0.3961565 0.04038373 0.55108 0.000778609 0.0006025583 0.0006286551 0.00169812 0.001289793 0.001793543 0.02157048 9.321291 0.03970512 0.001471858 0.006585744 0.002526607 0.01216359 0.001034609 0.01171788 0.008748528 0.001253976 0.004698924 0.0104322 0.01311984 0.01465021
13 0.0405258 0.04178542 0.1524902 0.1666267 0.5136068 0.5370376 1.149947 1.075453 0.4656756 0.549357 0.8194182 0.7160575 0.3648784 0.3883794 0.1453142 9.274191e-06 0.4522821 1.624454 0.08095262 1.495964 0.3025978 4.572773e-05 0.2551523 0.0005327394 0.0001876773 0.0008207518 0.001171746 0.0009026319 0.001804108 2.986499 3.651277 0.006025309 0.0008979827 0.006423749 0.002144451 0.01191951 0.0002225502 0.01180208 0.008590214 0.001196659 0.004005674 0.01019866 0.01293833 0.01486472
14 0.03815942 0.03991945 0.2092009 0.2562462 0.4219295 0.3680686 1.145666 1.125349 0.3296957 0.3482866 1.245487 1.371732 0.3631698 0.3271162 0.2931561 0.03893829 0.449604 1.783165 0.03030738 1.434385 0.199816 0.01551381 0.2089984 0.0006637426 0.0005866974 0.000992085 0.001647912 0.001602592 0.001732897 17.07532 6.828346 0.006049078 0.001292191 0.005496128 0.002573724 0.01033683 0.001130336 0.0103758 0.007771275 0.00103974 0.00508562 0.008829677 0.01106056 0.01295253
15 0.02107045 0.04445978 0.1636742 0.2370462 0.9863447 0.9496584 0.3945415 0.3559316 0.2411331 0.2392077 0.9221023 0.8476653 0.7277819 0.8431094 0.02079121 0.001285631 0.2007569 2.752858 0.2583373 2.51188 0.6480919 0.04642114 0.2334289 0.001512013 0.0004875368 0.0008893609 0.001532239 0.001367314 0.002535006 0.006412827 13.83545 3.265148 0.001113578 0.005773065 0.002488712 0.01079589 0.0004369621 0.01024275 0.008533091 0.001111977 0.004332955 0.009232517 0.0112854 0.01283677
16 0.03686659 0.03862927 0.2109446 0.2629106 0.5852593 0.6400567 0.47796 0.3950804 0.4035608 0.4361555 0.9497239 0.8429117 0.4237874 0.327095 0.2149978 0.01146751 0.4523903 1.831598 0.09107825 1.2851 0.4175949 0.3096922 0.1707863 0.0008283455 0.0006078376 0.0008864674 0.001432479 0.002196534 0.002330341 4.345686 21.79636 0.006152124 0.001475999 0.005234885 0.00225182 0.009553539 0.0008824851 0.009528994 0.007346719 0.001041928 0.004055608 0.008140397 0.009889849 0.01200079
17 0.03790683 0.03927443 0.2309265 0.2723451 0.4889412 0.1987714 0.3145938 0.3215654 0.38675 0.370206 0.7581631 0.6478183 0.2975228 0.2923172 0.3010992 2.501458e-05 0.4263141 1.537885 0.0002634595 0.1172251 0.2632537 0.009469939 0.2583611 0.0007762729 0.0005484911 0.0009229194 0.001154518 0.001843294 0.002230414 2.728588 11.61626 0.006227296 0.0007957623 0.005139177 0.002103214 0.009447896 0.000162551 0.009529922 0.006883702 0.0009838387 0.003944046 0.00807192 0.008887111 0.0119267
18 0.02109399 0.04935244 0.3368622 0.3557102 1.171367 0.9405936 1.075192 1.0814 0.1794392 0.2057271 1.395357 1.029948 0.8603666 0.8249145 0.01747084 3.168002e-05 0.2708978 2.406602 0.06772275 1.489681 0.5303088 0.001892207 1.016463 0.0005522613 0.000177675 0.0007285166 0.0009718903 0.0008257331 0.001832686 0.006835563 8.404449 0.6400885 0.001096147 0.006655003 0.002415652 0.01250043 0.0002708047 0.01195864 0.009722015 0.001242691 0.004498664 0.01069923 0.01334241 0.01495455
19 0.02160598 0.05004107 0.2328166 0.2336931 1.040787 1.023542 1.30122 1.469744 0.2562943 0.2653259 1.105286 1.21255 0.9149401 1.138384 0.245574 0.03710788 0.1337599 2.188582 0.001597082 1.840685 1.718531 0.0001186024 1.962357 0.000877596 0.0005996714 0.0008890744 0.001257043 0.001629056 0.002102848 0.005966143 5.08642 7.575634 0.001043151 0.006405702 0.002510271 0.01188554 0.0003630647 0.01166853 0.008784979 0.001168242 0.004776544 0.01015738 0.01274908 0.01472791
20 0.03917897 0.04095731 0.1943352 0.225082 0.7450861 0.7175741 0.5875203 0.6399369 0.4636971 0.423642 1.225267 1.055625 0.4429622 0.3863068 0.2637182 0.05532724 0.5148446 1.616547 0.232212 1.242624 0.2415676 0.02449508 0.0945657 0.000508065 0.0004653695 0.0007188108 0.001343965 0.0009675284 0.001919866 3.098225 5.066376 0.00597428 0.001476932 0.006175793 0.002540557 0.01116608 0.0006165141 0.01087403 0.007751326 0.001394605 0.00501084 0.009597032 0.01138651 0.01333877
21 0.0381696 0.04041011 0.1817262 0.2283652 0.5884915 0.5665359 0.3126511 0.2703833 0.4276182 0.4949253 1.108917 0.9862753 0.3882945 0.3917597 0.4508998 0.003981895 0.8081017 2.032017 0.5365202 1.33417 0.1960909 0.01578452 0.1627144 0.0009996965 0.0005612579 0.0008778566 0.001354992 0.001294348 0.001740101 2.473091 7.316881 0.006242788 0.001208154 0.006391294 0.002515191 0.01162082 0.0004174693 0.01200582 0.00894775 0.001194209 0.004460456 0.009953887 0.01299865 0.01497514
22 0.04242974 0.04396908 0.2375887 0.2814753 1.230322 1.365861 0.7504293 0.7461469 0.5175176 0.5946957 1.007611 1.485841 0.3320866 0.2931968 0.4820265 0.02175102 0.406688 1.884404 0.1576022 2.412698 0.2523955 0.1064494 0.1478096 0.0008091598 0.0006514729 0.001001436 0.001789025 0.001675571 0.002130149 3.364966 8.431939 0.005959106 0.001342136 0.006804558 0.002692969 0.0125611 0.0007787425 0.01181716 0.008789161 0.001311984 0.005096361 0.01068912 0.01277012 0.01472309
23 0.04040334 0.04170582 0.1713803 0.2250365 1.019066 1.062158 0.4052709 0.3357682 0.3867109 0.5984801 0.6189962 0.7570115 0.3824629 0.304447 0.2706312 2.802856e-05 0.2349318 2.770001 0.6669564 2.669041 0.2951553 0.05432439 0.1186678 0.001042835 0.0006503713 0.0009187896 0.00159302 0.001945461 0.00193643 2.883709 6.475685 0.006076775 0.0009626433 0.005573518 0.002388094 0.01029889 0.0002675784 0.01006639 0.007922307 0.001062018 0.004439587 0.008749926 0.01087933 0.0126805
24 0.03796224 0.03929333 0.2684393 0.258081 0.2078201 0.228594 0.3541991 0.3384985 0.5099681 0.551991 1.246132 0.9397938 0.3136861 0.3037055 0.4457071 0.01815606 0.4639875 0.5118337 0.001220311 1.051815 0.3170333 0.09689602 0.2054648 0.000989189 0.0005838041 0.0007781601 0.001323331 0.001659029 0.002191565 3.55968 7.216816 0.00622713 0.0009286023 0.005889193 0.002316626 0.0112369 0.0002317179 0.01112987 0.007895596 0.001102103 0.003976585 0.009629599 0.0114069 0.01397825
25 0.03936761 0.04132592 0.1862174 0.2242668 0.7975475 0.6358661 0.3936245 0.4196086 0.2940072 0.456913 1.32072 0.8256852 0.3357448 0.3310961 0.3048001 0.03242635 0.5061875 1.84558 0.04147418 1.589092 0.06481011 0.02193654 0.3401437 0.0009346775 0.0005541753 0.001327861 0.001341291 0.001650332 0.002661113 2.833689 9.656775 0.006103776 0.001875076 0.006518335 0.002519264 0.01171727 0.001094218 0.01178257 0.009440023 0.001280596 0.004743504 0.0100269 0.01316202 0.01471627
26 0.03867689 0.03980174 0.2877806 0.3123393 0.5931859 0.5576021 0.8647765 0.7460603 0.3723431 0.3411786 1.308017 1.433368 0.4668328 0.3125817 0.7498549 0.03142627 1.017854 1.601946 0.3775279 1.289333 0.227961 0.01757682 0.007804612 0.0007550372 0.000552566 0.000833171 0.001508452 0.001650167 0.001972976 4.90082 0.7144052 0.00604421 0.001783126 0.005946505 0.002474646 0.01124168 0.001640185 0.01102637 0.00809749 0.001128482 0.004877859 0.009524886 0.0109526 0.01378214
27 0.03907654 0.04098852 0.1915493 0.2110283 0.8526118 0.9227856 0.9993462 0.971145 0.3595006 0.4175669 0.8709537 0.9264255 0.3741824 0.3275912 0.5455657 0.01920626 0.8384728 2.764639 0.4982493 3.432095 0.228281 0.003935428 0.04932827 0.000639612 0.0005855676 0.001014393 0.001804792 0.001176327 0.001704063 2.071178 33.38539 0.005931419 0.001365312 0.006411665 0.002956567 0.01190043 0.0009275359 0.01162487 0.008583553 0.001215591 0.004913701 0.01023604 0.01198781 0.01466348
28 0.04077597 0.04278799 0.2178226 0.311517 0.674965 0.5588316 0.5865765 0.4826625 0.4388808 0.4460383 1.604402 1.208437 0.3560181 0.3348209 0.3573763 0.05560925 0.9071583 1.600572 0.004663521 1.205581 0.180095 0.04752177 0.1593257 0.001001934 0.0006331719 0.0008748178 0.001885618 0.001608355 0.002069978 5.709741 5.100969 0.005897792 0.001015434 0.00645078 0.002543207 0.01209225 0.000539213 0.01161426 0.008808215 0.001209025 0.004659183 0.01030514 0.01289289 0.01463316
29 0.04089847 0.04204766 0.2813809 0.3214021 0.5816971 0.6128878 0.6486701 0.5078322 0.237887 0.2803626 1.087241 0.9192289 0.3391425 0.3314629 0.6612373 0.01290752 0.61745 2.053139 0.05072422 1.699152 0.1168518 0.01443483 0.1608575 0.0005153709 0.0004676355 0.0006837294 0.001028929 0.001240313 0.0014517 12.78103 20.71011 0.005979635 0.001325746 0.00639691 0.002642359 0.0118928 0.0008271454 0.01155865 0.009423479 0.001287721 0.00498727 0.01016507 0.01359746 0.01476402
30 0.03846671 0.04035732 0.236146 0.2587166 0.8689168 0.7406008 1.182303 1.219991 0.5738616 0.4851698 0.9680097 0.7689212 0.3575255 0.3344732 0.3648024 0.03333088 0.4167965 5.318476 5.873839 3.182794 0.2126999 0.07211363 0.09799129 0.0008170241 0.0006833152 0.0007460924 0.001673866 0.001895942 0.002071107 3.552378 21.87257 0.005983725 0.001713756 0.006309346 0.002452427 0.01171044 0.0008433144 0.01134893 0.008290713 0.001202743 0.004625832 0.01004092 0.01221683 0.01432921
31 0.04135447 0.04272058 0.2944923 0.2871677 0.4977245 0.4459594 0.9384908 0.9650684 0.3495733 0.352802 0.9329909 0.9334895 0.2924346 0.3476081 0.7041944 0.01848686 0.6047963 1.254748 0.01457836 0.8394925 0.1752915 1.300879e-05 0.1625378 0.000564061 0.0002770358 0.0007426613 0.001121905 0.000885123 0.001411811 2.065495 9.209937 0.005924595 0.001132715 0.006409914 0.002804534 0.01191165 0.0008351645 0.01118304 0.008652954 0.001223165 0.005003003 0.01021291 0.01206456 0.01395479
32 0.03892275 0.03984112 0.1606282 0.2194899 0.3425509 0.4470075 0.8907901 0.9216025 0.3842925 0.3477565 0.9917827 1.222013 0.3446893 0.3754429 0.2330175 0.003399059 0.4410761 0.7152258 0.03366415 1.04374 0.2569689 0.02160581 0.1505971 0.001182318 0.0006392723 0.0007902577 0.001502085 0.001771681 0.001803903 2.497482 5.247812 0.006147708 0.001096186 0.006145696 0.00247343 0.0111548 0.0005866855 0.01129635 0.008193247 0.001138757 0.004391305 0.009535083 0.01178689 0.01418789
33 0.02142916 0.04281086 0.1318719 0.1654478 1.331353 1.199695 0.5553015 0.4953654 0.2009247 0.1999146 1.163915 1.103612 1.167244 0.9908335 0.07678109 0.002904271 0.157585 2.765406 0.01633804 2.5734 0.5756132 1.175171 0.9038479 0.0007783449 0.0004372623 0.0008561937 0.001209516 0.001612158 0.001876452 0.006213625 3.891289 2.607811 0.001127605 0.005433861 0.002193408 0.009943056 0.0008530756 0.009478112 0.007583219 0.001025834 0.003958957 0.008472765 0.01027469 0.01194113
34 0.03952368 0.04122056 0.2568943 0.2811221 0.4035746 0.377574 0.3184262 0.4407995 0.3384903 0.419335 1.30016 1.220016 0.3831866 0.3717334 0.3962408 0.05628009 0.4628383 2.978107 0.00515787 2.561889 0.03527359 0.02849987 0.3153473 0.0007548188 0.0006525924 0.0009104945 0.001647285 0.001509601 0.002286027 7.156359 2.312645 0.006075838 0.001085542 0.006010206 0.002571596 0.01102682 0.000414459 0.01066095 0.007854867 0.001129467 0.004335209 0.009452558 0.01142098 0.01339187
35 0.02615 0.03734589 0.1635169 0.161068 0.7740557 0.7769691 0.467753 0.4420505 0.2755538 0.2779585 1.10394 1.114025 0.6048999 0.5072617 0.1262131 3.387351e-05 0.09627566 1.919421 0.0874725 1.467589 0.2159882 0.3710307 0.4977213 0.000589741 0.0003446145 0.0005886448 0.001157645 0.0009868117 0.001400359 0.008138355 2.151652 0.01469898 0.0009237799 0.005940221 0.002184571 0.01096475 0.0003133144 0.01093332 0.007906922 0.00112848 0.004053809 0.009365733 0.01124436 0.01366805
36 0.03865517 0.03982155 0.2483257 0.2082574 0.5027184 0.5465133 1.305328 1.234322 0.4118639 0.3832914 0.8467696 1.103432 0.4147314 0.3585631 0.2596984 3.095918e-05 0.3105544 1.507443 0.562679 1.497506 0.1203293 6.731808e-05 0.09151484 0.0005840577 0.0003437734 0.0006718502 0.001208167 0.0005688382 0.001551301 6.82172 3.204137 0.005850792 0.0008867725 0.006034969 0.002074954 0.0111338 0.0002285966 0.01098755 0.008254139 0.001121865 0.003856891 0.009529399 0.01238276 0.01370984
37 0.04082185 0.0419752 0.4253893 0.3890392 0.653085 0.6385394 0.335 0.3661438 0.3817055 0.3713605 1.502664 1.594874 0.3215834 0.3121828 0.6250984 0.004779354 0.7154632 3.494282 1.118289 2.538377 0.2794185 0.09362654 0.2810191 0.0007770075 0.0006247663 0.0009547517 0.001677699 0.001591822 0.002799818 3.241856 13.52404 0.005931559 0.001202566 0.006850195 0.002737577 0.01272212 0.0007714474 0.01257266 0.008797234 0.001403194 0.005103614 0.01085278 0.01342744 0.01562493
38 0.03902446 0.04020555 0.1778466 0.2099515 0.4198599 0.3624258 0.3510865 0.3707924 0.439037 0.4428468 0.8362316 0.7737558 0.4113254 0.3852195 0.4831439 0.002048529 0.4662512 1.060464 0.05982477 0.7831425 0.3625885 0.07023008 0.447314 0.0009187294 0.000539009 0.0007902589 0.001480159 0.001924714 0.002053631 2.772483 17.51284 0.006195978 0.001162339 0.006628994 0.002798761 0.01259305 0.0006461905 0.01161308 0.008482547 0.001245561 0.004970473 0.0107805 0.01225621 0.014609
39 0.0396445 0.04204308 0.1728955 0.2400042 1.466327 1.635982 0.6631908 0.6176179 0.2999434 0.2877758 1.130578 1.244734 0.3387666 0.3173348 0.2029465 0.05136724 0.7415502 2.725985 0.0120651 3.174259 0.1653379 0.03348153 0.1521235 0.000594185 0.0005009458 0.001046502 0.001512942 0.00110888 0.001546954 6.005567 5.614088 0.006104184 0.001269848 0.00625003 0.002538486 0.01133759 0.0004601177 0.01124335 0.009014961 0.001161903 0.004589697 0.009684953 0.01242589 0.014135
40 0.03942621 0.04040307 0.1494797 0.1478539 0.858435 0.8762715 0.4812317 0.4093918 0.372958 0.4132636 1.093217 0.9654274 0.3968139 0.3413524 0.3638697 4.17247e-05 0.4840459 3.058955 0.05441906 2.546079 0.33737 0.1549724 0.2771601 0.0008860488 0.0006686006 0.0009132529 0.001886313 0.001676568 0.002644347 1.788238 6.42971 0.006082144 0.0009762003 0.006002221 0.002139675 0.01092611 0.0002850153 0.01071309 0.008191888 0.001144382 0.003703157 0.009337373 0.01178927 0.01337995
41 0.02083016 0.04768072 0.2017991 0.2361729 0.5685251 0.5150782 0.8268685 0.6586844 0.2165893 0.2292155 1.158669 1.287703 0.6888687 0.7427978 0.1264959 0.03752644 0.2927137 1.103425 0.7710781 0.8066714 1.160865 0.3170748 0.7455038 0.0008214763 0.0004821734 0.0008641117 0.001265249 0.001178795 0.001614088 0.006009159 12.70912 2.189558 0.001573633 0.005491117 0.002344592 0.01000769 0.0008881422 0.009722964 0.007971664 0.00101318 0.004767568 0.00856838 0.01084478 0.01235971
42 0.02517599 0.03969502 0.1677003 0.2031412 0.6195613 0.6431556 0.4112216 0.3769884 0.2489999 0.2833448 0.8129513 0.8322859 0.8125286 0.7514516 0.122343 0.0008713079 0.2363244 1.171711 1.290469 1.794557 0.9221674 0.07983095 0.1481939 0.0005691997 0.0004708545 0.0007932977 0.001134839 0.001373712 0.001556887 0.007272084 22.92698 0.0245299 0.0009790373 0.006763966 0.002420462 0.01291572 0.0003325124 0.01245532 0.008559133 0.001351163 0.004359793 0.01104691 0.01252215 0.01547153
43 0.02132411 0.04582385 0.2638301 0.2650595 0.6677487 0.7594785 0.8566542 0.9169909 0.233023 0.2263127 1.291669 1.352339 1.030689 1.044399 0.2566545 0.2230947 0.1762808 2.271532 0.7520068 2.13784 0.9290423 0.09989893 1.055778 0.0007015543 0.0004857451 0.0006585857 0.001480256 0.001284095 0.001580262 0.006096479 14.36562 12.33095 0.002075239 0.00636549 0.00267523 0.01147186 0.00287275 0.01123318 0.009120952 0.001199129 0.004852523 0.01037005 0.01276798 0.01415894
44 0.04090261 0.04237304 0.277379 0.2917217 0.5215356 0.4090975 0.6268136 0.6755984 0.3248129 0.2803424 1.165905 1.232651 0.3376825 0.3321871 0.4772876 0.2119315 0.5673269 1.415719 0.1455663 1.193206 0.2540059 0.03602009 0.1359397 0.0007245424 0.0005916701 0.001020482 0.001437916 0.001856262 0.002078963 4.704358 3.404736 0.005991662 0.001348557 0.006316746 0.002602606 0.01220851 0.001622524 0.01132274 0.008918889 0.001229086 0.005998967 0.01044476 0.01248228 0.0145522
45 0.0424751 0.04030495 0.1670371 0.2127399 0.6163773 0.6420875 0.4934132 0.4722264 0.4477132 0.441267 1.530387 1.565001 0.3447247 0.3167215 0.3359766 0.007131269 0.4943971 3.060812 0.03682447 2.726993 0.4911369 0.329713 0.2057404 0.0006618164 0.0004739085 0.0006064171 0.001458711 0.001054091 0.001501228 0.09289067 11.73214 0.01297658 0.001222903 0.006259638 0.002628296 0.01191625 0.0003344926 0.01150095 0.008497369 0.00121635 0.005137707 0.0102208 0.01168677 0.01416004
46 0.04166038 0.04299877 0.2081749 0.2100828 0.6812888 0.7288611 0.7858025 0.8995597 0.4831914 0.4923249 1.434628 1.607185 0.3872584 0.3088564 0.4035496 0.02086141 0.3715028 0.8125507 0.4098015 0.9997862 0.245242 0.1639326 0.1069679 0.0006088703 0.0005630877 0.0009183111 0.00172038 0.001340361 0.00235609 3.738529 3.978204 0.005864297 0.001419461 0.005583285 0.002424998 0.01001044 0.001452068 0.009741985 0.00736728 0.00141683 0.004925922 0.008490762 0.01099891 0.01218089
47 0.04008694 0.0426332 0.2431687 0.2579672 0.7097407 0.6158247 0.9970605 1.090452 0.3797061 0.3955955 0.8711262 1.128777 0.3427592 0.351715 0.3802847 0.05980632 0.4934075 1.876727 0.06262646 1.366272 0.08961724 0.01427089 0.2662344 0.0006231325 0.0003886969 0.0008112745 0.0011405 0.001119456 0.001606111 6.540181 3.393247 0.006050896 0.001420504 0.00606797 0.002561281 0.01118963 0.0008533965 0.01079416 0.008118523 0.001157525 0.004616381 0.009576223 0.011409 0.0134313
48 0.04155807 0.04253681 0.24629 0.2494452 0.9910757 1.027156 0.4013048 0.4052071 0.373677 0.4011545 1.27775 1.293298 0.3822759 0.2674342 0.4334282 0.08865989 0.3882713 1.351273 0.8999037 1.549155 0.3172908 0.08711506 0.1567968 0.0008721797 0.0006978257 0.000960837 0.00210912 0.001746772 0.002250137 6.070109 4.45561 0.006017082 0.001682682 0.006527808 0.002911959 0.01178815 0.0008256264 0.01168872 0.009203792 0.001320134 0.005524917 0.009946555 0.01266835 0.01506143
49 0.02104598 0.04548088 0.1912412 0.1651496 0.487793 0.530746 1.12049 1.08332 0.1969598 0.2057511 0.9496885 0.7728117 0.909844 0.9791789 0.09319011 0.0004382885 0.1060807 1.17176 0.01376025 0.9318946 2.372167 0.05819577 2.507744 0.0009934808 0.0003575897 0.001203619 0.001997159 0.001119099 0.002168355 0.005982355 7.745605 4.676429 0.001135512 0.005899807 0.002464862 0.01127753 0.0004522533 0.0101742 0.007705387 0.001108693 0.004605272 0.009645856 0.01112532 0.01273244
50 0.03925778 0.04003703 0.1994929 0.2475644 0.4915074 0.5349547 0.8015013 0.7544297 0.4329741 0.4452074 1.010938 0.9602753 0.4939434 0.3773892 0.255983 0.009059519 0.6376375 1.619466 0.0550612 2.020315 0.372227 0.195988 0.1359565 0.0008247932 0.0005079518 0.0008443082 0.001334301 0.001620147 0.001662778 5.351071 3.333178 0.006010036 0.001068627 0.006418159 0.00256565 0.01168615 0.0008418939 0.01177213 0.008410182 0.001188056 0.004635802 0.01003019 0.01171247 0.01470109
51 0.0393107 0.04040675 0.2933994 0.2753257 0.3733001 0.3816161 0.6020024 0.5847572 0.4506081 0.4613372 0.9339941 0.7592779 0.3452776 0.3606616 0.532318 0.01212687 0.2023034 0.4817516 0.01651247 1.14967 0.08777252 0.0273201 0.3612412 0.0008628724 0.0006504913 0.0006162982 0.001351635 0.002056164 0.001458569 1.751551 3.078556 0.006247409 0.001085705 0.005952294 0.002236826 0.01091446 0.001116668 0.01084869 0.007679803 0.001134575 0.004447711 0.00926879 0.01141798 0.0135944
52 0.02146627 0.04734598 0.1860586 0.2369022 1.561122 1.609631 0.4543735 0.4817397 0.1883426 0.202785 1.893281 1.922954 0.7203581 0.8227791 0.1037422 0.05182951 0.2815113 1.963012 0.05689655 1.611932 1.826233 0.0002493227 1.297197 0.0005972839 0.0004407689 0.0006917974 0.001052636 0.001199081 0.001551864 0.009634325 23.07876 0.3376978 0.001033188 0.006148977 0.0024138 0.01118051 0.001036376 0.01127331 0.008247412 0.001249579 0.004664473 0.009561964 0.01203403 0.01393056
53 0.02116499 0.04371636 0.1673072 0.1620906 0.5964809 0.6609075 0.4160441 0.3956089 0.1887826 0.2255191 0.9804073 0.9284459 0.7274799 0.7419277 0.1460431 0.001772723 0.1206225 1.21147 0.1769141 1.489931 1.04347 0.3475748 0.8809776 0.0006991706 0.0005269481 0.001168596 0.001506249 0.00144045 0.002670333 0.00629652 7.465504 1.947218 0.0010253 0.005762943 0.00236114 0.01068957 0.0004602329 0.01029742 0.007663223 0.001099508 0.004437327 0.009165875 0.01160615 0.01286684
54 0.04128812 0.04222302 0.2741168 0.2690741 0.7452349 0.4906457 0.4006566 0.4405179 0.4674836 0.4289141 1.686826 1.392004 0.3206898 0.2895001 0.5991071 0.0749885 0.5779781 1.09193 0.01706874 0.851583 0.2074709 3.485193e-05 0.01010598 0.0005509774 0.0006753583 0.0008702893 0.00165789 0.0007427829 0.002317037 4.0799 5.659978 0.00594671 0.001051952 0.006464742 0.002844445 0.0113604 0.0005482126 0.01120338 0.008421993 0.00124436 0.005035141 0.009732343 0.01173938 0.01403492
55 0.03830023 0.03880264 0.491959 0.4342562 0.3540985 0.3574541 0.6764801 0.6179885 0.3939945 0.4006503 1.149737 0.9130929 0.3077281 0.3370802 0.6338493 0.003184173 0.5022143 0.9080772 0.0408138 0.8853095 0.2658227 0.03096937 0.3082695 0.0009176836 0.0005957469 0.0008827562 0.001492588 0.00169931 0.002096584 1.182491 6.211292 0.006230774 0.0009346058 0.005451972 0.002396197 0.0100798 0.0007286583 0.009951604 0.007522256 0.001019611 0.004629563 0.008628649 0.01078961 0.01261333
56 0.03555238 0.03423497 0.1688739 0.2427446 1.214543 1.240441 0.698588 0.6387239 0.3112956 0.3216367 0.9422342 0.9278505 0.6856637 0.693181 0.1430792 0.01618316 0.5256824 0.7753054 0.0002251175 0.4935539 0.3267551 0.2784126 0.2274718 0.0009792293 0.0006476923 0.0008305434 0.001666818 0.001325863 0.002034376 0.0192399 7.99034 0.02270174 0.0008429789 0.005399734 0.002126853 0.01025616 0.0001769483 0.01032331 0.007554419 0.001035583 0.004158132 0.008740138 0.01032513 0.01298707
57 0.02147706 0.04624612 0.2805507 0.3312713 0.344156 0.20117 1.03143 0.9597264 0.2081117 0.2371767 1.367161 1.316963 0.8971859 1.001332 0.1503492 0.01331205 0.3128294 1.057924 9.020763e-05 0.2851479 1.85624 0.1113981 2.551036 0.001171053 0.0006514258 0.0007174532 0.001515121 0.001939711 0.001737188 0.006054403 3.468278 1.98536 0.0008888378 0.006098369 0.002274973 0.01109786 0.0002118204 0.01089128 0.008790233 0.001155393 0.004186751 0.009492795 0.01091546 0.01361147
58 0.03761861 0.0392364 0.1887497 0.2460367 1.147784 1.133655 0.3875054 0.3210501 0.2607692 0.3352621 1.152432 1.182743 0.3771174 0.3610683 0.3329046 0.03617769 0.5481929 2.11426 0.006130245 1.927102 0.2950914 0.08800482 0.1235178 0.0006156269 0.0006724468 0.0008033113 0.001905105 0.0012852 0.0026529 5.094238 5.719365 0.006199295 0.0008744195 0.005478788 0.00223773 0.009939749 0.0004721792 0.009878509 0.007898422 0.001029935 0.004077157 0.008515286 0.01074687 0.01250872
59 0.0407329 0.0426006 0.197077 0.167813 0.9310278 0.7338995 1.085758 0.9212772 0.5303808 0.4801172 1.124059 0.8719968 0.4130539 0.3504517 0.6117391 0.001526752 0.2602992 2.253593 0.08837085 1.32633 0.2799537 0.1256703 0.104686 0.0008083802 0.0005611143 0.0007320158 0.001372521 0.00173106 0.001903432 6.827647 12.43763 0.005968475 0.001220193 0.006523648 0.002232763 0.01228974 0.0004632022 0.01214337 0.009410119 0.0013232 0.003777947 0.01048825 0.01211076 0.01527677
60 0.02175101 0.04180989 0.2406259 0.2202803 0.567994 0.5567039 0.8448706 0.7995142 0.2116047 0.1968539 0.8463947 0.8788367 0.6994612 0.7157454 0.2604303 0.1196004 0.1458807 1.020886 0.2379114 0.8894034 1.471307 0.08702852 1.387558 0.0007381533 0.0004804332 0.0007709579 0.001461661 0.001348598 0.001547729 0.00625908 4.184432 2.909595 0.001388781 0.005904549 0.002863177 0.0109717 0.000663549 0.01049905 0.008787866 0.001244522 0.004901861 0.009569182 0.01181414 0.01333365
61 0.03905483 0.04081387 0.2523289 0.2733774 0.5614783 0.4541675 0.5112892 0.4678638 0.3238839 0.3770391 1.088369 1.242251 0.3656752 0.3982232 0.4919312 0.01757324 0.328988 1.329636 0.1237007 0.9107025 0.4125423 0.03448687 0.5303574 0.0007984121 0.000583254 0.0009975223 0.001544723 0.001639749 0.001994654 2.760513 2.414985 0.006027236 0.001106083 0.006005717 0.00240246 0.0109351 0.0007818699 0.01109105 0.00842703 0.001119503 0.004695567 0.009273662 0.01144118 0.01421849
62 0.0397304 0.04180647 0.1804704 0.233391 1.056578 0.8345394 0.4597889 0.2623335 0.4369951 0.4869587 1.123107 1.167347 0.535328 0.3456062 0.2823223 0.008802929 0.5275544 3.074264 0.6635498 1.442428 0.3612496 0.02892099 0.03415737 0.0007069121 0.0004847541 0.001070996 0.001403332 0.001152553 0.001601979 1.455655 26.77626 0.005863665 0.00119135 0.005260241 0.002471364 0.009838879 0.0009187412 0.009791907 0.006880777 0.001003659 0.004919304 0.008421744 0.01039857 0.01238809
63 0.02135979 0.0415975 0.1937737 0.2216568 0.3567325 0.4343395 0.560324 0.5150506 0.1792865 0.2180974 1.249375 1.285422 0.6639252 0.7375623 0.09914348 0.007494858 0.1563703 0.9641663 0.2588806 1.390433 1.088535 0.8563993 1.049475 0.000698691 0.0004708325 0.0007655331 0.001206655 0.001430647 0.001455246 0.006365659 7.660738 4.416939 0.001111575 0.005046876 0.00242704 0.009467954 0.0008024169 0.008991157 0.007010142 0.001012736 0.004568804 0.008076892 0.009767805 0.01131016
64 0.04071425 0.042031 0.3107227 0.3341935 0.4249858 0.3242845 0.4975877 0.5594604 0.2872802 0.4382498 0.9874664 1.14275 0.3364877 0.2868843 0.4500893 0.000156198 0.6867828 1.066929 0.4214412 0.6402092 0.4710631 0.4519571 0.3150768 0.00102355 0.0007409564 0.000680917 0.001591138 0.002000644 0.002307013 3.164606 11.23259 0.005986411 0.001197477 0.006127319 0.002238908 0.01146695 0.0003558819 0.01071761 0.00869356 0.001200042 0.003980262 0.009806828 0.01151938 0.01344214
65 0.03928869 0.04061197 0.1679525 0.2030824 0.4360053 0.3446279 0.3933074 0.4729537 0.4307817 0.4219141 0.6782764 0.662097 0.4066102 0.4199822 0.3196536 0.006374623 0.4513559 1.480271 1.231762e-05 0.1224018 0.09146831 0.01036012 0.2246583 0.000624071 0.0005137714 0.0007498194 0.001735396 0.001356235 0.00252005 7.412613 4.568527 0.006021327 0.0007844299 0.005756284 0.002332659 0.01057741 0.00022393 0.01001044 0.007592847 0.001075154 0.00434798 0.009048256 0.01065549 0.01258725
66 0.03839027 0.04024764 0.2940777 0.3951989 0.670436 0.6916245 0.4847228 0.4785605 0.2748538 0.4156226 0.8474535 1.042057 0.3486118 0.343643 0.4403836 0.01597091 0.6679248 1.159306 0.005702834 0.8762212 0.2575508 0.03572145 0.1467461 0.000778632 0.0005873563 0.0009285476 0.001833412 0.001487693 0.002596383 6.048277 4.821091 0.006144568 0.0009729101 0.005575748 0.002365021 0.0106741 0.0004704776 0.01078558 0.00757237 0.0010677 0.004352032 0.009124447 0.01044638 0.01328549
67 0.02090141 0.05043147 0.3841806 0.3684541 1.531461 1.523288 0.3844966 0.3708077 0.1988763 0.221116 1.333232 1.584893 0.6830067 0.7201147 0.06591328 5.174661e-05 0.03561428 3.156236 0.03544917 3.610629 0.9930583 0.05814726 0.931478 0.0005107245 0.0002232962 0.0007641328 0.001087754 0.0007440819 0.001626391 0.005539667 12.52087 0.6283914 0.001050346 0.006008472 0.002334358 0.01134728 0.0002810981 0.01094852 0.009205147 0.001112773 0.004186127 0.009750037 0.01216551 0.01379883
68 0.03976821 0.04110287 0.2978383 0.3511388 0.5330693 0.5254464 0.4996648 0.4206996 0.459028 0.6430433 0.9867753 1.062991 0.5150637 0.3307556 0.3829529 0.001171125 0.819636 1.359057 0.1496748 1.387061 0.1220114 4.062403e-05 0.03075115 0.0003718001 0.0003412406 0.0005974074 0.001272447 0.0006166257 0.001794664 2.79361 18.28098 0.005742888 0.001069755 0.006836269 0.002413929 0.01222772 0.0003553908 0.01193371 0.008797552 0.001340062 0.004552876 0.01041695 0.01365281 0.01490404
69 0.0411116 0.04270983 0.2128264 0.2503248 0.5026436 0.4592612 0.2477523 0.2495554 0.3489168 0.3443744 1.13558 1.280875 0.3745494 0.3342326 0.2479731 0.05893291 0.4209428 1.453443 0.02725493 1.131041 0.218803 0.1173866 0.0850593 0.0007179728 0.0006417861 0.0007776074 0.002032422 0.001237748 0.002504336 1.344484 11.27595 0.009726263 0.001431012 0.005960634 0.002526455 0.011019 0.0009825316 0.01107643 0.008362979 0.00113039 0.004413552 0.00954413 0.01132684 0.01384733
70 0.0394392 0.04092884 0.2381867 0.2750905 0.493578 0.4893571 1.096711 1.05849 0.3299363 0.3775218 0.9719771 1.033147 0.3456624 0.3685086 0.427809 0.06502888 0.7871883 0.8440905 0.035877 0.6867054 0.2236472 0.001321678 0.028051 0.0008475222 0.0004940456 0.0006759824 0.001315762 0.001070152 0.001587782 3.694392 5.495104 0.006028252 0.002005788 0.006366183 0.002445798 0.01160131 0.0008443656 0.0111313 0.008547957 0.001193616 0.004454634 0.009912487 0.01125222 0.01403959
71 0.03993794 0.04131916 0.2232403 0.2501925 0.6621602 0.6083388 0.3266805 0.3053492 0.318814 0.3343369 1.115539 1.058446 0.3367094 0.3583483 0.3814865 0.1883136 0.4105037 1.342056 0.1034147 1.259345 0.1680003 0.00406421 0.1415808 0.0008198755 0.0004024307 0.000828121 0.001212776 0.0009558084 0.00170806 0.08334873 8.668315 0.006243193 0.001308252 0.005504804 0.002231372 0.009917288 0.001001859 0.009884721 0.007738916 0.001050505 0.004019961 0.008439572 0.01081785 0.0123464
72 0.04001845 0.04145889 0.1963973 0.1567892 1.018384 1.146863 0.4656186 0.5200567 0.5096075 0.5056477 0.9260509 1.133057 0.4438292 0.4409584 0.4103146 1.832283e-05 0.3220165 0.9562741 0.01510579 1.666495 0.2362212 0.06719599 0.355999 0.0009454958 0.0004969837 0.0008454593 0.001093856 0.001474781 0.001720303 8.283299 12.24823 0.006081984 0.0009445563 0.005756992 0.002191181 0.01052695 0.000312101 0.01003303 0.008001176 0.001051699 0.004074434 0.008990412 0.01082175 0.01260032
73 0.03968498 0.04114105 0.1909024 0.1999397 0.7961012 0.7963546 0.3706933 0.4971154 0.4276468 0.4040796 0.8495155 0.8513395 0.362177 0.3269173 0.3337516 0.0007720766 0.3769449 2.339369 1.323731 1.795389 0.09484031 7.489668e-05 0.04081106 0.0007848427 0.0003775324 0.0008768411 0.001281987 0.0006380641 0.001753486 2.510885 10.43554 0.005926926 0.001162092 0.006035259 0.002533997 0.01123069 0.0003335893 0.01117324 0.009068741 0.001128716 0.004793061 0.009598655 0.01253955 0.01395246
74 0.03863308 0.03975508 0.2701468 0.2806923 1.115272 1.132699 0.3797344 0.4279295 0.4752354 0.4677381 0.8808024 0.9978336 0.347768 0.2948318 0.4718703 0.001163135 0.3916837 2.796594 0.02631801 2.570474 0.2217974 0.1356907 0.0908212 0.000739428 0.0005615022 0.0006110958 0.00145923 0.001367485 0.002030239 0.3320459 15.56779 0.008965993 0.000951375 0.005322525 0.00221439 0.009763994 0.0002837773 0.009936095 0.008545395 0.00103076 0.003872292 0.008353021 0.01064906 0.01244096
75 0.04029798 0.04230493 0.2342452 0.3266398 0.7326844 0.7936601 0.5414533 0.4273327 0.3746502 0.4049794 1.506547 1.427738 0.3670443 0.3401767 0.6523149 0.006665908 0.7726049 1.53726 0.2381329 1.702032 0.2120916 0.1015924 0.2400225 0.001000921 0.0005074554 0.0007684931 0.001164469 0.00139579 0.001436958 3.957527 12.12408 0.005976278 0.001372579 0.006411656 0.002683217 0.01206701 0.0005542293 0.01171052 0.008863674 0.001242066 0.005160859 0.01029022 0.01247846 0.01468235
76 0.0390792 0.04084877 0.348753 0.3338759 0.4711533 0.4122399 0.4331436 0.4484848 0.3877674 0.4243493 0.7237488 0.7010692 0.4261858 0.3977029 0.6678671 0.03979741 0.6389971 0.5278109 0.06365347 0.9648135 0.3368648 0.1944507 0.2510167 0.0006083449 0.0005229379 0.001024183 0.001539516 0.001256231 0.001862564 4.885189 0.1398887 0.005939844 0.001376184 0.006337395 0.002655667 0.01184663 0.001151226 0.01180861 0.007985802 0.001219583 0.004782605 0.01009243 0.01178025 0.01482209
77 0.03866447 0.03982179 0.2415472 0.2816931 0.3961781 0.422388 0.2815567 0.2645916 0.4735531 0.5169714 0.5598357 0.6351705 0.3342943 0.3407853 0.4685999 0.1081557 0.7010834 1.095825 0.03466337 1.346832 0.2647648 0.03407346 0.08940674 0.0009564621 0.0008762078 0.001024766 0.002249277 0.001684561 0.003007046 4.879072 1.47347 0.006202222 0.001833263 0.005762101 0.002588784 0.01050662 0.001596115 0.01008599 0.008572285 0.001122289 0.004726475 0.00894281 0.01179099 0.013836
78 0.0399114 0.04096516 0.1279797 0.2193041 0.2594694 0.3512496 0.5603155 0.5854546 0.4234341 0.268801 1.374278 1.382223 0.3303336 0.3088547 0.1416941 0.001959484 0.4917791 0.410742 0.01009045 0.7967033 0.5209493 0.4636686 0.3241961 0.000629859 0.0004010541 0.0006067089 0.0009477867 0.001132844 0.001192352 2.553492 4.446319 0.006019594 0.0009312817 0.005836619 0.002302809 0.01076301 0.0004456753 0.01036017 0.00810459 0.001105061 0.004365956 0.009193763 0.01250886 0.01288595
79 0.0381457 0.03921503 0.3378474 0.4027911 0.3417406 0.2776904 0.2631149 0.3588482 0.5068634 0.5537498 0.7504161 0.7280882 0.4035271 0.4047987 0.4586816 0.02850071 0.6349432 1.118635 0.02178925 0.9766746 0.03438718 0.01462786 0.2576849 0.0009934176 0.0005362012 0.0007858624 0.001294716 0.00165229 0.002028532 1.294252 4.443302 0.006071989 0.001043501 0.005209387 0.002075546 0.009417706 0.000686193 0.009233324 0.007917632 0.0009682026 0.004071576 0.008037435 0.01039606 0.01157473
80 0.03645734 0.03777726 0.2019106 0.2273384 0.3609786 0.1614894 1.575104 1.352204 0.3704618 0.495228 1.174149 1.071606 0.4552379 0.3396016 0.5696761 0.008555493 0.6984914 1.1773 0.0005020433 0.137119 0.1357966 7.08925e-05 0.02430973 0.0008246441 0.0003841571 0.0009099997 0.001137929 0.0004136633 0.001661284 5.816884 8.13592 0.006107293 0.0008085288 0.005353158 0.002117006 0.009740749 0.0001452634 0.00938517 0.007207543 0.001029974 0.003792579 0.008321694 0.009970865 0.01176252
81 0.0396523 0.04085988 0.2686451 0.2404683 0.4605198 0.4470021 0.3001978 0.298486 0.3946811 0.3467071 0.9425543 0.9242358 0.3265529 0.3186911 0.6338163 0.1478334 0.4089304 0.8470055 0.01803714 0.5485844 0.1870108 0.03629755 0.17476 0.001002108 0.0004306133 0.0009632992 0.001130897 0.001322081 0.001352907 2.213633 5.793694 0.005955647 0.001354017 0.006106678 0.002570251 0.01165376 0.000546238 0.01116154 0.009543715 0.001292934 0.005720222 0.009963513 0.01238709 0.01400359
82 0.04076185 0.04265458 0.5793235 0.5513615 1.360772 1.502045 0.593734 0.6734968 0.4889061 0.5075552 1.386959 1.576114 0.3430185 0.3360616 0.9075324 1.11593e-05 0.9176851 2.351041 0.01632633 2.565718 0.1436934 8.568402e-05 0.0575348 0.0004970695 0.0002918858 0.0006560988 0.0008223447 0.0003481687 0.001427996 4.702983 0.1244149 0.005952437 0.0008283184 0.005490576 0.001984458 0.01026243 0.0001795004 0.01016849 0.007538531 0.001076506 0.003792846 0.008742426 0.01075581 0.01268431
83 0.02071973 0.04718602 0.2928636 0.2283987 0.825519 0.6932203 0.4223017 0.4039961 0.2110128 0.1986745 0.9311825 0.8545884 0.6443771 0.6687925 0.1456711 0.01564336 0.07278653 1.211185 0.1012205 0.9059447 1.127175 0.0001007037 0.172645 0.0008299318 0.0004965532 0.0008401625 0.001201768 0.001549526 0.001296914 0.006113401 11.45954 1.210402 0.001144034 0.005891722 0.002465256 0.0109695 0.0005622607 0.01076804 0.007960253 0.001144019 0.00437223 0.009398085 0.01119793 0.01343447
84 0.03868979 0.04021976 0.218969 0.2287701 0.6293665 0.6218795 0.5030592 0.5290719 0.4092567 0.5054674 1.047947 1.140666 0.3090704 0.2991287 0.4578079 0.002184669 0.4371964 2.623987 0.1831618 1.912316 0.2016262 0.2049155 0.2837134 0.001062765 0.0006491724 0.0008704563 0.001596913 0.001766161 0.002455231 2.299828 7.105199 0.006144212 0.001112548 0.006392741 0.002337723 0.0117678 0.0003331922 0.01185412 0.008586476 0.001245875 0.004548961 0.01005774 0.01214789 0.01430771
85 0.03647556 0.03743934 0.2143751 0.2333346 0.4463277 0.4939937 0.3677898 0.424911 0.375834 0.3861144 0.9894756 0.8083279 0.3438087 0.3256739 0.4327321 0.01103775 0.4859621 0.9936322 0.3482879 1.36684 0.3155 0.2870563 0.2690499 0.0009168201 0.0007522013 0.001113849 0.002029594 0.001878822 0.002530441 4.556945 9.959337 0.006279861 0.001276371 0.0061334 0.0029686 0.01111765 0.001014872 0.01108358 0.00861001 0.001216323 0.005063049 0.009525521 0.01211747 0.01384596
86 0.03727472 0.03792493 0.2301314 0.2426478 0.4776806 0.4960521 1.101135 0.9823814 0.306845 0.4048632 0.9381306 1.010084 0.4132676 0.3830949 0.415105 0.01831654 0.5144688 2.719118 0.02044854 2.277665 0.3374193 0.08874039 0.2247213 0.001049671 0.0006490172 0.0007098734 0.001574578 0.002092854 0.002055195 1.6757 4.450529 0.00626026 0.0009873637 0.00550421 0.002079142 0.01054578 0.000538803 0.009976781 0.00753662 0.00104459 0.003832527 0.009024983 0.01042746 0.0125443
87 0.03897514 0.03964274 0.3424508 0.3625714 0.4062931 0.3057547 0.6258014 0.6008521 0.3901479 0.3989683 1.051449 0.9316269 0.351634 0.3292304 0.3251119 0.07499051 0.4089738 0.807407 0.03022854 0.4939664 0.3338986 0.04575586 0.1453238 0.000569678 0.000490836 0.0009180088 0.001252453 0.001448582 0.001642865 3.059867 3.66479 0.006220656 0.001068287 0.005388294 0.002445724 0.009965625 0.0009193929 0.009610415 0.00700848 0.001019771 0.004715931 0.008573615 0.009768543 0.01203601
88 0.03910799 0.03996533 0.204419 0.230203 1.238756 1.342455 0.2190695 0.2842406 0.3707645 0.4153722 0.8675314 1.057714 0.3842589 0.3293247 0.4463284 0.1631236 0.5808315 2.243967 0.02560212 1.854584 0.1421497 0.04012862 0.08555124 0.0007052559 0.0004466751 0.0006725607 0.001508235 0.001174976 0.00173595 1.680224 0.749972 0.006166538 0.001098917 0.00592897 0.002185032 0.01094442 0.0007118443 0.010423 0.008442116 0.001140803 0.004129565 0.009415023 0.01169529 0.01289699
89 0.03794123 0.03933275 0.1730063 0.2171958 0.4254143 0.3156113 0.3640639 0.2580131 0.3731311 0.3894784 0.8256394 0.8055697 0.4514809 0.3529072 0.3601258 0.03759345 0.5332767 0.9504356 0.2666775 0.652201 0.336598 0.09526143 0.1471101 0.0009979537 0.0006377007 0.001397115 0.001904616 0.001733636 0.002022734 1.898971 44.00538 0.006202767 0.001716274 0.006071315 0.00256797 0.01134282 0.001013745 0.01101005 0.00811642 0.001153304 0.004487822 0.009591316 0.01172748 0.01406449
90 0.03791926 0.03752287 0.3124804 0.3800862 0.6400292 0.5628772 0.6826738 0.5635163 0.3721383 0.436053 1.216457 1.168935 0.3820106 0.4181902 0.6463233 0.001606136 0.8299612 1.222782 0.1373843 0.5659192 0.2766154 0.1027787 0.2667092 0.001111636 0.0005716305 0.0005414054 0.001575302 0.001541284 0.001555845 0.1791163 7.374739 0.01392565 0.001090125 0.005249319 0.001924193 0.009688053 0.0005604405 0.009460069 0.007678427 0.0009782161 0.003774384 0.008286848 0.01091891 0.01191015
91 0.04054657 0.03474459 0.2276011 0.3009911 0.4183002 0.3526832 0.2788785 0.4641081 0.3097144 0.3034163 1.194941 0.763894 0.4983471 0.5625796 0.2392569 0.03483313 0.4160686 1.354414 0.04686571 0.9116232 0.06665098 0.007230515 0.3771918 0.0005451875 0.0004676379 0.0007578673 0.001043387 0.0009960913 0.001786713 0.02696718 0.08106489 0.02324907 0.00138185 0.006034367 0.002891562 0.0112113 0.0006619 0.01121208 0.008054256 0.001309058 0.005055434 0.009544049 0.0108137 0.01399453
92 0.03885414 0.03994609 0.2432613 0.2194739 0.2761327 0.2110619 0.5395912 0.4932077 0.38733 0.3389576 1.234851 1.336924 0.3699976 0.331069 0.3447543 0.0004333398 0.5762715 0.3264114 7.811127e-05 0.1628238 0.5023425 0.2624391 0.2038853 0.00102008 0.000650314 0.0009151308 0.001720945 0.002005483 0.002016097 2.028166 3.574497 0.006166972 0.0009069666 0.006142226 0.002318449 0.01143885 0.0002045933 0.01085025 0.007757959 0.001156204 0.004191819 0.00977111 0.01131106 0.01379404
93 0.03932198 0.04105178 0.1745107 0.1756525 1.394809 1.373595 0.317887 0.1967224 0.3738461 0.3694361 1.329007 1.039411 0.4086772 0.3575058 0.3940528 0.01722038 0.3760094 2.170388 0.03437018 2.108376 0.2145485 0.003661851 0.01224861 0.0008361596 0.0004918597 0.0009800952 0.001563426 0.0008114349 0.002187242 6.638463 11.26907 0.006093957 0.001302085 0.005817313 0.002717856 0.01058567 0.0005107871 0.01029928 0.008083532 0.001091131 0.00475907 0.009079611 0.01056856 0.01307246
94 0.03904606 0.04142955 0.1994949 0.2000359 0.4795593 0.4782608 0.7402102 0.5692428 0.357787 0.4127059 1.526209 1.91048 0.4002489 0.36552 0.2259756 0.0120509 0.2105022 1.462151 0.1288343 2.057259 0.1905598 6.658432e-05 0.02017435 0.0003913252 0.0004103236 0.0008979101 0.001347146 0.0004210035 0.001667587 5.040412 14.19008 0.005904403 0.001015545 0.005444704 0.00229169 0.009672725 0.00054049 0.009500335 0.007900639 0.001027232 0.004289285 0.008294288 0.0101834 0.01190525
95 0.0405258 0.04178542 0.1524902 0.1666267 0.5136068 0.5370376 1.149947 1.075453 0.4656756 0.549357 0.8194182 0.7160575 0.3648784 0.3883794 0.1453142 9.274191e-06 0.4522821 1.624454 0.08095262 1.495964 0.3025978 4.572773e-05 0.2551523 0.0005327394 0.0001876773 0.0008207518 0.001171746 0.0009026319 0.001804108 2.986499 3.651277 0.006025309 0.0008979827 0.006423749 0.002144451 0.01191951 0.0002225502 0.01180208 0.008590214 0.001196659 0.004005674 0.01019866 0.01293833 0.01486472
96 0.03790683 0.03927443 0.2309265 0.2723451 0.4889412 0.1987714 0.3145938 0.3215654 0.38675 0.370206 0.7581631 0.6478183 0.2975228 0.2923172 0.3010992 2.501458e-05 0.4263141 1.537885 0.0002634595 0.1172251 0.2632537 0.009469939 0.2583611 0.0007762729 0.0005484911 0.0009229194 0.001154518 0.001843294 0.002230414 2.728588 11.61626 0.006227296 0.0007957623 0.005139177 0.002103214 0.009447896 0.000162551 0.009529922 0.006883702 0.0009838387 0.003944046 0.00807192 0.008887111 0.0119267
97 0.03866447 0.03982179 0.2415472 0.2816931 0.3961781 0.422388 0.2815567 0.2645916 0.4735531 0.5169714 0.5598357 0.6351705 0.3342943 0.3407853 0.4685999 0.1081557 0.7010834 1.095825 0.03466337 1.346832 0.2647648 0.03407346 0.08940674 0.0009564621 0.0008762078 0.001024766 0.002249277 0.001684561 0.003007046 4.879072 1.47347 0.006202222 0.001833263 0.005762101 0.002588784 0.01050662 0.001596115 0.01008599 0.008572285 0.001122289 0.004726475 0.00894281 0.01179099 0.013836
98 0.04085365 0.04263755 0.1737302 0.1883829 0.3399857 0.4745098 0.3196756 0.4023869 0.3583755 0.3387727 1.915378 1.919034 0.382302 0.4096093 0.2199526 0.02047068 0.2317025 0.6993354 0.01281381 1.525942 0.07688659 0.061218 0.2448531 0.000986653 0.0006096624 0.0007148646 0.001755213 0.001246065 0.002247417 2.043639 11.78349 0.005937518 0.001196337 0.005415565 0.00231142 0.009724692 0.0007538569 0.009580823 0.00832988 0.001036529 0.004142942 0.008267671 0.01129787 0.01213057
99 0.04097751 0.04237943 0.2488768 0.2195207 0.3958513 0.3980097 0.376905 0.3924137 0.4523449 0.4177403 1.13025 1.002078 0.3239825 0.322024 0.7622134 0.01043092 0.4966012 1.070031 0.1165238 0.8344792 0.2748157 0.217216 0.2599326 0.001015816 0.0007173298 0.0008616287 0.001735687 0.00201276 0.002727908 4.106404 5.126235 0.006020073 0.001259581 0.006280672 0.002632322 0.01146401 0.0005807047 0.01140885 0.008119799 0.001298419 0.004768946 0.009821053 0.01188667 0.01414881
100 0.03839027 0.04024764 0.2940777 0.3951989 0.670436 0.6916245 0.4847228 0.4785605 0.2748538 0.4156226 0.8474535 1.042057 0.3486118 0.343643 0.4403836 0.01597091 0.6679248 1.159306 0.005702834 0.8762212 0.2575508 0.03572145 0.1467461 0.000778632 0.0005873563 0.0009285476 0.001833412 0.001487693 0.002596383 6.048277 4.821091 0.006144568 0.0009729101 0.005575748 0.002365021 0.0106741 0.0004704776 0.01078558 0.00757237 0.0010677 0.004352032 0.009124447 0.01044638 0.01328549
