1 0.02742288 0.02793265 0.1695534 0.1990808 0.2961687 0.2872867 0.2307315 0.1928757 0.3393631 0.3463125 0.5509242 0.5388967 0.2108744 0.1938208 0.359032 0.03230567 0.3918094 0.9204515 0.02438203 0.7584857 0.1279873 0.01554742 0.05523859 0.0004014036 0.00033235 0.0005143308 0.0007869037 0.000795614 0.001063918 2.442975 9.730115 0.003244739 0.0008135099 0.003997061 0.001701581 0.007264962 0.0004838027 0.007286937 0.005180327 0.0007529053 0.002939514 0.006185981 0.007584214 0.009175427
2 0.02513284 0.02535311 0.2034427 0.1784844 0.2626551 0.2511466 0.2939034 0.3082086 0.3126398 0.3147714 0.6453964 0.7719322 0.1971035 0.176076 0.4555311 0.0129753 0.4241592 0.8020865 0.02011513 0.8007334 0.1886117 0.0233414 0.139733 0.0005032285 0.000494892 0.0004992021 0.001451665 0.001092983 0.001988232 1.30633 6.848404 0.003444122 0.0007580985 0.003750831 0.001413653 0.006952953 0.000400839 0.00666297 0.005111651 0.0007133545 0.002782415 0.005940749 0.007160026 0.008347707
3 0.02626628 0.02648057 0.1262005 0.1398237 0.4858577 0.3948506 0.403957 0.4090374 0.3187869 0.3037106 0.6858203 0.6991489 0.217261 0.2194936 0.15146 0.001647013 0.2352487 0.8431483 0.06734213 0.630584 0.161976 0.06204398 0.1350604 0.0004105403 0.0002653424 0.0006145707 0.0006716946 0.00081375 0.0009606843 0.5151256 3.697143 0.00629436 0.0007134497 0.003797892 0.001564931 0.007175338 0.0004375212 0.007167877 0.005169643 0.0007289716 0.002985661 0.006135997 0.007112325 0.008981433
4 0.02474102 0.02510205 0.1383608 0.1588886 0.4278687 0.4347616 0.2325902 0.2501712 0.2269446 0.234949 0.6838162 0.6652332 0.1584855 0.1724677 0.2382681 0.01436645 0.3503889 1.052605 0.004549082 0.9151993 0.1646707 0.009754957 0.0882127 0.0004420672 0.0003697651 0.0005193982 0.0008233932 0.001132981 0.001158248 1.769567 2.097156 0.003409873 0.0006773541 0.003516583 0.001411734 0.006567264 0.0001445955 0.006357347 0.004718955 0.0006657783 0.002588354 0.005612972 0.007131881 0.007937458
5 0.02674962 0.0271715 0.1342423 0.1456444 0.5270755 0.5353266 0.2677994 0.2400249 0.2392836 0.247652 0.699585 0.7346634 0.2058981 0.1986678 0.1787128 0.002184679 0.3179502 1.613363 0.06010609 1.311585 0.0990201 0.01429481 0.09707621 0.0004402453 0.0003338211 0.0005634981 0.0009094287 0.000952675 0.00111545 1.934573 5.629039 0.003304126 0.0006990795 0.003782575 0.001503202 0.00687738 0.0003218705 0.006736936 0.004896078 0.0007339858 0.002705567 0.005869168 0.007189284 0.008409357
6 0.02553201 0.02585648 0.1520847 0.1267055 0.2091692 0.2233561 0.2213977 0.2519643 0.2372065 0.2488599 0.5902077 0.5730386 0.1920008 0.1963416 0.3771218 0.01410876 0.2575964 0.522091 0.004490423 0.7842816 0.0586354 0.001268616 0.09133122 0.0003342415 0.0002790628 0.0003724929 0.0008371568 0.0008327726 0.001162288 1.250311 3.547489 0.003455188 0.0006275999 0.003750087 0.001412311 0.006923959 0.0003769484 0.00686601 0.004990009 0.0007131085 0.002623254 0.005924516 0.007132101 0.008577692
7 0.02566088 0.02610453 0.1266233 0.1480228 0.4767586 0.4427853 0.4375542 0.423631 0.2827593 0.2698644 0.8965947 0.8298548 0.193716 0.1975662 0.2643284 0.007854652 0.3552094 1.617541 0.03248338 1.512659 0.1234805 0.0367006 0.118491 0.000374227 0.0002938406 0.0004374275 0.0007475499 0.0007308455 0.001111203 2.926889 3.569354 0.003325202 0.000815055 0.003698259 0.00149937 0.006865614 0.0004592683 0.006796591 0.004937915 0.0006993976 0.002836681 0.005879977 0.00704289 0.008420272
8 0.02554694 0.02610351 0.1039974 0.1122887 0.28409 0.3144897 0.2418957 0.2389878 0.2554482 0.3001618 0.5154057 0.5656751 0.2193327 0.2099778 0.166476 0.002790266 0.2496651 0.4944904 0.0166413 0.7457341 0.1247625 0.0190156 0.1780952 0.0004395336 0.0002640277 0.0004643358 0.0007856929 0.0008523963 0.0008935856 1.164856 3.168214 0.003334393 0.0005794424 0.003517593 0.001411882 0.006570831 0.0004058611 0.006288375 0.004587795 0.0006689795 0.00258024 0.005607185 0.006520844 0.007851852
9 0.02522133 0.02542641 0.1508312 0.182014 0.3782922 0.3652693 0.2257755 0.2604862 0.3259533 0.3544237 0.7209812 0.6790097 0.1983392 0.2090244 0.2499684 0.007355389 0.3095424 0.7516669 0.03058062 0.4700313 0.1542236 0.03086415 0.1118477 0.0004460824 0.0003733977 0.0005361242 0.0008455516 0.0009495924 0.001071175 3.150541 3.00317 0.00343115 0.0008688728 0.003569462 0.00145636 0.006489696 0.0006227652 0.006299179 0.004720261 0.0007906327 0.002899158 0.005536149 0.006851048 0.007882276
10 0.02614938 0.02665733 0.1629578 0.1682723 0.3538367 0.3330606 0.3020484 0.2915725 0.2772532 0.3028532 0.7203067 0.6774511 0.2164441 0.1854699 0.334713 0.01816239 0.2768641 0.8825351 0.01451445 0.4891412 0.2086778 0.1705838 0.1122682 0.0004122389 0.0003514076 0.0005473774 0.000935804 0.0009454135 0.001524523 2.059032 6.84836 0.003303 0.0007428485 0.003917839 0.001643673 0.007250825 0.0005853553 0.007184479 0.005073773 0.000748483 0.002993479 0.006212995 0.007472892 0.009066442
11 0.02589332 0.02634956 0.150412 0.1548013 0.2444532 0.2134126 0.1961767 0.2210021 0.2751285 0.2944166 0.5520594 0.620626 0.1915879 0.1863061 0.1030482 0.01218868 0.325466 0.6116919 0.0322304 0.3479598 0.1240055 0.01597255 0.1557316 0.0005417818 0.0003699763 0.000453691 0.0009920648 0.001083468 0.00148477 5.151461 2.776488 0.003359867 0.0009241254 0.003684978 0.001521052 0.006806685 0.0007450288 0.006895499 0.004877252 0.0007054107 0.002692565 0.005800912 0.006995849 0.008625691
12 0.02425024 0.0244759 0.1602811 0.1432217 0.3015426 0.3312982 0.2509358 0.2269253 0.2834668 0.2637811 0.6699515 0.643329 0.1903434 0.1871311 0.219903 0.001316155 0.2998468 0.6719104 0.1138828 0.7600535 0.0893605 0.03185148 0.1162337 0.0005163624 0.000332466 0.000518827 0.0008908176 0.000964924 0.00135163 2.439768 4.044491 0.003455997 0.000647292 0.00369597 0.001457617 0.006745349 0.0002630426 0.006596968 0.005063452 0.0007064303 0.002706728 0.005766127 0.006972068 0.008244163
13 0.02627172 0.026501 0.1302076 0.1658922 0.3573371 0.3496142 0.2781087 0.3297816 0.298939 0.3296258 0.4782983 0.517411 0.203588 0.1986519 0.2442676 0.004853807 0.1680069 0.710413 0.08060012 0.6368269 0.1075524 0.005630589 0.0735515 0.00037814 0.0002270573 0.0004944255 0.0006937029 0.0005790348 0.001053976 2.605319 2.383275 0.003294875 0.0007349262 0.003556494 0.001538955 0.0065196 0.0005490427 0.006424727 0.004836256 0.0006794486 0.00297189 0.005562264 0.006747637 0.008034395
14 0.02483813 0.02532048 0.1689737 0.2134973 0.2629979 0.2417147 0.2683241 0.2453967 0.2790135 0.2713193 0.5461191 0.5418805 0.2068066 0.1980504 0.1990504 0.01931753 0.3699836 0.5636608 0.07829103 0.4519589 0.1178563 0.02818143 0.0862554 0.0005422193 0.0003244174 0.0004450765 0.0007763922 0.0008486372 0.0009696628 1.408798 1.656783 0.003371157 0.000983397 0.003362701 0.001454817 0.006208454 0.0002587584 0.006218964 0.004844749 0.0006676741 0.002696078 0.005265343 0.006400709 0.007739025
15 0.02590418 0.02661678 0.1655246 0.1755007 0.5346464 0.5861305 0.2224047 0.2600464 0.2326413 0.2383818 0.8973064 0.9622488 0.2035649 0.2162378 0.230292 0.002985099 0.3632836 0.7266203 0.01273137 0.7934471 0.06485619 0.01441303 0.1500602 0.000477905 0.0003367439 0.0005259547 0.0007999457 0.0008568815 0.001177616 1.485549 5.962719 0.003326799 0.0006840377 0.003744353 0.001456028 0.007001673 0.0002998164 0.006773667 0.005082955 0.0007031138 0.002742296 0.005984047 0.00720214 0.008492029
16 0.02613259 0.02632591 0.1028301 0.1414409 0.3461046 0.3391224 0.206264 0.2204051 0.2803186 0.387799 0.7482919 0.7247326 0.215928 0.214979 0.1333503 0.0002620335 0.4904024 1.009043 0.2144147 0.9587955 0.1132578 0.07620712 0.205344 0.00050394 0.0003538788 0.0004639648 0.001050876 0.0009107547 0.001096067 2.317593 2.313946 0.003359664 0.0006496544 0.003795612 0.001489865 0.007057672 0.0002867114 0.006771506 0.005133399 0.0007324119 0.002839595 0.006026871 0.0070485 0.00853477
17 0.02525569 0.02561777 0.1561961 0.1557116 0.3006476 0.2877688 0.302447 0.3414462 0.2613038 0.3026331 0.6703259 0.7200627 0.2032205 0.2041188 0.2047788 0.04496656 0.3793756 1.2359 0.02813773 0.9225924 0.1395946 0.05662308 0.1114118 0.0005278883 0.0003670952 0.0005386344 0.001101357 0.0009271746 0.001327792 1.763274 6.187904 0.003371343 0.001011714 0.00374535 0.001441627 0.006936727 0.0007439753 0.006730097 0.004947515 0.0007181514 0.002745558 0.005894926 0.006829071 0.008458752
18 0.02543601 0.0257725 0.1638643 0.1992603 0.2958919 0.3138434 0.2783728 0.2897174 0.2418627 0.2707888 0.694612 0.7212006 0.2005376 0.2104612 0.2737941 0.01681593 0.3992033 1.235694 0.02000847 1.384696 0.1235527 0.02985349 0.1315533 0.0004982405 0.0003643201 0.0004338303 0.0007934327 0.001040329 0.001135122 2.115472 5.147358 0.003392229 0.0008503999 0.003759213 0.001470069 0.006950517 0.0007870693 0.006938036 0.00521824 0.000711535 0.002789601 0.005948221 0.007673656 0.008653334
19 0.0256398 0.02617834 0.1827405 0.1777032 0.3705094 0.394979 0.2857827 0.2943698 0.3015108 0.2942297 0.6319136 0.7101393 0.1916885 0.1779725 0.3421276 0.01234697 0.2937908 0.8831593 0.04206262 1.027914 0.1623128 0.01174484 0.09059238 0.0005443906 0.0002969007 0.0004113279 0.0007724233 0.0009528058 0.0009602445 1.944367 4.947854 0.003339767 0.0009360355 0.003538172 0.001441276 0.006573365 0.0005769102 0.006267816 0.004821102 0.0006707655 0.002731025 0.005630044 0.006769835 0.007870644
20 0.02731796 0.02756508 0.1480885 0.1749699 0.271894 0.3012441 0.2497678 0.2570061 0.2581356 0.3077542 0.8401763 0.8637595 0.1852224 0.1969513 0.1980068 0.00406169 0.2737613 0.7279994 0.02145054 0.6524196 0.1252373 0.04722398 0.08024292 0.0004040528 0.0002841601 0.0004560768 0.0007880892 0.0007314311 0.0008229525 0.5693105 8.553583 0.00836693 0.000798863 0.003887787 0.001577357 0.00721338 0.0005041313 0.007142514 0.005194388 0.0007396848 0.00282713 0.006170858 0.007404266 0.008958041
21 0.02537232 0.02599689 0.1197262 0.1390575 0.3620545 0.3299631 0.2193771 0.2588763 0.2212762 0.2642754 0.6665563 0.7593547 0.2085234 0.1753789 0.173988 0.01867231 0.2897751 0.7457424 0.1964009 0.4779982 0.1273139 0.04506859 0.08326211 0.000489604 0.0004096694 0.0005137576 0.000990703 0.001075265 0.00120697 0.9463103 9.297607 0.003393025 0.000844702 0.003482624 0.001435707 0.006263162 0.001041448 0.006230132 0.004638998 0.0007029409 0.002719784 0.00536349 0.006551461 0.007749206
22 0.01207527 0.02796849 0.1857 0.1957578 0.290662 0.2812445 0.2634451 0.2675271 0.1121339 0.1126256 0.7717 0.7494949 0.3989188 0.410505 0.1217183 0.04313358 0.1061965 1.253982 0.01246438 1.139619 0.6079011 0.07207778 0.5446273 0.0004959994 0.0003022217 0.0004863893 0.000697359 0.001032147 0.001001759 0.003355854 5.832725 1.489147 0.000813527 0.003567704 0.001474953 0.006490872 0.0004655065 0.00623173 0.005047507 0.0006859812 0.002774449 0.00553228 0.007040982 0.007949028
23 0.02565852 0.02623791 0.1125121 0.1266563 0.3947994 0.418147 0.2924211 0.283358 0.2661482 0.2728402 0.7188134 0.7691528 0.2430862 0.2101674 0.1214156 0.003359266 0.2706259 1.110395 0.7948522 1.052938 0.1583449 0.0118961 0.08953127 0.0004489745 0.0002817998 0.000487901 0.0006798269 0.0008662896 0.0009555434 2.238684 2.506826 0.003331877 0.000801342 0.003759617 0.001574152 0.006941414 0.0002134252 0.006727017 0.004928885 0.0007103107 0.002862234 0.005973047 0.007023452 0.008366945
24 0.025391 0.02565794 0.1449583 0.1684538 0.3631446 0.3405259 0.4309838 0.4226314 0.2892171 0.2783691 0.520763 0.5750938 0.1981383 0.2125075 0.306768 0.01584827 0.2301538 0.6795026 0.09439653 0.5271793 0.06755672 0.001172312 0.09124663 0.0003893435 0.0002685324 0.0005258624 0.0007138987 0.000668008 0.0009061346 1.900514 3.741523 0.003386418 0.0007436428 0.003670191 0.001440171 0.00663404 0.0005776355 0.006418678 0.004865932 0.0006769437 0.00261583 0.005669081 0.00703194 0.008070809
25 0.02054403 0.01982435 0.1646463 0.139427 0.3233942 0.2889775 0.2320463 0.2547582 0.2459105 0.2225296 0.6322398 0.5862199 0.3892 0.4033199 0.1515859 0.001406385 0.1082821 0.6705587 0.03566098 0.7044553 0.1951625 0.1097391 0.1475657 0.0003920572 0.0002712599 0.0004906823 0.0007696654 0.0008625276 0.0009751176 0.008425983 2.039273 0.01075033 0.0006553898 0.003825473 0.001443143 0.007014342 0.0003377457 0.006657896 0.004942676 0.0007301537 0.002621712 0.006007049 0.007072005 0.008353789
26 0.02618834 0.02662556 0.1629985 0.1992197 0.3788491 0.3779297 0.3328962 0.3048213 0.3497239 0.4062915 0.7199062 0.7520722 0.193155 0.1824087 0.3146474 0.04265897 0.4476637 0.9341309 0.1062968 0.8100351 0.1896974 0.09252905 0.1660373 0.0004803963 0.0003522483 0.0005121591 0.0009246843 0.0009196596 0.00120967 1.928146 3.762278 0.003323797 0.0009483314 0.003716055 0.00155728 0.006920753 0.0005070136 0.006779809 0.005133185 0.0007369755 0.002844124 0.005922597 0.0073178 0.008471175
27 0.02543721 0.02582601 0.1204207 0.1378886 0.2821919 0.3219573 0.2275067 0.2009816 0.2422877 0.301087 0.672345 0.7548687 0.2538255 0.203749 0.2606452 0.002182156 0.3696163 0.5415296 0.03403888 0.6563998 0.07914689 0.0008994347 0.05432371 0.0002765657 0.0002301933 0.0004692887 0.0007837227 0.0005672433 0.001001314 1.55029 6.229139 0.003346233 0.0006371039 0.003722846 0.001505994 0.006802294 0.0003733947 0.006681628 0.005090134 0.0007066738 0.00280521 0.005815244 0.007294347 0.008375719
28 0.01205271 0.02701081 0.1513086 0.1778795 0.3560915 0.3282952 0.2854839 0.2682949 0.1154881 0.1264109 0.6872245 0.7321631 0.4515653 0.4856976 0.05864255 0.01924751 0.157414 0.6699803 0.01882219 0.6120318 0.5395109 0.05626052 0.4176924 0.0004832327 0.0003607798 0.0004454302 0.0009099727 0.0008799508 0.001105484 0.003989191 9.677289 0.9476508 0.0007961634 0.003720293 0.001494569 0.006786552 0.0005240053 0.006563594 0.004982437 0.0007265077 0.002767544 0.005801144 0.007025313 0.008128351
29 0.02610475 0.02629276 0.1487295 0.1778799 0.3807239 0.4309543 0.2469001 0.3023598 0.2404307 0.2946881 0.7105065 0.7114235 0.1933536 0.1911132 0.1801203 0.01214117 0.3866901 0.8588055 0.0312158 1.021139 0.183897 0.1297129 0.1925118 0.0004538971 0.0003674027 0.0004361247 0.0009305453 0.001089386 0.001140928 2.402289 5.055115 0.003344372 0.000867119 0.003848272 0.001521598 0.007077521 0.0004821106 0.007050868 0.005383064 0.000749238 0.00278149 0.006034225 0.007455271 0.008825945
30 0.02552428 0.02571866 0.1693226 0.1841236 0.2012101 0.1698357 0.2856437 0.2491845 0.283336 0.2618067 0.6797344 0.6694613 0.1944414 0.1909648 0.2408499 0.0213425 0.2867156 0.457136 0.002119477 0.4721508 0.11064 0.004317367 0.09046528 0.0004914866 0.000256822 0.0005510658 0.0007907867 0.0007310055 0.0009041967 2.399178 3.637892 0.003348018 0.0005652262 0.003652155 0.001491731 0.006743668 0.0002734271 0.006526822 0.005038004 0.000686343 0.002798864 0.005776194 0.006835023 0.008149565
31 0.01198575 0.0280778 0.1406798 0.1611295 0.351118 0.3566119 0.4080815 0.3759151 0.1123357 0.1155479 0.6566285 0.6244484 0.4615879 0.4340861 0.08803589 0.02478685 0.09055669 0.6978057 0.1536913 0.655538 0.6001579 0.04175555 0.5701686 0.0004297334 0.0002949447 0.0003984316 0.000717443 0.000826788 0.0009731566 0.003363878 3.991003 1.389666 0.0008461761 0.003462008 0.001392467 0.006454491 0.0009045192 0.006458768 0.004820209 0.0007109294 0.002790444 0.005525415 0.006773897 0.008130249
32 0.0252061 0.02556462 0.1345132 0.1510407 0.3263756 0.3090406 0.2326332 0.1876985 0.2414396 0.3230476 0.6700108 0.6144176 0.2053987 0.2006047 0.2725582 0.007319225 0.3544754 0.5735873 0.01957004 0.8871571 0.1444996 0.01798107 0.08363929 0.0004667917 0.0003557856 0.0003686471 0.0008383472 0.00097577 0.001055928 7.222501 2.335521 0.003353226 0.0007377622 0.003761304 0.0014321 0.00697031 0.000427075 0.006786951 0.005105997 0.000711604 0.002701677 0.005952572 0.007520595 0.008511367
33 0.02502919 0.02555784 0.1316493 0.1520334 0.2965069 0.2839938 0.3601021 0.3864938 0.2141759 0.2635017 0.6859251 0.6998428 0.2061581 0.2021916 0.1765908 0.009712593 0.3338274 0.8995391 0.04736369 0.7710083 0.1621823 0.02175866 0.1042477 0.0004447288 0.0003311557 0.0005576278 0.0008476037 0.0008171393 0.001269767 1.76233 2.940955 0.003386387 0.0008472313 0.003676008 0.001479001 0.006672345 0.000294315 0.006540785 0.004928776 0.0007127743 0.002660572 0.005684246 0.007013769 0.008265204
34 0.02557705 0.02624272 0.1402678 0.1450055 0.3922798 0.4359497 0.2865835 0.2780057 0.2374088 0.2815072 0.9608931 0.9610379 0.1914237 0.1837918 0.2089088 0.008227915 0.2385903 0.8385726 0.009882624 0.9385783 0.1716109 0.1075848 0.07739662 0.0005086939 0.0003597457 0.000511173 0.0009513593 0.0009719607 0.001340484 1.714642 3.967167 0.00335951 0.0007452163 0.00346294 0.001408604 0.00636849 0.0003397913 0.0062529 0.004666543 0.0006740159 0.002524482 0.005440698 0.006741288 0.007886743
35 0.02690976 0.0273588 0.1301823 0.1588338 0.4203975 0.3943486 0.2800614 0.2644576 0.3071394 0.2923076 0.6965782 0.6671297 0.2084799 0.1987463 0.0917208 0.002146917 0.3312383 1.214442 0.0990939 1.064832 0.1713361 0.005825864 0.1016887 0.0004543363 0.0004346065 0.0004113356 0.001194811 0.0009722916 0.00141053 2.363263 4.668885 0.00336 0.0007487038 0.003738075 0.001472625 0.007012589 0.0004137483 0.006955851 0.005018757 0.0007082473 0.002770828 0.00600504 0.007096884 0.008694882
36 0.02499731 0.02534281 0.1575845 0.1623978 0.41504 0.3351785 0.2551198 0.2941802 0.1985644 0.2139436 0.6250595 0.5971342 0.2027942 0.1845428 0.2304713 0.01879739 0.2644777 1.030088 0.01660565 0.7801689 0.1400474 0.0892245 0.1152714 0.0004899593 0.000395656 0.0004877874 0.0009231277 0.001139695 0.001161174 0.9298733 4.365716 0.003455849 0.0007687229 0.003693629 0.001521705 0.006565214 0.0003157616 0.006415516 0.004943357 0.0007101969 0.002832499 0.005615896 0.00702857 0.00810039
37 0.02549765 0.02581805 0.1327951 0.155216 0.2523454 0.2097961 0.4456053 0.4224109 0.270064 0.2758495 0.6777787 0.6477453 0.1804603 0.1877432 0.2704529 0.004644087 0.2930426 0.7293399 0.01175166 0.3872959 0.1593987 0.04529463 0.09316561 0.0004493482 0.000291801 0.0004209396 0.0007271424 0.0008138006 0.0009990863 2.636641 2.163965 0.003377365 0.0006385693 0.003602046 0.001382025 0.006622168 0.0003023924 0.006428541 0.004711217 0.0006900545 0.002552646 0.005673322 0.006793049 0.008085886
38 0.02489233 0.02489756 0.1378421 0.1777095 0.3407921 0.3246038 0.2279886 0.2369554 0.2204639 0.2350526 0.5413326 0.5863592 0.1885127 0.185067 0.1351891 0.006583797 0.3620095 1.209329 0.01508123 1.014174 0.1473668 0.05217261 0.2074407 0.0004766301 0.0003615055 0.0005240903 0.0009488549 0.0009603796 0.001112719 1.718817 5.05201 0.003432324 0.0007379223 0.003672841 0.001492279 0.006839375 0.0002404772 0.006816999 0.005087419 0.000700238 0.002689578 0.005851203 0.007105404 0.008559531
39 0.02596312 0.02664358 0.1002977 0.1113376 0.4979282 0.5179357 0.2889591 0.3061085 0.2668175 0.2855062 0.7366581 0.7675354 0.1949642 0.2005249 0.1270161 0.0002391644 0.101693 1.129407 0.0380073 1.34223 0.1413687 0.01412189 0.05145845 0.0004859434 0.000431088 0.0004572621 0.001125738 0.0009931104 0.001340527 3.123888 4.67254 0.003385453 0.0006119002 0.003674108 0.001463905 0.006815376 0.0001393377 0.006529079 0.004832361 0.0006895807 0.002769739 0.005814417 0.006739227 0.008161385
40 0.02556902 0.02596073 0.1401751 0.1672855 0.3538023 0.3237314 0.2869739 0.3130199 0.2390556 0.2697305 0.6166438 0.5376898 0.2173784 0.1950856 0.2227816 0.01728391 0.4721919 0.8600973 0.03124737 0.8174014 0.1260526 0.008614617 0.02740853 0.0004733602 0.0003207774 0.0005868264 0.0009228361 0.0006618563 0.001283387 1.63352 8.068655 0.003350064 0.0008013441 0.003805939 0.001616773 0.007118124 0.0003347983 0.007015189 0.005105865 0.0007272963 0.003135793 0.006094606 0.007167846 0.008682275
41 0.02669972 0.02696208 0.1294078 0.1536811 0.4040939 0.4351393 0.2164077 0.2270052 0.2714914 0.3006014 0.6701239 0.6650636 0.1819486 0.1770829 0.1494265 0.01026434 0.2044267 0.9686428 0.005546183 1.046696 0.154502 0.1134461 0.1452496 0.0005567322 0.0004584943 0.0004347935 0.0009281529 0.001114008 0.001362348 1.75488 5.080111 0.003334383 0.0008200249 0.003593817 0.001458831 0.006529677 0.0002883122 0.006345828 0.004852657 0.0007214208 0.002663977 0.005590693 0.00724746 0.007894182
42 0.01209284 0.02834525 0.162036 0.1876413 0.3729752 0.372165 0.210749 0.2305802 0.1170766 0.1263272 0.8132439 0.7245561 0.4272039 0.4346841 0.1154766 0.02196925 0.08180362 0.9696538 0.01734652 1.10667 0.326719 0.03619491 0.4695671 0.0004206105 0.0002820331 0.0004445629 0.0006554961 0.0009076491 0.000925671 0.004573172 3.186893 1.408131 0.0008210232 0.003704713 0.00159851 0.006806013 0.0004704502 0.006504014 0.004906846 0.0007059182 0.00293839 0.005837315 0.007320612 0.008199096
43 0.02665083 0.02652707 0.1631366 0.1871273 0.2768261 0.2455738 0.3377049 0.3604553 0.2242018 0.2866947 0.7003139 0.7832743 0.1931175 0.2060534 0.2578259 0.01414007 0.3072484 0.6223895 0.01811614 0.3379599 0.0891414 0.02617484 0.1021287 0.0003899644 0.0002934213 0.0004799149 0.0008421429 0.0007898104 0.001020865 0.6830073 5.052249 0.008966688 0.0008311704 0.003619881 0.001537009 0.006619161 0.0006645505 0.006514391 0.0049378 0.000667164 0.002978515 0.005657723 0.006680824 0.008205874
44 0.02509329 0.02541716 0.17679 0.1936655 0.2711388 0.2504717 0.2703534 0.257479 0.2696595 0.2801621 0.609094 0.6181321 0.2200993 0.1930954 0.2231252 0.03271545 0.3882057 0.6845186 0.08723572 0.5065247 0.1658885 0.05197429 0.06584111 0.0004951816 0.0003233445 0.000565114 0.001006975 0.0008652626 0.001106572 1.412536 4.315956 0.003382936 0.000963427 0.003750136 0.001634548 0.006808072 0.0008660851 0.00664823 0.005106565 0.0007267836 0.002890349 0.005850691 0.007116966 0.008491768
45 0.02493149 0.02529419 0.1840148 0.166826 0.4089219 0.3688302 0.3069264 0.3304664 0.2810274 0.232367 0.8529105 0.8476313 0.2222784 0.1879216 0.4042596 0.0113202 0.3486467 1.021289 0.01705139 1.047818 0.1740089 0.0126985 0.120727 0.0004549639 0.0003781294 0.0005652973 0.001046308 0.001075293 0.001178486 1.24131 7.492246 0.003429333 0.0007391176 0.003848232 0.001513604 0.007065977 0.0003509264 0.006981845 0.005111165 0.0007283166 0.002838635 0.006029029 0.007235203 0.008781651
46 0.02613392 0.02641691 0.1666365 0.1578796 0.3808033 0.3632473 0.2714989 0.2635094 0.2635592 0.2529894 0.864736 0.8491814 0.2027698 0.2046223 0.2947983 0.02182746 0.283184 1.100308 0.04850448 1.062579 0.1605628 0.07310088 0.1139983 0.0003966006 0.0003110684 0.0005029439 0.0008359728 0.0007807303 0.0008578821 1.010436 4.525735 0.007314977 0.0007685738 0.003686092 0.00144535 0.006822568 0.0008119653 0.00676937 0.005308413 0.0007384688 0.002647586 0.005862562 0.007185867 0.008485956
47 0.02526637 0.02573204 0.1568806 0.1849274 0.3225511 0.2918192 0.2265164 0.2584226 0.2534976 0.278964 0.6360764 0.6513944 0.2099318 0.2067223 0.3666782 0.02802714 0.4631074 1.093722 0.02010866 0.8772011 0.09976167 0.005396724 0.2343194 0.0004480223 0.0003578335 0.0005587967 0.0009183509 0.0008144447 0.001122573 1.912913 4.419308 0.003371243 0.000831713 0.003703764 0.001550432 0.006900134 0.0003432249 0.006783196 0.005061776 0.0007006575 0.003017668 0.005896804 0.007035356 0.008519875
48 0.026118 0.02653205 0.18441 0.2303584 0.3257651 0.3579304 0.2562374 0.2544737 0.2736899 0.2625658 0.8411995 0.8055799 0.2203898 0.2045983 0.3410628 0.05544024 0.4937947 1.145269 0.04338619 1.205171 0.1916717 0.07348764 0.1122599 0.0004815258 0.0003864919 0.0004375655 0.0009040804 0.0009905827 0.00128597 2.417653 5.555927 0.003328932 0.001062841 0.003791344 0.001535329 0.007000455 0.0009400012 0.007045373 0.005336159 0.0007481077 0.00285102 0.005983173 0.007492163 0.008813252
49 0.02614617 0.02652206 0.1848345 0.1666807 0.5240569 0.455371 0.2874309 0.2846133 0.2421688 0.2338407 0.6546314 0.6438115 0.202684 0.1877299 0.4378275 0.0146774 0.2798031 0.7799879 0.01913278 0.5022259 0.1640122 0.05066702 0.07780244 0.0004272423 0.0003472844 0.0004728858 0.0009115512 0.0008164738 0.001073196 1.924727 3.679089 0.003357841 0.0007155944 0.003701447 0.001473516 0.006812507 0.0004034841 0.006603173 0.005171433 0.0006949419 0.00278519 0.005835596 0.007250454 0.008271427
50 0.02425779 0.02471736 0.1415193 0.1464234 0.3426915 0.3198093 0.2488703 0.2009493 0.2839659 0.2875857 0.7835412 0.7049836 0.2376736 0.2018181 0.2607521 0.007880192 0.3137037 1.110304 0.01514419 0.9966407 0.1311093 0.0004733996 0.03394424 0.0003402399 0.0002231025 0.0003838403 0.000693822 0.0006734653 0.0009221704 2.897127 3.540548 0.003401333 0.0005876958 0.003570343 0.001331096 0.006547359 0.000315599 0.006339049 0.004832246 0.0006689832 0.002504946 0.005607075 0.007083142 0.007952478
51 0.02651727 0.02682843 0.1372766 0.1707834 0.2225398 0.2115349 0.3056411 0.3337394 0.2772751 0.3240244 0.7312033 0.8208189 0.2055613 0.2028393 0.2403692 0.01126179 0.36922 0.3324213 0.0267596 0.3802043 0.1695263 0.02935501 0.04743883 0.0003814474 0.0002921121 0.0005236651 0.0007927271 0.0007400893 0.00100789 2.097694 1.109019 0.003305538 0.0006840072 0.003901408 0.001611771 0.007113637 0.0003481792 0.006963141 0.005052482 0.0007378188 0.003032217 0.006083331 0.007275463 0.008697129
52 0.02626783 0.02668552 0.2026377 0.2073098 0.6060353 0.6276187 0.3004697 0.3411421 0.3193242 0.3176363 0.6288385 0.6663862 0.2192957 0.2016557 0.3324721 0.01268009 0.4323235 1.028498 0.1270423 1.120178 0.1413596 0.06445875 0.186191 0.000458217 0.0003013062 0.0004952351 0.0007883997 0.0008548423 0.0009528482 2.341405 4.860559 0.003311623 0.0009033044 0.004002452 0.001550796 0.00739787 0.0004839442 0.007049745 0.005335196 0.0007870287 0.00308759 0.006326042 0.007207542 0.008838255
53 0.02716816 0.02777665 0.1314727 0.167224 0.2742396 0.2404335 0.264098 0.2895821 0.2706169 0.332668 0.8595276 0.729807 0.2187352 0.1941353 0.1730686 0.006622678 0.2947657 0.533007 0.01513701 0.4738802 0.1715986 0.11429 0.1069495 0.0005143064 0.000342795 0.0005023617 0.0009640668 0.0009353342 0.001111925 2.930883 9.189852 0.003306684 0.0008249591 0.00382875 0.00165869 0.007050079 0.0005159149 0.006971005 0.005287928 0.0007447548 0.002925191 0.006009369 0.007194029 0.008759606
54 0.02589321 0.02656725 0.1279787 0.1351154 0.3800335 0.3762118 0.2271978 0.2061641 0.2722474 0.2634354 0.8153255 0.7682293 0.2111567 0.2118285 0.2243463 0.007376471 0.204979 0.8876008 0.026466 0.6934197 0.1466397 0.01616994 0.09208021 0.0004186948 0.0003169042 0.0005080137 0.0007868324 0.0008876399 0.0009387824 1.58752 4.406358 0.003357172 0.0007449903 0.003929267 0.001483061 0.00714586 0.0006124748 0.00680744 0.005248458 0.0007346943 0.00268847 0.006106204 0.007335729 0.008533369
55 0.01249625 0.02844789 0.1506822 0.1594575 0.3186222 0.2615146 0.2613019 0.2804558 0.1265838 0.129359 0.7762435 0.7711041 0.5196477 0.5011442 0.09706422 0.02265258 0.09620909 0.6588747 0.02107372 0.387944 0.3736077 0.09675089 0.4900359 0.0004406793 0.0003450837 0.0004848662 0.0008399523 0.0009655044 0.001118455 0.004003284 1.966892 0.06398802 0.0007089632 0.003440933 0.001532796 0.006315415 0.0004800197 0.006177246 0.004538983 0.000670423 0.002752455 0.005386467 0.006384109 0.007739688
56 0.024341 0.02479997 0.1563313 0.1512429 0.2398763 0.2317416 0.3225703 0.317395 0.2391188 0.232323 0.7658586 0.8231518 0.1795913 0.1937235 0.3283228 0.00879849 0.2492897 0.8437479 0.01607932 0.6628667 0.2159135 0.01328608 0.1646158 0.0004594952 0.000365454 0.0004175252 0.0008304879 0.001030786 0.001249345 1.826237 5.310825 0.003397392 0.0008064782 0.003650202 0.001407996 0.006910313 0.0004064807 0.006710519 0.004801648 0.0006904808 0.002697103 0.005904213 0.006998761 0.008441661
57 0.02521124 0.02429736 0.1548073 0.1467993 0.3307805 0.2696856 0.3371745 0.4117628 0.2460184 0.2850236 0.6098288 0.6053646 0.2358418 0.2157055 0.278852 0.01425313 0.1290022 0.9737404 0.01077575 0.5667642 0.1683096 0.0038265 0.02757026 0.0003756059 0.000245958 0.0005695077 0.0006298579 0.0007384702 0.000789694 0.04414258 3.079222 0.004722663 0.000612203 0.003625513 0.001431392 0.006683017 0.0001925157 0.006364842 0.004735054 0.0006747055 0.002550813 0.005730254 0.006616606 0.008031287
58 0.01325303 0.02611474 0.1670253 0.1969241 0.3990746 0.351169 0.260075 0.2629849 0.1465638 0.1650034 0.5380175 0.4960712 0.497983 0.5326683 0.07585789 0.009004435 0.1019839 0.7267142 0.01665136 0.5814209 0.5193554 0.09343612 0.4126302 0.0005472553 0.0002900093 0.0004411147 0.0006886781 0.00074185 0.001066256 0.006640095 5.433747 0.07395221 0.0007738801 0.00365454 0.001373691 0.006698004 0.00025704 0.006623937 0.005024271 0.0006884778 0.002696714 0.005735761 0.006867683 0.008229361
59 0.02499576 0.02570908 0.174153 0.1805934 0.2649482 0.2006549 0.2118999 0.2140239 0.247057 0.2312872 0.5697321 0.5742958 0.1775438 0.1912196 0.3806726 0.005794334 0.4350908 0.8706243 0.04500062 0.2969338 0.1226793 0.009942818 0.1134136 0.000571419 0.0003748579 0.0004640345 0.00105661 0.0008672231 0.001304194 1.978261 2.326784 0.003377209 0.0007226046 0.003856348 0.001545818 0.006951276 0.0003868066 0.006827501 0.005020038 0.0007461737 0.002906298 0.005904781 0.00723678 0.008598842
60 0.02548258 0.02603897 0.1361448 0.1763576 0.3486903 0.3422679 0.2610259 0.2414087 0.2384512 0.2276855 0.7915405 0.6911265 0.1749006 0.170881 0.2061212 0.02240362 0.3154506 0.6338576 0.049912 0.7064499 0.1127315 0.003047162 0.1246198 0.0004188148 0.0003981974 0.0004623879 0.001057407 0.0009170527 0.001481096 1.578384 8.771778 0.003364964 0.0008697743 0.003565217 0.001473947 0.006560138 0.0006453045 0.006497036 0.005023702 0.0006705092 0.002864889 0.005609841 0.006968914 0.008184936
61 0.02600196 0.02633738 0.1623561 0.1858786 0.4184367 0.3924071 0.4994802 0.4356927 0.2689732 0.2574087 0.694079 0.668685 0.1987554 0.1862885 0.1584475 0.007853953 0.3145816 0.9832173 0.1143969 0.7370726 0.160881 0.01815827 0.04495199 0.0004887651 0.0003169519 0.0005228077 0.0008842625 0.0009204685 0.001005304 1.177306 5.323056 0.003343079 0.0008040621 0.003820848 0.001545393 0.006790518 0.000581731 0.006572398 0.005029272 0.0007228764 0.002900679 0.005796389 0.007399408 0.008261737
62 0.02558544 0.02585166 0.1395735 0.1625504 0.2544917 0.2562766 0.2305562 0.2383012 0.2359607 0.2540068 0.8369907 0.795305 0.2343243 0.2086474 0.2403082 0.01077545 0.3678367 0.8693107 0.009007099 0.7014491 0.1297851 0.03185967 0.1464799 0.0004480822 0.0003629413 0.0005761357 0.0008129759 0.001085895 0.001192315 1.882844 4.204312 0.003364631 0.0008022681 0.003668986 0.00142439 0.00658858 0.0003093014 0.006469833 0.00507668 0.0006893469 0.002626287 0.005645272 0.006918437 0.008139642
63 0.02607314 0.0264362 0.1694672 0.1658261 0.332933 0.3263125 0.2343537 0.262392 0.3322358 0.3731507 0.5546745 0.5647337 0.228213 0.2112413 0.2438112 0.01076667 0.2500373 0.6949061 0.0222231 0.5149753 0.1123441 0.01072338 0.0833463 0.0004470454 0.0003086486 0.0004152234 0.0007812543 0.0008189602 0.0009678812 1.457525 4.760474 0.003372507 0.0006941684 0.003616149 0.001462295 0.006806749 0.0003644981 0.006599136 0.004928547 0.0006856592 0.002803843 0.005837276 0.006838252 0.008220392
64 0.02503307 0.0253557 0.134535 0.1606909 0.2829486 0.2933741 0.2698199 0.2740968 0.2233524 0.2453628 0.7468574 0.6511225 0.222389 0.1801278 0.1241477 0.01477884 0.3162654 0.6319643 0.01922046 0.8137192 0.1611499 0.01452356 0.08673307 0.000530369 0.0004310099 0.0004704532 0.001202212 0.001141811 0.001426392 3.033664 3.473443 0.003387638 0.0008162013 0.003696765 0.001499693 0.006856724 0.0006216154 0.006945905 0.005222436 0.0007031492 0.003000367 0.005897214 0.007302717 0.008714821
65 0.02538548 0.02599528 0.1244589 0.1652566 0.4022406 0.3794439 0.2743168 0.2496245 0.2892589 0.3405987 0.6766411 0.654712 0.2066857 0.1987084 0.2193815 0.02907796 0.4112044 1.10212 0.03089805 0.9354959 0.1517189 0.04871783 0.09789147 0.0005043375 0.0003293101 0.0005339652 0.0007477868 0.0009371827 0.0009693363 1.208472 3.383946 0.00336281 0.0009000158 0.003721269 0.001613042 0.006872112 0.0005431725 0.006785422 0.005240918 0.0007201656 0.002923009 0.005909642 0.007174482 0.008503797
66 0.02577793 0.02607185 0.1770952 0.2220238 0.2225693 0.2140595 0.2015881 0.1933362 0.2982892 0.3490556 0.6985779 0.6319866 0.1872435 0.1980626 0.2486202 0.007503953 0.383202 0.513204 0.06326622 0.687689 0.153996 0.03636082 0.05999113 0.0004414576 0.0003331981 0.0005173393 0.0008492338 0.000952387 0.0012886 3.058341 1.884748 0.003359458 0.0007184159 0.003710454 0.00152232 0.006811735 0.0005626319 0.006722071 0.005039495 0.0006969715 0.002842265 0.005813043 0.007286071 0.008429566
67 0.02625568 0.02662325 0.1687937 0.1844111 0.3272983 0.2781371 0.1924069 0.2207197 0.2657141 0.2672889 0.5971801 0.6792602 0.168677 0.1743905 0.321949 0.0115438 0.4882246 1.104895 0.02303224 0.9449197 0.06956346 0.002895492 0.1803961 0.0004671426 0.0004138867 0.000388617 0.0009711036 0.001053276 0.001400788 3.700786 6.440234 0.003377829 0.000857941 0.003933989 0.001482029 0.007151115 0.0005560138 0.007083556 0.005198834 0.000734097 0.002741513 0.006131005 0.007471057 0.00880334
68 0.02638044 0.02671743 0.1239487 0.1548056 0.3450622 0.2659983 0.2968626 0.2814869 0.2854623 0.3181603 0.8251206 0.8540569 0.1946834 0.1985329 0.182617 0.02133412 0.3678779 0.6905938 0.04404681 0.4920272 0.1130269 0.005199177 0.1482471 0.0006348752 0.0003249634 0.0005428764 0.001003642 0.0008024867 0.001101723 3.49159 6.33896 0.003393099 0.0008189258 0.003666297 0.001508843 0.006866353 0.0004045076 0.0065996 0.005024743 0.0006948166 0.002782619 0.00586779 0.006780417 0.008191818
69 0.02633554 0.02655315 0.2097707 0.2099032 0.2983607 0.2772668 0.2126699 0.1732439 0.3100071 0.3312757 0.6550749 0.7004441 0.2371908 0.2090626 0.3249232 0.01414783 0.3864758 0.9407198 0.03012546 0.8416025 0.1400626 0.01894345 0.04263809 0.0004082541 0.0003439239 0.0005079387 0.0009592292 0.0006649963 0.001166995 1.442685 4.913201 0.003342295 0.0008755752 0.003891613 0.001573113 0.00713456 0.0004115946 0.007082766 0.005186344 0.000773422 0.002981479 0.006099496 0.007539429 0.00887258
70 0.01202913 0.02768051 0.1310167 0.1384428 0.3277561 0.310543 0.3493318 0.2987698 0.1229334 0.1231563 0.7023299 0.6464381 0.4747156 0.4427835 0.08560489 0.01806471 0.08342295 0.9578076 0.04331508 0.7615413 0.565059 0.5213543 0.3896509 0.0004411646 0.0002782982 0.0003952562 0.000681054 0.0009548738 0.0007537196 0.00347981 5.109733 1.247666 0.0009161954 0.003609622 0.001460759 0.006657945 0.0006948059 0.006502673 0.004681049 0.0006786189 0.002767127 0.00567833 0.007196331 0.008203458
71 0.0245079 0.02471367 0.1332504 0.124028 0.2153201 0.2289343 0.2446043 0.2203355 0.2803429 0.2683477 0.8354324 0.8010726 0.1881763 0.1852477 0.2228714 0.01252969 0.1691153 0.5450545 0.01008453 0.8159348 0.1876264 0.05203153 0.08096767 0.0005183908 0.0003390997 0.0006136803 0.0009632175 0.0009156349 0.001122536 1.505952 2.296729 0.003407875 0.0007340988 0.003712127 0.001557774 0.006934947 0.0003889707 0.006689316 0.005033716 0.0007086062 0.002911492 0.005925258 0.007008357 0.008378355
72 0.02525398 0.02547074 0.1259871 0.1352665 0.321076 0.3088285 0.2904935 0.2602616 0.2756003 0.2518666 0.662936 0.6118732 0.2592943 0.2104014 0.2849942 0.0109614 0.2000916 0.8557104 0.3596889 0.78279 0.1676439 0.04240393 0.04482695 0.0004547733 0.0004820139 0.0004583525 0.001316432 0.0009785038 0.001928081 2.050066 3.409295 0.003374659 0.0009039703 0.003745966 0.00144916 0.006838825 0.0007169332 0.006842746 0.004988239 0.0007684118 0.002797861 0.005862127 0.007522593 0.008709197
73 0.02495952 0.02518209 0.1376315 0.1624558 0.2661921 0.2783363 0.2782215 0.2306132 0.2670708 0.2654445 0.634739 0.577927 0.1953824 0.1782099 0.2841927 0.01009802 0.3575263 0.3960687 0.05134012 0.5179154 0.2189393 0.1372352 0.0603815 0.0005530613 0.0003256895 0.0004178149 0.0006577955 0.001095275 0.0009965427 1.637431 4.46201 0.003380838 0.0008177744 0.003638216 0.001449068 0.006712151 0.0004683029 0.006684885 0.005258823 0.0007076434 0.0027713 0.005724735 0.007050513 0.00842001
74 0.02601364 0.02587137 0.18399 0.2024824 0.3272191 0.3156354 0.3283961 0.3663345 0.235147 0.2764738 0.6717018 0.7390327 0.2276645 0.2122563 0.328233 0.02795144 0.4687208 0.916217 0.05671433 0.8468941 0.1734486 0.04574281 0.1717393 0.0005284923 0.0003458627 0.000437667 0.0008681621 0.001064519 0.0009003751 3.114982 4.141302 0.003334669 0.0007358096 0.003832654 0.001491012 0.006960444 0.0005814437 0.006769256 0.005136589 0.0008251342 0.002815435 0.005930951 0.007159877 0.008493349
75 0.02580571 0.02600653 0.176319 0.1986876 0.2667567 0.2263848 0.3449474 0.3233716 0.268531 0.2557049 0.6725258 0.7025865 0.2051829 0.2110933 0.2994805 0.07261819 0.556401 0.6527866 0.01269612 0.3712088 0.1714548 0.04222238 0.09278231 0.0004897882 0.0003537386 0.0004551824 0.0009000109 0.001055113 0.00115472 1.938311 3.187271 0.003340111 0.0007710677 0.003653945 0.001410832 0.006709606 0.0004488123 0.006534915 0.004804253 0.0006893994 0.00257802 0.00572948 0.006763258 0.008194483
76 0.02503758 0.0255 0.1597318 0.1891856 0.3317157 0.3640914 0.3054883 0.3310574 0.2483601 0.2852568 0.7039228 0.7419899 0.182641 0.1964581 0.3274811 0.04447093 0.3716847 0.7862505 0.1008956 0.8944317 0.1404889 0.06052463 0.1570301 0.000547124 0.0003224928 0.0004597884 0.00075105 0.0009749286 0.001006753 1.658336 3.779326 0.003371245 0.001180898 0.003542719 0.001522489 0.00668837 0.0008091976 0.00666858 0.005159637 0.000681165 0.002862091 0.005751025 0.006996839 0.008409142
77 0.02634944 0.02674632 0.1673245 0.1906743 0.4879086 0.4405108 0.3583216 0.3319232 0.2517115 0.290762 0.6443758 0.5970325 0.1948506 0.2047311 0.3618663 0.0342662 0.3592844 0.8889603 0.07322398 0.6321236 0.1741318 0.05913029 0.1646372 0.0004698524 0.0003704616 0.0006170825 0.0008930699 0.001113463 0.001162092 0.8096189 3.399432 0.003378407 0.001064139 0.003682948 0.001559928 0.006868963 0.0004129233 0.006683038 0.005216226 0.0007811519 0.00299408 0.005864876 0.007370861 0.008346982
78 0.02541998 0.02588869 0.1542314 0.1779734 0.419148 0.4275297 0.2549663 0.2635596 0.2724561 0.3143595 0.6608539 0.5947857 0.2065922 0.197408 0.2700817 0.05704831 0.3946764 0.9409311 0.01672636 0.9266034 0.131594 0.02226541 0.06155519 0.0004494636 0.0003436255 0.000458547 0.000988384 0.0008697315 0.001120494 1.493897 5.515679 0.003403538 0.000887197 0.003731512 0.001414004 0.006971053 0.0005671636 0.006701939 0.005149465 0.0007103953 0.002704505 0.005933206 0.007033743 0.008463428
79 0.0257021 0.0258343 0.1653793 0.1762782 0.4643291 0.4536137 0.2891995 0.2910573 0.2292134 0.2856295 0.8273386 0.8210754 0.225929 0.2197742 0.3506163 0.03047777 0.3725049 1.263009 0.007813626 1.17347 0.1727678 0.06980505 0.1407077 0.0004111627 0.0002866017 0.0004655598 0.0007386191 0.0009104757 0.0009611259 1.97938 3.927974 0.003347996 0.0006462991 0.003632307 0.001372474 0.006557552 0.0004577879 0.006619078 0.00497674 0.0006851623 0.002758457 0.005647444 0.007031332 0.008244905
80 0.0265426 0.02696768 0.1419591 0.1748985 0.3270746 0.3627995 0.2056963 0.1617188 0.2464357 0.3106362 0.6822146 0.6274106 0.1650689 0.1731292 0.2682518 0.01230224 0.3477514 0.956657 0.01253873 1.216895 0.1346438 0.002250521 0.04716307 0.0003742598 0.0003135197 0.0003995889 0.0007782457 0.0007761609 0.001049622 1.559855 3.579506 0.003364617 0.000592756 0.003884993 0.0015803 0.0072314 0.0003037796 0.007169903 0.005132261 0.0007354074 0.002887513 0.006193193 0.007419119 0.008953198
81 0.01186964 0.02903505 0.1762958 0.2014637 0.3045762 0.2988657 0.2512025 0.2520955 0.1134894 0.1265814 0.7247258 0.7454019 0.4876884 0.5006749 0.09360147 0.03145645 0.08604071 1.258026 0.02599059 0.9414037 0.7024028 0.009436474 0.5880117 0.0004088627 0.0003125635 0.0004434713 0.0008470194 0.0008175325 0.001151634 0.003299567 2.561899 1.999552 0.0005518343 0.003614835 0.001476388 0.006679497 0.0003100163 0.006550542 0.004916973 0.0006842796 0.00289455 0.005786556 0.006823782 0.008173369
82 0.0265354 0.0267342 0.1503042 0.1736221 0.3707301 0.3262684 0.3465739 0.3303893 0.2603374 0.2982866 0.587318 0.6165939 0.1964871 0.2008199 0.1693213 0.01740237 0.2513501 0.9074785 0.01332213 0.6978108 0.1446898 0.01876218 0.103475 0.0004251351 0.000384622 0.0004764875 0.0009278262 0.0009290164 0.001200327 2.154732 3.190977 0.003341899 0.0007613456 0.003609484 0.001537642 0.006668203 0.0004307287 0.006661776 0.005022491 0.0006881161 0.002679694 0.00570474 0.006852872 0.008369143
83 0.02500018 0.02561572 0.1134219 0.1360053 0.3765448 0.3651891 0.2664948 0.2750702 0.2843158 0.2953491 0.6764603 0.7117494 0.2119432 0.2228165 0.1459489 0.005306124 0.2627346 0.6273545 0.01044824 0.7284807 0.1116361 0.01709511 0.07950555 0.0004851186 0.0004362643 0.0005550222 0.001010353 0.001026386 0.0011737 1.693032 3.586344 0.003384734 0.0007819966 0.003485506 0.001427292 0.006487101 0.0004458557 0.006358359 0.00491263 0.0006606817 0.002618093 0.005558205 0.006980185 0.007958308
84 0.02465714 0.02507922 0.142115 0.1606017 0.3701011 0.4027961 0.263196 0.2458594 0.2711336 0.2868441 0.7337302 0.7522635 0.2197664 0.2072799 0.2010727 0.01207562 0.2481994 0.6278923 0.005241681 0.6751232 0.1512497 0.05020971 0.116016 0.0004231522 0.0003020016 0.0004484506 0.0007566711 0.0008881166 0.001094523 1.15516 1.684535 0.003421104 0.000696029 0.003399785 0.001382303 0.006256511 0.0004101037 0.006182416 0.004759853 0.0006448188 0.002525484 0.005374409 0.00673474 0.007730668
85 0.02465517 0.02500884 0.1538281 0.1684244 0.314985 0.3538063 0.3083376 0.2955363 0.2735333 0.2405581 0.6989197 0.7232908 0.2300507 0.2220882 0.2865241 0.0077687 0.400668 0.6399966 0.03283457 0.8714338 0.1420693 0.006069208 0.09100531 0.0005024686 0.0003229121 0.0005084504 0.0007717144 0.0008900127 0.001120359 1.787813 4.323718 0.003377603 0.0007506697 0.003575426 0.001479853 0.006691266 0.0004854076 0.006621518 0.004933993 0.0006725529 0.002706299 0.00571259 0.006832136 0.008317711
86 0.02722958 0.02752185 0.1294301 0.1463189 0.8533172 0.7781722 0.2492521 0.2434675 0.2531364 0.2554751 0.706242 0.650661 0.2107227 0.1989032 0.1555473 0.003355803 0.2261744 1.948994 0.02505597 1.882984 0.1601723 0.02555479 0.1735985 0.0004464694 0.0003930421 0.0006046075 0.0008614193 0.0009428448 0.001191021 1.710451 4.975801 0.003281338 0.000659297 0.00389995 0.001639818 0.00715427 0.0003353636 0.007004186 0.005470022 0.0007510888 0.003036953 0.006105129 0.008154782 0.00883274
87 0.02589811 0.02607081 0.2532638 0.260099 0.2621892 0.2533271 0.2891096 0.3392247 0.2666497 0.3394573 0.761748 0.7289143 0.1692437 0.1721339 0.4234883 0.009811344 0.4739807 0.8480225 0.007131075 0.8109145 0.1121116 0.01427648 0.1602118 0.0004364618 0.0003284814 0.0004725738 0.0008286144 0.0009292825 0.001190837 2.500263 2.639555 0.003345224 0.0006411735 0.00377119 0.001441307 0.006872128 0.0002844188 0.006685589 0.004933554 0.0007210187 0.002768802 0.00586642 0.007226836 0.008380698
88 0.01566858 0.02277034 0.1207541 0.1359003 0.3424216 0.3096401 0.1897834 0.1898242 0.1384843 0.1469474 0.649629 0.618582 0.3745897 0.4049874 0.06835033 0.01090457 0.1086411 1.046347 0.0233586 0.9397414 0.4627931 0.01132368 0.4073086 0.0004753634 0.000306293 0.000447744 0.0008081119 0.0009351774 0.000976605 0.008243789 5.505175 0.03299411 0.0006536866 0.003441981 0.001452586 0.00618199 0.0003986013 0.006246037 0.004759928 0.000665462 0.002702341 0.005272602 0.0067711 0.007846352
89 0.02549036 0.0257429 0.1340947 0.1384022 0.294203 0.237229 0.3008049 0.3001616 0.338619 0.3248198 0.596135 0.641335 0.2362623 0.1930596 0.1692193 0.009711043 0.2326939 0.7905997 0.01024788 0.562386 0.1332719 0.0123069 0.06104592 0.0004286627 0.0003059461 0.0004339249 0.0008164942 0.0007738893 0.001065223 0.6604505 6.336317 0.008451642 0.0006880054 0.003836306 0.001510694 0.007055935 0.0001054481 0.006749652 0.004981659 0.0007531795 0.002641553 0.006004768 0.007056924 0.008426704
90 0.02511715 0.02559832 0.1681401 0.1807798 0.3566838 0.3243321 0.2888868 0.2950634 0.24667 0.2895767 0.8241149 0.8027819 0.2368756 0.2023289 0.4813863 0.0005377598 0.532505 1.067105 0.00765347 0.8654129 0.1769591 0.03455441 0.06996899 0.0004979421 0.0003458994 0.0003829447 0.0007854899 0.0009634116 0.001058773 1.198919 3.530499 0.003378733 0.0005950525 0.003780738 0.001502024 0.007099379 0.0001842101 0.006842974 0.00501902 0.0007108666 0.002763963 0.006080222 0.007371842 0.008579141
91 0.02690338 0.02270137 0.1459021 0.1410803 0.2726625 0.2325706 0.2609253 0.2462565 0.2545453 0.2557016 0.8576814 0.8314701 0.2517283 0.262186 0.2101563 0.01282698 0.2331054 0.6437981 0.002497159 0.5327302 0.1186789 0.002484548 0.1023268 0.0004035256 0.00039146 0.0005017421 0.00112679 0.0007896695 0.001226526 0.04208076 2.13617 0.01535471 0.0006276674 0.00359597 0.001501739 0.006632238 0.0001428341 0.006523817 0.004811575 0.0006822822 0.002743876 0.005657467 0.006809248 0.008145262
92 0.02562797 0.02595333 0.1527473 0.1700198 0.4906656 0.4354294 0.3437874 0.3660371 0.2594284 0.2680161 0.8241298 0.7421705 0.1746195 0.1820504 0.3153496 0.03764493 0.4924724 1.195502 0.02293957 1.131586 0.1839789 0.04100297 0.07039029 0.0003762001 0.0002927404 0.0003905445 0.0007125094 0.0008364097 0.0008493925 2.842567 4.830152 0.003368053 0.000681647 0.00364512 0.001481914 0.006781649 0.0005272806 0.006682692 0.004811886 0.0007082418 0.002757328 0.005808087 0.006858758 0.008353865
93 0.02550044 0.02564054 0.1843713 0.2160322 0.3155516 0.2936613 0.2840626 0.3034022 0.2602586 0.3069622 0.6507245 0.663372 0.2076493 0.2027989 0.2942824 0.01159087 0.4890863 0.6280324 0.01099189 0.4650941 0.184933 0.0670606 0.1352475 0.0004296115 0.000337576 0.0004801992 0.0007772542 0.001047625 0.001137112 1.066123 2.515359 0.00343554 0.0007627102 0.003488114 0.001482412 0.006403355 0.0005437246 0.006376227 0.004748172 0.0006630878 0.002588828 0.005469028 0.0067044 0.007964118
94 0.02626628 0.02648057 0.1262005 0.1398237 0.4858577 0.3948506 0.403957 0.4090374 0.3187869 0.3037106 0.6858203 0.6991489 0.217261 0.2194936 0.15146 0.001647013 0.2352487 0.8431483 0.06734213 0.630584 0.161976 0.06204398 0.1350604 0.0004105403 0.0002653424 0.0006145707 0.0006716946 0.00081375 0.0009606843 0.5151256 3.697143 0.00629436 0.0007134497 0.003797892 0.001564931 0.007175338 0.0004375212 0.007167877 0.005169643 0.0007289716 0.002985661 0.006135997 0.007112325 0.008981433
95 0.02627172 0.026501 0.1302076 0.1658922 0.3573371 0.3496142 0.2781087 0.3297816 0.298939 0.3296258 0.4782983 0.517411 0.203588 0.1986519 0.2442676 0.004853807 0.1680069 0.710413 0.08060012 0.6368269 0.1075524 0.005630589 0.0735515 0.00037814 0.0002270573 0.0004944255 0.0006937029 0.0005790348 0.001053976 2.605319 2.383275 0.003294875 0.0007349262 0.003556494 0.001538955 0.0065196 0.0005490427 0.006424727 0.004836256 0.0006794486 0.00297189 0.005562264 0.006747637 0.008034395
96 0.02525569 0.02561777 0.1561961 0.1557116 0.3006476 0.2877688 0.302447 0.3414462 0.2613038 0.3026331 0.6703259 0.7200627 0.2032205 0.2041188 0.2047788 0.04496656 0.3793756 1.2359 0.02813773 0.9225924 0.1395946 0.05662308 0.1114118 0.0005278883 0.0003670952 0.0005386344 0.001101357 0.0009271746 0.001327792 1.763274 6.187904 0.003371343 0.001011714 0.00374535 0.001441627 0.006936727 0.0007439753 0.006730097 0.004947515 0.0007181514 0.002745558 0.005894926 0.006829071 0.008458752
97 0.02634944 0.02674632 0.1673245 0.1906743 0.4879086 0.4405108 0.3583216 0.3319232 0.2517115 0.290762 0.6443758 0.5970325 0.1948506 0.2047311 0.3618663 0.0342662 0.3592844 0.8889603 0.07322398 0.6321236 0.1741318 0.05913029 0.1646372 0.0004698524 0.0003704616 0.0006170825 0.0008930699 0.001113463 0.001162092 0.8096189 3.399432 0.003378407 0.001064139 0.003682948 0.001559928 0.006868963 0.0004129233 0.006683038 0.005216226 0.0007811519 0.00299408 0.005864876 0.007370861 0.008346982
98 0.02614938 0.02665733 0.1629578 0.1682723 0.3538367 0.3330606 0.3020484 0.2915725 0.2772532 0.3028532 0.7203067 0.6774511 0.2164441 0.1854699 0.334713 0.01816239 0.2768641 0.8825351 0.01451445 0.4891412 0.2086778 0.1705838 0.1122682 0.0004122389 0.0003514076 0.0005473774 0.000935804 0.0009454135 0.001524523 2.059032 6.84836 0.003303 0.0007428485 0.003917839 0.001643673 0.007250825 0.0005853553 0.007184479 0.005073773 0.000748483 0.002993479 0.006212995 0.007472892 0.009066442
99 0.02566088 0.02610453 0.1266233 0.1480228 0.4767586 0.4427853 0.4375542 0.423631 0.2827593 0.2698644 0.8965947 0.8298548 0.193716 0.1975662 0.2643284 0.007854652 0.3552094 1.617541 0.03248338 1.512659 0.1234805 0.0367006 0.118491 0.000374227 0.0002938406 0.0004374275 0.0007475499 0.0007308455 0.001111203 2.926889 3.569354 0.003325202 0.000815055 0.003698259 0.00149937 0.006865614 0.0004592683 0.006796591 0.004937915 0.0006993976 0.002836681 0.005879977 0.00704289 0.008420272
100 0.02577793 0.02607185 0.1770952 0.2220238 0.2225693 0.2140595 0.2015881 0.1933362 0.2982892 0.3490556 0.6985779 0.6319866 0.1872435 0.1980626 0.2486202 0.007503953 0.383202 0.513204 0.06326622 0.687689 0.153996 0.03636082 0.05999113 0.0004414576 0.0003331981 0.0005173393 0.0008492338 0.000952387 0.0012886 3.058341 1.884748 0.003359458 0.0007184159 0.003710454 0.00152232 0.006811735 0.0005626319 0.006722071 0.005039495 0.0006969715 0.002842265 0.005813043 0.007286071 0.008429566
