48 80 121 36 1.2 NA NA 15.4 44 7800 5.2 1
 7  50 NA  18.0  0.80 NA NA 11.3 38  6000 NA 1
62  80 423  53.0  1.80 NA NA  9.6 31  7500 NA 1
48  70 117  56.0  3.80 111.0  2.5 11.2 32  6700 3.9 1
51  80 106  26.0  1.40 NA NA 11.6 35  7300 4.6 1
60  90  74  25.0  1.10 142.0  3.2 12.2 39  7800 4.4 1
68  70 100  54.0 24.00 104.0  4.0 12.4 36 NA NA 1
24 NA 410  31.0  1.10 NA NA 12.4 44  6900 5.0 1
52 100 138  60.0  1.90 NA NA 10.8 33  9600 4.0 1
53  90  70 107.0  7.20 114.0  3.7  9.5 29 12100 3.7 1
50  60 490  55.0  4.00 NA NA  9.4 28 NA NA 1
63  70 380  60.0  2.70 131.0  4.2 10.8 32  4500 3.8 1
68  70 208  72.0  2.10 138.0  5.8  9.7 28 12200 3.4 1
68  70  98  86.0  4.60 135.0  3.4  9.8 NA NA NA 1
68  80 157  90.0  4.10 130.0  6.4  5.6 16 11000 2.6 1
40  80  76 162.0  9.60 141.0  4.9  7.6 24  3800 2.8 1
47  70  99  46.0  2.20 138.0  4.1 12.6 NA NA NA 1
47  80 114  87.0  5.20 139.0  3.7 12.1 NA NA NA 1
60 100 263  27.0  1.30 135.0  4.3 12.7 37 11400 4.3 1
62  60 100  31.0  1.60 NA NA 10.3 30  5300 3.7 1
61  80 173 148.0  3.90 135.0  5.2  7.7 24  9200 3.2 1
60  90 NA 180.0 76.00   4.5 NA 10.9 32  6200 3.6 1
48  80  95 163.0  7.70 136.0  3.8  9.8 32  6900 3.4 1
21  70 NA NA NA NA NA NA NA NA NA 1
42 100 NA  50.0  1.40 129.0  4.0 11.1 39  8300 4.6 1
61  60 108  75.0  1.90 141.0  5.2  9.9 29  8400 3.7 1
75  80 156  45.0  2.40 140.0  3.4 11.6 35 10300 4.0 1
69  70 264  87.0  2.70 130.0  4.0 12.5 37  9600 4.1 1
75  70 123  31.0  1.40 NA NA NA NA NA NA 1
68  70 NA  28.0  1.40 NA NA 12.9 38 NA NA 1
NA  70  93 155.0  7.30 132.0  4.9 NA NA NA NA 1
73  90 107  33.0  1.50 141.0  4.6 10.1 30  7800 4.0 1
61  90 159  39.0  1.50 133.0  4.9 11.3 34  9600 4.0 1
60 100 140  55.0  2.50 NA NA 10.1 29 NA NA 1
70  70 171 153.0  5.20 NA NA NA NA NA NA 1
65  90 270  39.0  2.00 NA NA 12.0 36  9800 4.9 1
76  70  92  29.0  1.80 133.0  3.9 10.3 32 NA NA 1
72  80 137  65.0  3.40 141.0  4.7  9.7 28  6900 2.5 1
69  80 NA 103.0  4.10 132.0  5.9 12.5 NA NA NA 1
82  80 140  70.0  3.40 136.0  4.2 13.0 40  9800 4.2 1
46  90  99  80.0  2.10 NA NA 11.1 32  9100 4.1 1
45  70 NA  20.0  0.70 NA NA NA NA NA NA 1
47 100 204  29.0  1.00 139.0  4.2  9.7 33  9200 4.5 1
35  80  79 202.0 10.80 134.0  3.4  7.9 24  7900 3.1 1
54  80 207  77.0  6.30 134.0  4.8  9.7 28 NA NA 1
54  80 208  89.0  5.90 130.0  4.9  9.3 NA NA NA 1
48  70 124  24.0  1.20 142.0  4.2 12.4 37  6400 4.7 1
11  80 NA  17.0  0.80 NA NA 15.0 45  8600 NA 1
73  70  70  32.0  0.90 125.0  4.0 10.0 29 18900 3.5 1
60  70 144  72.0  3.00 NA NA  9.7 29 21600 3.5 1
53  60  91 114.0  3.25 142.0  4.3  8.6 28 11000 3.8 1
54 100 162  66.0  1.60 136.0  4.4 10.3 33 NA NA 1
53  90 NA  38.0  2.20 NA NA 10.9 34  4300 3.7 1
62  80 246  24.0  1.00 NA NA 13.6 40  8500 4.7 1
63  80 NA NA  3.40 136.0  4.2 13.0 40  9800 4.2 1
35  80 NA NA NA NA NA  9.5 28 NA NA 1
76  70 NA 164.0  9.70 131.0  4.4 10.2 30 11300 3.4 1
76  90  93 155.0  7.30 132.0  4.9 NA NA NA NA 1
73  80 253 142.0  4.60 138.0  5.8 10.5 33  7200 4.3 1
59 100 NA  96.0  6.40 NA NA  6.6 NA NA NA 1
67  90 141  66.0  3.20 138.0  6.6 NA NA NA NA 1
67  80 182 391.0 32.00 163.0 39.0 NA NA NA NA 1
15  60  86  15.0  0.60 138.0  4.0 11.0 33  7700 3.8 1
46  70 150 111.0  6.10 131.0  3.7  7.5 27 NA NA 1
55  80 146 NA NA NA NA  9.8 NA NA NA 1
44  90 NA  20.0  1.10 NA NA 15.0 48 NA NA 1
67  70 150  55.0  1.60 131.0  4.8 NA NA NA NA 1
45  80 425 NA NA NA NA NA NA NA NA 1
65  70 112  73.0  3.30 NA NA 10.9 37 NA NA 1
26  70 250  20.0  1.10 NA NA 15.6 52  6900 6.0 1
61  80 360  19.0  0.70 137.0  4.4 15.2 44  8300 5.2 1
46  60 163  92.0  3.30 141.0  4.0  9.8 28 14600 3.2 1
64  90 NA  35.0  1.30 NA NA 10.3 NA NA NA 1
NA 100 129 107.0  6.70 132.0  4.4  4.8 14  6300 NA 1
56  90 129 107.0  6.70 131.0  4.8  9.1 29  6400 3.4 1
 5 NA NA  16.0  0.70 138.0  3.2  8.1 NA NA NA 1
48  80 133 139.0  8.50 132.0  5.5 10.3 36  6200 4.0 1
67  70 102  48.0  3.20 137.0  5.0 11.9 34  7100 3.7 1
70  80 158  85.0  3.20 141.0  3.5 10.1 30 NA NA 1
56  80 165  55.0  1.80 NA NA 13.5 40 11800 5.0 1
74  80 132  98.0  2.80 133.0  5.0 10.8 31  9400 3.8 1
45  90 360  45.0  2.40 128.0  4.4  8.3 29  5500 3.7 1
38  70 104  77.0  1.90 140.0  3.9 NA NA NA NA 1
48  70 127  19.0  1.00 134.0  3.6 NA NA NA NA 1
59  70  76 186.0 15.00 135.0  7.6  7.1 22  3800 2.1 1
70  70 NA  46.0  1.50 NA NA  9.9 NA NA NA 1
56  80 415  37.0  1.90 NA NA NA NA NA NA 1
70 100 169  47.0  2.90 NA NA 11.1 32  5800 5.0 1
58 110 251  52.0  2.20 NA NA NA NA 13200 4.7 1
50  70 109  32.0  1.40 139.0  4.7 NA NA NA NA 1
63 100 280  35.0  3.20 143.0  3.5 13.0 40  9800 4.2 1
56  70 210  26.0  1.70 136.0  3.8 16.1 52 12500 5.6 1
71  70 219  82.0  3.60 133.0  4.4 10.4 33  5600 3.6 1
73 100 295  90.0  5.60 140.0  2.9  9.2 30  7000 3.2 1
65  70  93  66.0  1.60 137.0  4.5 11.6 36 11900 3.9 1
62  90  94  25.0  1.10 131.0  3.7 NA NA NA NA 1
60  80 172  32.0  2.70 NA NA 11.2 36 NA NA 1
65  60  91  51.0  2.20 132.0  3.8 10.0 32  9100 4.0 1
50 140 101 106.0  6.50 135.0  4.3  6.2 18  5800 2.3 1
56 180 298  24.0  1.20 139.0  3.9 11.2 32 10400 4.2 1
34  70 153  22.0  0.90 133.0  3.8 NA NA NA NA 1
71  90  88  80.0  4.40 139.0  5.7 11.3 33 10700 3.9 1
17  60  92  32.0  2.10 141.0  4.2 13.9 52  7000 NA 1
76  70 226 217.0 10.20 NA NA 10.2 36 12700 4.2 1
55  90 143  88.0  2.00 NA NA NA NA NA NA 1
65  80 115  32.0 11.50 139.0  4.0 14.1 42  6800 5.2 1
50  90  89 118.0  6.10 127.0  4.4  6.0 17  6500 NA 1
55 100 297  53.0  2.80 139.0  4.5 11.2 34 13600 4.4 1
45  80 107  15.0  1.00 141.0  4.2 11.8 37 10200 4.2 1
54  70 233  50.1  1.90 NA NA 11.7 NA NA NA 1
63  90 123  19.0  2.00 142.0  3.8 11.7 34 11400 4.7 1
65  80 294  71.0  4.40 128.0  5.4 10.0 32  9000 3.9 1
NA  60 NA  34.0  1.20 NA NA 10.8 33 NA NA 1
61  90 NA NA NA NA NA NA NA  9800 NA 1
12  60 NA  51.0  1.80 NA NA 12.1 NA 10300 NA 1
47  80 NA  28.0  0.90 NA NA 12.4 44  5600 4.3 1
NA  70 104  16.0  0.50 NA NA NA NA NA NA 1
NA  70 219  36.0  1.30 139.0  3.7 12.5 37  9800 4.4 1
55  70  99  25.0  1.20 NA NA 11.4 NA NA NA 1
60  70 140  27.0  1.20 NA NA NA NA NA NA 1
72  90 323  40.0  2.20 137.0  5.3 12.6 NA NA NA 1
54  60 125  21.0  1.30 137.0  3.4 15.0 46 NA NA 1
34  70 NA 219.0 12.20 130.0  3.8  6.0 NA NA NA 1
43  80 NA  30.0  1.10 NA NA 14.0 42 14900 NA 1
65 100  90  98.0  2.50 NA NA  9.1 28  5500 3.6 1
72  90 308  36.0  2.50 131.0  4.3 NA NA NA NA 1
70  90 144 125.0  4.00 136.0  4.6 12.0 37  8200 4.5 1
71  60 118 125.0  5.30 136.0  4.9 11.4 35 15200 4.3 1
52  90 224 166.0  5.60 133.0 47.0  8.1 23  5000 2.9 1
75  70 158  49.0  1.40 135.0  4.7 11.1 NA NA NA 1
50  90 128 208.0  9.20 134.0  4.8  8.2 22 16300 2.7 1
 5  50 NA  25.0  0.60 NA NA 11.8 36 12400 NA 1
50 NA 219 176.0 13.80 136.0  4.5  8.6 24 13200 2.7 1
70 100 118 125.0  5.30 136.0  4.9 12.0 37  8400 8.0 1
47 100 122 NA 16.90 138.0  5.2 10.8 33 10200 3.8 1
48  80 214  24.0  1.30 140.0  4.0 13.2 39 NA NA 1
46  90 213  68.0  2.80 146.0  6.3  9.3 NA NA NA 1
45  60 268  86.0  4.00 134.0  5.1 10.0 29  9200 NA 1
73 NA  95  51.0  1.60 142.0  3.5 NA NA NA NA 1
41  70 NA  68.0  2.80 132.0  4.1 11.1 33 NA NA 1
69  70 256  40.0  1.20 142.0  5.6 NA NA NA NA 1
67  70 NA 106.0  6.00 137.0  4.9  6.1 19  6500 NA 1
72  90  84 145.0  7.10 135.0  5.3 NA NA NA NA 1
41  80 210 165.0 18.00 135.0  4.7 NA NA NA NA 1
60  90 105  53.0  2.30 136.0  5.2 11.1 33 10500 4.1 1
57  90 NA 322.0 13.00 126.0  4.8  8.0 24  4200 3.3 1
53 100 213  23.0  1.00 139.0  4.0 NA NA NA NA 1
60  60 288  36.0  1.70 130.0  3.0  7.9 25 15200 3.0 1
69  60 171  26.0 48.10 NA NA NA NA NA NA 1
65  70 139  29.0  1.00 NA NA 10.5 32 NA NA 1
 8  60  78  27.0  0.90 NA NA 12.3 41  6700 NA 1
76  90 172  46.0  1.70 141.0  5.5  9.6 30 NA NA 1
39  70 121  20.0  0.80 133.0  3.5 10.9 32 NA NA 1
55  90 273 235.0 14.20 132.0  3.4  8.3 22 14600 2.9 1
56  90 242 132.0 16.40 140.0  4.2  8.4 26 NA 3.0 1
50  70 123  40.0  1.80 NA NA 11.1 36  4700 NA 1
66  90 153  76.0  3.30 NA NA NA NA NA NA 1
62  70 122  42.0  1.70 136.0  4.7 12.6 39  7900 3.9 1
71  60 424  48.0  1.50 132.0  4.0 10.9 31 NA NA 1
59  80 303  35.0  1.30 122.0  3.5 10.4 35 10900 4.3 1
81  60 148  39.0  2.10 147.0  4.2 10.9 35  9400 2.4 1
62 NA NA NA NA NA NA 14.3 42 10200 4.8 1
59  70 204  34.0  1.50 124.0  4.1  9.8 37  6000 NA 1
46  80 160  40.0  2.00 140.0  4.1  9.0 27  8100 3.2 1
14 NA 192  15.0  0.80 137.0  4.2 14.3 40  9500 5.4 1
60  80 NA NA NA NA NA NA NA NA NA 1
27  60  76  44.0  3.90 127.0  4.3 NA NA NA NA 1
34  70 139  19.0  0.90 NA NA 12.7 42  2200 NA 1
65  70 307  28.0  1.50 NA NA 11.0 39  6700 NA 1
NA  70 220  68.0  2.80 NA NA  8.7 27 NA NA 1
66  70 447  41.0  1.70 131.0  3.9 12.5 33  9600 4.4 1
83  70 102  60.0  2.60 115.0  5.7  8.7 26 12800 3.1 1
62  80 309 113.0  2.90 130.0  2.5 10.6 34 12800 4.9 1
17  70  22   1.5  7.30 145.0  2.8 13.1 41 11200 NA 1
54  70 111 146.0  7.50 141.0  4.7 11.0 35  8600 4.6 1
60  50 261  58.0  2.20 113.0  3.0 NA NA  4200 3.4 1
21  90 107  40.0  1.70 125.0  3.5  8.3 23 12400 3.9 1
65  80 215 133.0  2.50 NA NA 13.2 41 NA NA 1
42  90  93 153.0  2.70 139.0  4.3  9.8 34  9800 NA 1
72  90 124  53.0  2.30 NA NA 11.9 39 NA NA 1
73  90 234  56.0  1.90 NA NA 10.3 28 NA NA 1
45  70 117  52.0  2.20 136.0  3.8 10.0 30 19100 3.7 1
61  80 131  23.0  0.80 140.0  4.1 11.3 35 NA NA 1
30  70 101 106.0  6.50 135.0  4.3 NA NA NA NA 1
54  60 352 137.0  3.30 133.0  4.5 11.3 31  5800 3.6 1
 4 NA  99  23.0  0.60 138.0  4.4 12.0 34 NA NA 1
 8  50 NA  46.0  1.00 135.0  3.8 NA NA NA NA 1
 3 NA NA  22.0  0.70 NA NA 10.7 34 12300 NA 1
 8 NA  80  66.0  2.50 142.0  3.6 12.2 38 NA NA 1
64  60 239  58.0  4.30 137.0  5.4  9.5 29  7500 3.4 1
 6  60  94  67.0  1.00 135.0  4.9  9.9 30 16700 4.8 1
NA  70 110 115.0  6.00 134.0  2.7  9.1 26  9200 3.4 1
46 110 130  16.0  0.90 NA NA NA NA NA NA 1
32  90 NA 223.0 18.10 113.0  6.5  5.5 15  2600 2.8 1
80  70 NA  49.0  1.20 NA NA NA NA NA NA 1
70  90 184  98.6  3.30 138.0  3.9  5.8 NA NA NA 1
49 100 129 158.0 11.80 122.0  3.2  8.1 24  9600 3.5 1
57  80 NA 111.0  9.30 124.0  5.3  6.8 NA  4300 3.0 1
59 100 252  40.0  3.20 137.0  4.7 11.2 30 26400 3.9 1
65  80  92  37.0  1.50 140.0  5.2  8.8 25 10700 3.2 1
90  90 139  89.0  3.00 140.0  4.1 12.0 37  7900 3.9 1
64  70 113  94.0  7.30 137.0  4.3  7.9 21 NA NA 1
78  60 114  74.0  2.90 135.0  5.9  8.0 24 NA NA 1
NA  90 207  80.0  6.80 142.0  5.5  8.5 NA NA NA 1
65  90 172  82.0 13.50 145.0  6.3  8.8 31 NA NA 1
61  70 100  28.0  2.10 NA NA 12.6 43 NA NA 1
60  70 109  96.0  3.90 135.0  4.0 13.8 41 NA NA 1
50  70 230  50.0  2.20 NA NA 12.0 41 10400 4.6 1
67  80 341  37.0  1.50 NA NA 12.3 41  6900 4.9 1
19  70 NA NA NA NA NA 11.5 NA  6900 NA 1
59 100 255 132.0 12.80 135.0  5.7  7.3 20  9800 3.9 1
54 120 103  18.0  1.20 NA NA NA NA NA NA 1
40  70 253 150.0 11.90 132.0  5.6 10.9 31  8800 3.4 1
55  80 214  73.0  3.90 137.0  4.9 10.9 34  7400 3.7 1
68  80 171  30.0  1.00 NA NA 13.7 43  4900 5.2 1
 2 NA NA NA NA NA NA NA NA NA NA 1
64  70 107  15.0 NA NA NA 12.8 38 NA NA 1
63 100  78  61.0  1.80 141.0  4.4 12.2 36 10500 4.3 1
33  90  92  19.0  0.80 NA NA 11.8 34  7000 NA 1
68  90 238  57.0  2.50 NA NA  9.8 28  8000 3.3 1
36  80 103 NA NA NA NA 11.9 36  8800 NA 1
66  70 248  30.0  1.70 138.0  5.3 NA NA NA NA 1
74  60 108  68.0  1.80 NA NA NA NA NA NA 1
71  90 303  30.0  1.30 136.0  4.1 13.0 38  9200 4.6 1
34  60 117  28.0  2.20 138.0  3.8 NA NA NA NA 1
60  90 490  95.0  2.70 131.0  3.8 11.5 35 12000 4.5 1
64 100 163  54.0  7.20 140.0  4.6  7.9 26  7500 3.4 1
57  80 120  48.0  1.60 NA NA 11.3 36  7200 3.8 1
60  70 124  52.0  2.50 NA NA NA NA NA NA 1
59  50 241 191.0 12.00 114.0  2.9  9.6 31 15700 3.8 1
65  60 192  17.0  1.70 130.0  4.3 NA NA  9500 NA 1
60  90 269  51.0  2.80 138.0  3.7 11.5 35 NA NA 1
50  90 NA NA NA NA NA NA NA NA NA 1
51 100  93  20.0  1.60 146.0  4.5 NA NA NA NA 1
37 100 NA  19.0  1.30 NA NA 15.0 44  4100 5.2 1
45  70 113  93.0  2.30 NA NA  7.9 26  5700 NA 1
65  80  74  66.0  2.00 136.0  5.4  9.1 25 NA NA 1
80  70 141  53.0  2.20 NA NA 12.7 40  9600 NA 1
72 100 201 241.0 13.40 127.0  4.8  9.4 28 NA NA 1
34  90 104  50.0  1.60 137.0  4.1 11.9 39 NA NA 1
65  70 203  46.0  1.40 NA NA 11.4 36  5000 4.1 1
57  70 165  45.0  1.50 140.0  3.3 10.4 31  4200 3.9 1
69  70 214  96.0  6.30 120.0  3.9  9.4 28 11500 3.3 1
62  90 169  48.0  2.40 138.0  2.9 13.4 47 11000 6.1 1
64  90 463  64.0  2.80 135.0  4.1 12.2 40  9800 4.6 1
48 100 103  79.0  5.30 135.0  6.3  6.3 19  7200 2.6 1
48 110 106 215.0 15.20 120.0  5.7  8.6 26  5000 2.5 1
54  90 150  18.0  1.20 140.0  4.2 NA NA NA NA 1
59  70 424  55.0  1.70 138.0  4.5 12.6 37 10200 4.1 1
56  90 176 309.0 13.30 124.0  6.5  3.1  9  5400 2.1 1
40  80 140  10.0  1.20 135.0  5.0 15.0 48 10400 4.5 0
23  80  70  36.0  1.00 150.0  4.6 17.0 52  9800 5.0 0
45  80  82  49.0  0.60 147.0  4.4 15.9 46  9100 4.7 0
57  80 119  17.0  1.20 135.0  4.7 15.4 42  6200 6.2 0
51  60  99  38.0  0.80 135.0  3.7 13.0 49  8300 5.2 0
34  80 121  27.0  1.20 144.0  3.9 13.6 52  9200 6.3 0
60  80 131  10.0  0.50 146.0  5.0 14.5 41 10700 5.1 0
38  60  91  36.0  0.70 135.0  3.7 14.0 46  9100 5.8 0
42  80  98  20.0  0.50 140.0  3.5 13.9 44  8400 5.5 0
35  80 104  31.0  1.20 135.0  5.0 16.1 45  4300 5.2 0
30  80 131  38.0  1.00 147.0  3.8 14.1 45  9400 5.3 0
49  80 122  32.0  1.20 139.0  3.9 17.0 41  5600 4.9 0
55  80 118  18.0  0.90 135.0  3.6 15.5 43  7200 5.4 0
45  80 117  46.0  1.20 137.0  5.0 16.2 45  8600 5.2 0
42  80 132  24.0  0.70 140.0  4.1 14.4 50  5000 4.5 0
50  80  97  40.0  0.60 150.0  4.5 14.2 48 10500 5.0 0
55  80 133  17.0  1.20 135.0  4.8 13.2 41  6800 5.3 0
48  80 122  33.0  0.90 146.0  3.9 13.9 48  9500 4.8 0
NA  80 100  49.0  1.00 140.0  5.0 16.3 53  8500 4.9 0
25  80 121  19.0  1.20 142.0  4.9 15.0 48  6900 5.3 0
23  80 111  34.0  1.10 145.0  4.0 14.3 41  7200 5.0 0
30  80  96  25.0  0.50 144.0  4.8 13.8 42  9000 4.5 0
56  80 139  15.0  1.20 135.0  5.0 14.8 42  5600 5.5 0
47  80  95  35.0  0.90 140.0  4.1 NA NA NA NA 0
19  80 107  23.0  0.70 141.0  4.2 14.4 44 NA NA 0
52  80 125  22.0  1.20 139.0  4.6 16.5 43  4700 4.6 0
20  60 NA NA NA 137.0  4.7 14.0 41  4500 5.5 0
46  60 123  46.0  1.00 135.0  5.0 15.7 50  6300 4.8 0
48  60 112  44.0  1.20 142.0  4.9 14.5 44  9400 6.4 0
24  70 140  23.0  0.60 140.0  4.7 16.3 48  5800 5.6 0
47  80  93  33.0  0.90 144.0  4.5 13.3 52  8100 5.2 0
55  80 130  50.0  1.20 147.0  5.0 15.5 41  9100 6.0 0
20  70 123  44.0  1.00 135.0  3.8 14.6 44  5500 4.8 0
60  70 NA NA NA NA NA 16.4 43 10800 5.7 0
33  80 100  37.0  1.20 142.0  4.0 16.9 52  6700 6.0 0
66  70  94  19.0  0.70 135.0  3.9 16.0 41  5300 5.9 0
71  70  81  18.0  0.80 145.0  5.0 14.7 44  9800 6.0 0
39  70 124  22.0  0.60 137.0  3.8 13.4 43 NA NA 0
56  70  70  46.0  1.20 135.0  4.9 15.9 50 11000 5.1 0
42  70  93  32.0  0.90 143.0  4.7 16.6 43  7100 5.3 0
54  70  76  28.0  0.60 146.0  3.5 14.8 52  8400 5.9 0
47  80 124  44.0  1.00 140.0  4.9 14.9 41  7000 5.7 0
30  80  89  42.0  0.50 139.0  5.0 16.7 52 10200 5.0 0
50 NA  92  19.0  1.20 150.0  4.8 14.9 48  4700 5.4 0
75  60 110  50.0  0.70 135.0  5.0 14.3 40  8300 5.8 0
44  70 106  25.0  0.90 150.0  3.6 15.0 50  9600 6.5 0
41  70 125  38.0  0.60 140.0  5.0 16.8 41  6300 5.9 0
53  60 116  26.0  1.00 146.0  4.9 15.8 45  7700 5.2 0
34  60  91  49.0  1.20 135.0  4.5 13.5 48  8600 4.9 0
73  60 127  48.0  0.50 150.0  3.5 15.1 52 11000 4.7 0
45  60 114  26.0  0.70 141.0  4.2 15.0 43  9200 5.8 0
44  60  96  33.0  0.90 147.0  4.5 16.9 41  7200 5.0 0
29  70 127  44.0  1.20 145.0  5.0 14.8 48 NA NA 0
55  70 107  26.0  1.10 NA NA 17.0 50  6700 6.1 0
33  80 128  38.0  0.60 135.0  3.9 13.1 45  6200 4.5 0
41  80 122  25.0  0.80 138.0  5.0 17.1 41  9100 5.2 0
52  80 128  30.0  1.20 140.0  4.5 15.2 52  4300 5.7 0
47  60 137  17.0  0.50 150.0  3.5 13.6 44  7900 4.5 0
43  80  81  46.0  0.60 135.0  4.9 13.9 48  6900 4.9 0
51  60 129  25.0  1.20 139.0  5.0 17.2 40  8100 5.9 0
46  60 102  27.0  0.70 142.0  4.9 13.2 44 11000 5.4 0
56  60 132  18.0  1.10 147.0  4.7 13.7 45  7500 5.6 0
80  70 NA NA NA 135.0  4.1 15.3 48  6300 6.1 0
55  80 104  28.0  0.90 142.0  4.8 17.3 52  8200 4.8 0
39  70 131  46.0  0.60 145.0  5.0 15.6 41  9400 4.7 0
44  70 NA NA NA NA NA 13.8 48  7800 4.4 0
35 NA  99  30.0  0.50 135.0  4.9 15.4 48  5000 5.2 0
58  70 102  48.0  1.20 139.0  4.3 15.0 40  8100 4.9 0
61  70 120  29.0  0.70 137.0  3.5 17.4 52  7000 5.3 0
30  60 138  15.0  1.10 135.0  4.4 NA NA NA NA 0
57  60 105  49.0  1.20 150.0  4.7 15.7 44 10400 6.2 0
65  60 109  39.0  1.00 144.0  3.5 13.9 48  9600 4.8 0
70  60 120  40.0  0.50 140.0  4.6 16.0 43  4500 4.9 0
43  80 130  30.0  1.10 143.0  5.0 15.9 45  7800 4.5 0
40  80 119  15.0  0.70 150.0  4.9 NA NA NA NA 0
58  80 100  50.0  1.20 140.0  3.5 14.0 50  6700 6.5 0
47  60 109  25.0  1.10 141.0  4.7 15.8 41  8300 5.2 0
30  60 120  31.0  0.80 150.0  4.6 13.4 44 10700 5.8 0
28  70 131  29.0  0.60 145.0  4.9 NA 45  8600 6.5 0
33  60  80  25.0  0.90 146.0  3.5 14.1 48  7800 5.1 0
43  80 114  32.0  1.10 135.0  3.9 NA 42 NA NA 0
59  70 130  39.0  0.70 147.0  4.7 13.5 46  6700 4.5 0
34  70 NA  33.0  1.00 150.0  5.0 15.3 44 10500 6.1 0
23  80  99  46.0  1.20 142.0  4.0 17.7 46  4300 5.5 0
24  80 125 NA NA 136.0  3.5 15.4 43  5600 4.5 0
60  60 134  45.0  0.50 139.0  4.8 14.2 48 10700 5.6 0
25  60 119  27.0  0.50 NA NA 15.2 40  9200 5.2 0
44  70  92  40.0  0.90 141.0  4.9 14.0 52  7500 6.2 0
62  80 132  34.0  0.80 147.0  3.5 17.8 44  4700 4.5 0
25  70  88  42.0  0.50 136.0  3.5 13.3 48  7000 4.9 0
32  70 100  29.0  1.10 142.0  4.5 14.3 43  6700 5.9 0
63  70 130  37.0  0.90 150.0  5.0 13.4 41  7300 4.7 0
44  60  95  46.0  0.50 138.0  4.2 15.0 50  7700 6.3 0
37  60 111  35.0  0.80 135.0  4.1 16.2 50  5500 5.7 0
64  60 106  27.0  0.70 150.0  3.3 14.4 42  8100 4.7 0
22  60  97  18.0  1.20 138.0  4.3 13.5 42  7900 6.4 0
33  60 130  41.0  0.90 141.0  4.4 15.5 52  4300 5.8 0
43  60 108  25.0  1.00 144.0  5.0 17.8 43  7200 5.5 0
38  80  99  19.0  0.50 147.0  3.5 13.6 44  7300 6.4 0
35  70  82  36.0  1.10 150.0  3.5 14.5 52  9400 6.1 0
65  70  85  20.0  1.00 142.0  4.8 16.1 43  9600 4.5 0
29  80  83  49.0  0.90 139.0  3.3 17.5 40  9900 4.7 0
37  60 109  47.0  1.10 141.0  4.9 15.0 48  7000 5.2 0
39  60  86  37.0  0.60 150.0  5.0 13.6 51  5800 4.5 0
32  60 102  17.0  0.40 147.0  4.7 14.6 41  6800 5.1 0
23  60  95  24.0  0.80 145.0  5.0 15.0 52  6300 4.6 0
34  70  87  38.0  0.50 144.0  4.8 17.1 47  7400 6.1 0
66  70 107  16.0  1.10 140.0  3.6 13.6 42 11000 4.9 0
47  60 117  22.0  1.20 138.0  3.5 13.0 45  5200 5.6 0
74  60  88  50.0  0.60 147.0  3.7 17.2 53  6000 4.5 0
35  60 105  39.0  0.50 135.0  3.9 14.7 43  5800 6.2 0
29  80  70  16.0  0.70 138.0  3.5 13.7 54  5400 5.8 0
33  80  89  19.0  1.10 144.0  5.0 15.0 40 10300 4.8 0
67  80  99  40.0  0.50 NA NA 17.8 44  5900 5.2 0
73  80 118  44.0  0.70 137.0  3.5 14.8 45  9300 4.7 0
24  80  93  46.0  1.00 145.0  3.5 NA NA 10700 6.3 0
60  80  81  15.0  0.50 141.0  3.6 15.0 46 10500 5.3 0
68  60 125  41.0  1.10 139.0  3.8 17.4 50  6700 6.1 0
30  80  82  42.0  0.70 146.0  5.0 14.9 45  9400 5.9 0
75  70 107  48.0  0.80 144.0  3.5 13.6 46 10300 4.8 0
69  70  83  42.0  1.20 139.0  3.7 16.2 50  9300 5.4 0
28  60  79  50.0  0.50 145.0  5.0 17.6 51  6500 5.0 0
72  60 109  26.0  0.90 150.0  4.9 15.0 52 10500 5.5 0
61  70 133  38.0  1.00 142.0  3.6 13.7 47  9200 4.9 0
79  80 111  44.0  1.20 146.0  3.6 16.3 40  8000 6.4 0
70  80  74  41.0  0.50 143.0  4.5 15.1 48  9700 5.6 0
58  70  88  16.0  1.10 147.0  3.5 16.4 53  9100 5.2 0
64  70  97  27.0  0.70 145.0  4.8 13.8 49  6400 4.8 0
71  60 NA NA  0.90 140.0  4.8 15.2 42  7700 5.5 0
62  80  78  45.0  0.60 138.0  3.5 16.1 50  5400 5.7 0
59  60 113  23.0  1.10 139.0  3.5 15.3 54  6500 4.9 0
71  70  79  47.0  0.50 142.0  4.8 16.6 40  5800 5.9 0
48  80  75  22.0  0.80 137.0  5.0 16.8 51  6000 6.5 0
80  80 119  46.0  0.70 141.0  4.9 13.9 49  5100 5.0 0
57  60 132  18.0  1.10 150.0  4.7 15.4 42 11000 4.5 0
63  70 113  25.0  0.60 146.0  4.9 16.5 52  8000 5.1 0
46  70 100  47.0  0.50 142.0  3.5 16.4 43  5700 6.5 0
15  80  93  17.0  0.90 136.0  3.9 16.7 50  6200 5.2 0
51  80  94  15.0  1.20 144.0  3.7 15.5 46  9500 6.4 0
41  80 112  48.0  0.70 140.0  5.0 17.0 52  7200 5.8 0
52  80  99  25.0  0.80 135.0  3.7 15.0 52  6300 5.3 0
36  80  85  16.0  1.10 142.0  4.1 15.6 44  5800 6.3 0
57  80 133  48.0  1.20 147.0  4.3 14.8 46  6600 5.5 0
43  60 117  45.0  0.70 141.0  4.4 13.0 54  7400 5.4 0
50  80 137  46.0  0.80 139.0  5.0 14.1 45  9500 4.6 0
55  80 140  49.0  0.50 150.0  4.9 15.7 47  6700 4.9 0
42  70  75  31.0  1.20 141.0  3.5 16.5 54  7800 6.2 0
12  80 100  26.0  0.60 137.0  4.4 15.8 49  6600 5.4 0
17  60 114  50.0  1.00 135.0  4.9 14.2 51  7200 5.9 0
58  80 131  18.0  1.10 141.0  3.5 15.8 53  6800 6.1 0
