1 0.2235823 0.1465835 0.1259535 0.2202329 0.2568157 0.1137371
2 0.1731086 0.08857166 0.1208342 0.2931379 0.03509938 0.07980941
3 0.2431385 0.06272685 0.283922 0.09039631 0.07350265 0.01314155
4 0.2194155 0.06923638 0.2158233 0.3961579 0.06139019 0.2634096
5 0.363642 0.2218621 0.2980149 0.183161 0.3077629 0.3764226
6 0.04839321 0.08357237 0.004760387 0.1633728 0.07518332 0.0776589
7 0.04659102 0.05053991 0.002598858 0.2481746 0.04424244 0.3062674
8 0.1151032 0.1376101 0.1822226 0.1935935 0.1834311 0.0979962
9 0.04260294 0.1334585 0.3569146 0.06843199 0.1382623 0.03031252
10 0.1628176 0.3488352 0.09535253 0.3911538 0.1538189 0.2471625
11 0.07346206 0.2303909 0.4146753 0.2354764 0.09202339 0.03951337
12 0.1204478 0.02455753 0.3646053 0.3390926 0.1412252 0.05239225
13 0.01637252 0.08282782 0.04232894 0.0868114 0.02061685 0.2134993
14 0.05828186 0.05318642 0.1066848 0.135754 0.06769292 0.02735624
15 0.08637464 0.01587564 0.365831 0.03324202 0.1426273 0.1521391
16 0.04505531 0.1754854 0.09382254 0.002743247 0.1722612 0.220985
17 0.07268399 0.006576748 0.2565218 0.1314911 0.06512158 0.1366609
18 0.2370169 0.04505296 0.1192062 0.05040315 0.001871566 0.06155458
19 0.1043342 0.05390111 0.05572668 0.03120652 0.1838627 0.02302392
20 0.1428975 0.08236035 0.05001467 0.2810544 0.1031242 0.1316274
21 0.08498126 0.01391431 0.07501439 0.07984663 0.09699829 0.05028818
22 0.02780113 0.14228 0.01871078 0.4148736 0.1655838 0.1471334
23 0.06749358 0.0536455 0.03783239 0.121229 0.2116093 0.12145
24 0.05676212 0.1162229 0.2542288 0.004363123 0.02358402 0.1152697
25 0.02087576 0.05473229 0.02638067 0.03346105 0.09367273 0.1616514
26 0.1433403 0.1372225 0.0477571 0.116258 0.1144697 0.21091
27 0.07274573 0.2444894 0.02306616 0.1494036 0.0633387 0.2168664
28 0.008223961 0.008326921 0.05484949 0.3348153 0.2687675 0.2991624
29 0.05903016 0.08967646 0.04111811 0.1065509 0.1175481 0.2061572
30 0.00767918 0.1246805 0.2031357 0.2852356 0.09273735 0.1210807
31 0.2114457 0.08587165 0.3054919 0.007902101 0.2733984 0.1154636
32 0.09937461 0.1052405 0.001590256 0.2951481 0.1272596 0.1334431
33 0.05528382 0.02274633 0.3071791 0.1444351 0.1557331 0.1594564
34 0.1679682 0.0081674 0.1549299 0.3136938 0.2462789 0.0911605
35 0.08320179 0.1523905 0.3101848 0.2365142 0.05289489 0.01563204
36 0.1909005 0.0902102 0.06209566 0.153676 0.0350864 0.09283732
37 0.2662334 0.257628 0.04081324 0.01890968 0.4120646 0.4120301
38 0.02713643 0.1030168 0.2101055 0.02821812 0.09079474 0.1633108
39 0.08272546 0.1650733 0.1705518 0.04477842 0.02837897 0.3190322
40 0.02116005 0.1062132 0.3545775 0.1328795 0.1589019 0.111273
41 0.1079041 0.01161302 0.06352893 0.1505048 0.0002317515 0.01842149
42 0.2761938 0.1008368 0.004321859 0.5182028 0.2524106 0.5157661
43 0.1502399 0.02724276 0.2319308 0.3906331 0.166435 0.009773474
44 0.03729316 0.14283 0.01806854 0.1569703 0.2776617 0.008471991
45 0.08720017 0.02027536 0.05961731 0.2542034 0.09247204 0.006332417
46 0.05067703 0.08122658 0.034786 0.3644446 0.07900053 0.0805962
47 0.08353698 0.1396156 0.08268747 0.01339537 0.1310674 0.177827
48 0.1086251 0.04776305 0.2121441 0.1329745 0.3553386 0.06926739
49 0.08785901 0.2533284 0.08647229 0.4182779 0.2561892 0.1172988
50 0.102157 0.07854452 0.1184404 0.2856218 0.08247742 0.1930889
51 0.01407216 0.03834655 0.09898855 0.08030941 0.07050723 0.002175079
52 0.09305645 0.02706494 0.02745777 0.03947784 0.1867499 0.109441
53 0.1770675 0.0007342968 0.1998569 0.1093934 0.03731786 0.2374365
54 0.1128174 0.1484797 0.02717615 0.1259849 0.4004979 0.1223466
55 0.01558896 0.03776249 0.1286689 0.02597923 0.1636921 0.07294693
56 0.06265105 0.08463295 0.05890054 0.02233212 0.2286662 0.09254836
57 0.1033706 0.1132331 0.1701334 0.1021146 0.1200032 0.3194031
58 0.2025588 0.3679518 0.3203688 0.4443645 0.2716599 0.4402189
59 0.009532969 0.0483725 0.2893786 0.04383687 0.3042816 0.1272989
60 0.2164171 0.1301537 0.04095136 0.3034634 0.1792648 0.1578424
61 0.0959449 0.1942621 0.1158216 0.2505143 0.2139522 0.1926088
62 0.2519153 0.04298214 0.03487666 0.1804562 0.1176943 0.04326651
63 0.180762 0.1513256 0.240238 0.1702434 0.4439807 0.1569843
64 0.02368222 0.1109488 0.03593927 0.01351987 0.3117526 0.2764726
65 0.06234237 0.16222 0.004561139 0.2263206 0.09252155 0.05167482
66 0.1737398 0.2405648 0.02030473 0.2393542 0.005030014 0.2754815
67 0.1444176 0.3703083 0.5595148 0.4047104 0.1438261 0.1544308
68 0.0516611 0.03760915 0.01835104 0.05020847 0.05764411 0.02564784
69 0.143569 0.1818452 0.202968 0.2047839 0.4750524 0.1980181
70 0.03037999 0.01389464 0.4842093 0.06450047 0.1379485 0.04311853
71 0.02891672 0.147408 0.279253 0.004574835 0.0480814 0.3297867
72 0.1083608 0.07593774 0.3122108 0.3952626 0.3542203 0.08619055
73 0.1245366 0.09358747 0.3373406 0.06812177 0.1545371 0.1466827
74 0.0293871 0.03129792 0.1050094 0.009614732 0.1858401 0.02283047
75 0.2665835 0.02584768 0.5221637 0.4874503 0.2389066 0.2362841
76 0.3365068 0.2395824 0.4368928 0.2115065 0.5957555 0.5204862
77 0.02948494 0.4487246 0.41781 0.2129111 0.3192242 0.2215414
78 0.03644047 0.1636581 0.1896493 0.0690881 0.06506291 0.05674393
79 0.1982597 0.0430684 0.08557819 0.05253938 0.09824786 0.006867321
80 0.1026893 0.200117 0.2588107 0.4013671 0.00207943 0.01984834
81 0.1024086 0.1511321 0.07571592 0.429939 0.0265465 0.06784875
82 0.2846562 0.2233019 0.06022681 0.4318614 0.1783205 0.2992686
83 0.01650354 0.05320143 0.1995417 0.2390398 0.3239356 0.3123234
84 0.1048442 0.3589132 0.1196611 0.3273582 0.3819189 0.09561637
85 0.1319566 0.08513286 0.02084965 0.2208793 0.1391542 0.1984853
86 0.2086272 0.05820113 0.01602627 0.001539281 0.1587986 0.2339272
87 0.01592612 0.09968038 0.3568057 0.1562154 0.1409706 0.02865177
88 0.1984698 0.1200177 0.02885098 0.5282624 0.1938634 0.274818
89 0.02800166 0.07817692 0.2523234 0.04541652 0.2661075 0.2372032
90 0.185178 0.1214065 0.0214647 0.06602694 0.03259625 0.4111745
91 0.1448914 0.1694218 0.1287504 0.1714644 0.005350663 0.08685744
92 0.04441119 0.02496721 0.1068408 0.06167245 0.1208335 0.1074716
93 0.07382558 0.09601185 0.03909659 0.1010858 0.08676201 0.04129215
94 0.1580094 0.05384764 0.09592614 0.3178782 0.01913546 0.1521893
95 0.02656927 0.05922097 0.2715859 0.1487224 0.06006601 0.1718573
96 0.01208891 0.2168957 0.2805415 0.1995526 0.05788319 0.1779648
97 0.0833435 0.05561914 0.1154366 0.09757717 0.1178378 0.03668775
98 0.01120318 0.0748629 0.1900458 0.3523291 0.08421684 0.1035401
99 0.002998112 0.09144492 0.1346866 0.1034213 0.1046606 0.2904363
100 0.2359532 0.05708 0.1661924 0.07695522 0.2031171 0.07910913
