1 5.056254e-05 7.208127e-05 0.0003219303 0.0002596878 0.0006805919 9.924794e-05 0.001223021 9.715607e-05 8.028146e-05 0.0005009421 0.0001483026 0.0005560171
2 0.0003260448 0.0001094893 0.0004369005 0.0001121371 0.0001297957 0.0003056388 0.0003037759 0.0005258383 0.0001009204 0.0001369493 0.000650565 0.003015426
3 0.000405587 0.0005017916 0.001128691 0.0003901243 0.0004210393 0.0001691806 0.0001124916 0.000559504 0.001355768 9.280743e-05 8.117454e-05 0.001204646
4 0.0003203288 0.0002825805 0.0003683579 7.31641e-05 0.0007620523 0.0001798831 0.0006213004 0.0004212004 0.0009240561 0.0003753636 0.001300112 0.001509474
5 0.0003462908 0.0004941608 4.180674e-05 0.0004607688 5.01902e-05 7.967463e-05 0.0004259549 0.0001578324 0.0003150421 0.0002512866 0.0002485141 0.0002946994
6 0.0002870184 5.192511e-05 0.0006416747 8.871942e-05 0.0007268031 0.0002239228 0.0009975422 0.0001783316 0.001222859 0.0001271091 0.0003948207 0.0008976293
7 3.756524e-05 0.0001290036 0.000357462 0.0003391564 8.478681e-05 0.0006956996 0.0004035467 0.0007513589 0.0005341011 0.001144944 0.0005532677 0.0004165763
8 7.272101e-05 0.0001024986 8.802333e-05 4.118971e-05 0.0001597708 0.0003198773 0.000586989 0.0007059797 0.0004743263 0.0003543647 0.0008344964 0.002645539
9 0.000428865 0.0001439492 0.000332254 7.402963e-05 0.0001210356 0.0001489925 0.0005339491 6.356705e-05 0.0007736741 0.0006706858 0.0004691429 0.0005955638
10 0.0007301838 6.626469e-05 0.0002063316 0.0001446186 0.0009557421 0.0001433361 0.0007722536 0.0002054794 0.001708047 0.0006796702 0.0001801083 0.00255376
11 0.0006944539 1.400953e-05 0.0005131649 0.0003934909 0.001086469 0.0002105523 0.0002770809 0.0005507811 0.0009993922 0.0008587598 0.0001945535 0.0002528897
12 0.0003662898 0.0001807375 0.000150921 6.628756e-05 0.0004391432 0.0002739278 0.0003832033 0.0002441083 0.0006598963 0.0008814228 0.0007613426 0.001302781
13 3.056528e-05 0.0001399215 0.0005599224 0.0002427777 0.0002173792 6.722294e-05 0.0009802961 6.355134e-06 0.0006467911 0.0004820231 0.000468932 0.001445887
14 0.0003986887 0.0003411661 0.0002001742 0.0003914672 0.001024848 0.0008095678 0.000130941 0.00029168 1.982262e-05 7.339913e-05 0.0007226987 0.00122032
15 0.00035141 0.0002501138 0.0005615409 4.234719e-05 7.472415e-05 0.0005551496 3.728118e-05 2.74167e-05 0.0008098152 0.000575927 0.00058093 0.001066073
16 0.0003202751 0.0002769949 3.817363e-05 0.0001092729 4.573843e-05 7.114593e-05 0.0004914986 0.00015848 0.0005822002 8.81221e-05 8.125223e-05 0.001164166
17 0.0005721359 0.0003512954 0.0008876489 0.0001454199 0.0003856961 0.0003463351 0.0009118843 5.877168e-05 0.0004388493 0.0003138355 0.0007688176 0.0005855865
18 0.000164966 0.0001750644 0.0002307439 0.000166196 7.537183e-05 0.0004240735 0.0003321598 0.0002633459 0.0009433991 0.000587936 0.0006003368 0.0005480819
19 9.997964e-06 0.0003332836 0.001144484 0.0002457147 0.0002869883 0.00068365 0.0005953343 0.0002640289 0.0006904707 0.0004784948 0.0001866659 0.0003551596
20 0.0006412532 0.0006764614 0.0007009098 0.0001983794 0.0001853611 0.0006231878 0.0001704809 0.0003359125 0.0007137193 0.0001068777 0.0003678629 0.001210825
21 0.0004337526 0.0004421048 0.0002693946 0.00041768 0.0001386647 0.000480969 0.001230627 0.0002630701 0.0006175076 0.0005659362 2.074767e-05 0.0003836388
22 0.0003942429 1.202903e-05 0.0009029644 0.0002109921 0.0003684538 0.0002741419 0.000157147 0.0006564536 0.001307546 0.0009718987 0.0005501968 0.0005816083
23 0.0002782548 0.0002852328 0.000501732 7.531428e-05 0.0002457677 6.074264e-05 0.0001229463 0.000104952 0.0005204739 0.0003510648 0.0003266318 0.0005314729
24 0.0001040921 0.000172984 0.0006471727 0.0004095381 0.0005122772 0.0004490802 0.0009031362 0.0002006782 0.0004939341 0.0006357995 0.0003618854 0.002078999
25 0.000375284 0.0001568328 6.371958e-05 0.0005227446 0.0007632176 0.0002779996 0.000384303 0.0006470218 0.001341129 0.001580586 0.0002642531 0.002874622
26 0.0003981822 0.0001285955 0.0004727105 0.0001272855 0.0003245387 2.352871e-06 0.0009746617 0.0001231904 8.007133e-05 0.0001594959 2.019209e-05 0.0008745016
27 0.0001323893 0.0005128827 0.0006702913 0.0002043812 0.0006125233 0.0001901801 0.0003350476 5.80721e-05 0.0005780507 0.0002202165 0.000115722 0.0004652105
28 0.00113894 8.505298e-05 0.0003583377 8.002359e-05 0.0004068744 5.400824e-05 0.0007548359 0.0004598438 0.000219623 5.091477e-05 0.0001069726 0.00118751
29 0.0003169331 8.464181e-05 0.00156111 0.0001344443 0.0002484565 0.001081003 0.001093943 0.000390495 0.0003787968 0.0003125393 0.0006651096 0.001560543
30 8.798966e-06 0.000212307 0.0006602509 0.000499003 0.0005565423 0.0002740207 0.0002465617 0.0002423778 0.0002709549 0.0001048862 6.714527e-06 0.0002784413
31 0.0005647689 0.0002427808 0.000203669 0.0003351814 0.0003726508 0.0002764439 0.0002214386 0.0002354154 0.0006802724 0.0003002294 0.0005481928 0.0007894037
32 0.0003218404 0.0001882136 0.0002140698 0.0001211985 0.001208081 0.000116698 0.0007213194 0.000876528 0.0009627551 0.000980703 0.0004424182 0.000412131
33 0.0006483456 0.0001266179 0.0001391638 0.0004619436 0.0007136091 0.0003972161 0.001300295 1.620696e-05 0.0004597862 0.0003785828 0.001269808 0.0006356038
34 0.0001990653 2.743061e-05 4.236938e-05 0.0002949133 0.0003504425 0.0002023084 0.002297168 0.0003587401 0.0001206574 0.0004800347 0.00092391 0.0006179765
35 0.000813402 0.0001919402 0.0005123473 0.0005264064 0.0003413707 3.343089e-05 0.001362389 0.000357819 0.0005628795 0.0002033001 0.001501414 1.794745e-05
36 0.0005309031 0.0001504347 1.368917e-05 1.103724e-05 0.0004407343 0.0005522925 0.0009855236 0.0001863726 0.0001145731 0.0009003843 5.455638e-05 0.001292681
37 4.646584e-05 0.0001608568 0.0001382393 0.000292735 0.001302125 0.0005076424 0.0003751776 1.239304e-05 5.997526e-05 3.676452e-05 0.001811417 0.00144739
38 0.0006411449 0.0003101865 0.0008114492 0.0001266467 0.000435514 0.0001359836 0.0001325367 0.0001722886 1.293367e-05 0.0001199336 0.00121592 0.001376103
39 4.878886e-05 4.060743e-05 0.0005230994 0.0001300949 0.0009908453 0.000607509 0.0001920929 0.0005769034 0.0007727643 0.0007025663 0.0003907747 0.0005291816
40 0.0002827021 4.820287e-05 2.454229e-05 1.79097e-05 0.0001735927 9.852029e-05 0.0008498064 2.418153e-05 0.001604158 0.0001351674 0.0003579803 0.0006734253
41 0.0006821265 5.876645e-05 8.062433e-05 0.0003407622 3.393341e-05 0.0003889259 0.0006971626 0.0001396924 0.0005175604 0.0001274511 0.0002042564 0.001124866
42 0.0004193674 6.667727e-05 6.08605e-05 4.610161e-05 0.0003282996 0.0003407255 0.0006214104 3.081184e-05 0.0002147478 0.0004342634 0.0002154876 0.001683313
43 0.0003051771 5.585734e-05 6.765193e-05 0.0001576138 0.0005335268 9.205357e-05 0.000100823 0.0002013179 0.0002616446 0.0003146832 0.0004118093 2.518845e-05
44 9.547923e-05 0.0001706292 0.0006045656 0.0004458366 0.0003697769 0.0002057182 0.0007779875 7.998733e-05 0.001189557 0.0001883777 0.0007108382 0.001829199
45 0.0002102804 0.0002565205 0.0003153063 0.000106055 2.795443e-05 0.0007437918 0.000516923 0.0002470812 0.0005109902 0.0003325093 0.0003081266 0.0003687636
46 0.0002731011 0.0001774186 0.0003563432 0.0001227677 0.0003701742 0.0002891979 0.0001957539 0.0004173905 0.001039364 0.0002815981 0.0007324986 0.001754959
47 9.007578e-05 0.0001010296 0.0006859643 7.822179e-05 8.207091e-05 0.000203204 0.0007909221 4.617243e-05 1.05931e-05 0.0001541563 0.0002120115 0.0001972961
48 0.0003295748 0.0001556521 0.0007278224 0.0002691476 1.895962e-05 0.0003171817 0.0007651094 9.256538e-05 0.001894658 0.0007038048 0.001835235 0.000417822
49 0.0006255919 5.805673e-05 0.0003590025 0.0001777437 6.647999e-05 0.000246528 0.0002871927 6.005084e-05 0.0009607243 9.553758e-05 0.0006174758 0.0003945792
50 0.0001133458 0.0001879033 4.676499e-05 4.809697e-05 0.0005252165 0.00011683 7.079203e-05 0.0001378249 0.0003857216 0.0003962638 0.0009638313 0.0005692632
51 0.0002593862 0.0001466343 0.0003704766 0.0004899806 0.0008835735 0.0004673454 0.0002792805 0.0003647569 0.001552304 0.0006353815 0.0006777667 0.0007375623
52 0.0003428995 0.0004240113 8.019135e-06 0.0003016175 0.0001588949 0.0001041106 0.001539169 0.0003311005 0.001031269 0.0008893619 0.000468182 0.001543954
53 0.0004622955 0.0004953646 0.0002068823 0.0003474342 0.0003884224 0.0003557511 0.0007840162 0.0002126225 0.0006261898 0.0002587659 0.0003651537 0.0002348932
54 8.550703e-05 0.0002071876 0.0002423908 0.0001045932 0.0006093924 0.0003981361 0.0001917123 0.0001340178 0.0002508095 0.0002823628 0.0001780905 0.001543609
55 0.0009622831 0.0003839693 0.0003338677 0.000166087 0.001560453 0.0001091236 0.002481778 0.0001193726 0.0005368136 0.0003853117 0.001784173 0.0006381099
56 0.0003272696 0.0001654444 0.0003595719 9.461685e-05 6.871027e-05 0.0001026759 0.0002391037 0.0005326774 0.0004631602 0.0003469338 0.0002121796 0.0005278184
57 0.0004066613 0.0001511339 3.81894e-05 0.0001777449 0.000149463 3.462449e-05 0.001608023 0.0006148797 0.0006770599 0.0007749313 0.0001608503 0.001324024
58 0.0003960609 8.568488e-05 0.0007184554 0.0001014543 0.0001460269 0.0001718489 4.16962e-05 0.000347897 0.00107654 0.0002271705 0.00050912 0.0003741175
59 0.000380568 0.0002650505 0.0004359197 0.0003357556 0.0005711392 0.0007839545 0.001077156 0.0003178186 0.001527188 6.787582e-05 0.0008704548 0.0003374125
60 0.0005980286 0.0004895111 0.0002267871 1.737484e-05 0.0008480813 3.198447e-06 0.0007382164 0.0001093035 0.001748413 0.0002113831 0.0001099908 0.001109931
61 0.000386558 0.000138289 8.501041e-05 0.0003159655 0.0002427694 0.001511864 0.000165458 0.0001780303 0.0004827294 0.0004183702 0.0005870613 0.0001178813
62 0.0006192844 0.0005206028 6.515051e-05 0.0001263287 0.001443272 0.0002712787 0.001083477 1.980962e-05 0.0004744398 7.185965e-05 0.0001866032 0.0005159324
63 0.0005182306 2.605534e-06 6.363538e-05 0.0001240887 0.0005213121 0.0004454538 0.0002854989 0.0004790907 0.0006451649 0.0004569366 9.728044e-05 0.0001028028
64 0.0007710633 0.0002624882 0.000455207 0.0001229943 0.0008348443 0.001150387 6.766654e-05 0.0001783352 0.001046647 0.001027185 0.0005975445 0.001515375
65 0.0005801789 3.019388e-05 0.0006731068 0.0001208738 0.0003347174 0.0001503561 0.0007084704 7.427595e-05 0.001288599 0.0003416511 0.0001153151 0.001299265
66 0.0007640951 0.0001832373 0.000784735 0.0001169049 0.001052709 2.110683e-05 0.0005304711 0.0007110993 0.0005659449 0.0001309407 0.0002723132 0.002972083
67 0.000757048 0.0001995968 0.0001068968 0.0001886531 0.0007698009 0.0006338622 0.000237264 0.0001366069 0.000752694 0.0001024876 0.000659046 0.001413886
68 0.0006728996 0.000580938 8.99204e-05 0.000350275 0.0005000237 0.0002226754 0.001192871 0.0003723155 0.0009445717 6.111477e-05 0.0005448099 0.001095214
69 0.0003453321 0.0001046642 0.0005553356 0.0001134277 0.0009081054 0.0008159796 0.000122562 2.953479e-05 0.0006238093 0.0006446063 0.0006590172 0.001403027
70 0.0006249142 2.33668e-05 0.0002641788 0.0001860136 0.0008390433 0.0007959741 0.000435604 0.0001226254 0.0007100525 0.0001942736 0.0003102181 0.0008997667
71 0.0004595034 0.0001996365 0.0006963999 0.0003662817 0.0005028153 0.0009561489 2.732961e-05 0.0001152374 0.002426721 0.000294302 4.898127e-05 0.0002132913
72 0.0006673185 0.0001958952 6.545442e-05 0.0003007271 0.0001618586 0.0003704509 0.0002792241 0.0007809176 0.0005092261 0.0005283742 0.0007769666 0.0002252319
73 0.000672847 0.0003578752 1.670288e-05 0.0001350708 0.0006173511 0.0002671027 0.0007391774 0.0002305291 0.0008208581 0.0004789557 0.0005675853 0.0008465382
74 4.390005e-05 0.0002039514 7.217351e-05 2.876594e-05 0.000541639 1.462123e-05 0.0006412062 0.0003720336 0.0003840362 1.632075e-05 0.0005140124 0.0002155969
75 0.0002699716 0.0001456288 0.0008150493 0.0003084855 0.000596444 0.0005552823 0.0009805127 0.0003029638 0.0003983829 3.001767e-05 0.00138652 0.0004192579
76 0.0001909653 1.291268e-05 0.0003629628 0.0001668422 0.000339419 0.0004125418 0.0002879123 0.0002782293 0.001119785 1.79435e-05 0.0005562892 0.001107628
77 0.0007282446 0.000111775 0.001466278 1.745864e-05 0.0002814879 0.001264908 0.0004149596 0.0007420385 0.0008016739 0.0008647629 0.0003692935 0.000461406
78 0.0002756779 6.825936e-05 0.0002232393 6.632132e-06 0.0004458977 0.0003616667 0.001030175 0.0003150079 7.635836e-05 0.000539126 0.0001342884 0.0001144256
79 5.077029e-05 0.0003840269 0.0002132485 0.0002928542 0.0002732026 0.0001866844 0.0006580374 0.000367802 0.0002683768 3.874234e-05 0.0007654581 0.002009479
80 0.0007040202 0.0001194937 0.0001461201 4.301286e-05 0.0005874707 0.0003845574 0.001549858 0.0001284541 0.000648803 0.0001869963 0.0003906186 0.0009828528
81 0.0003330235 0.0001640076 0.0001543849 0.0001937459 0.0001547915 0.0001623408 4.287647e-05 0.0002570349 0.0001802852 0.0001938545 4.457133e-05 0.0003222801
82 5.48341e-05 2.1434e-07 0.0002157541 0.0001196475 0.0003453639 1.335559e-05 0.0004979093 0.0005289746 0.0008192257 0.0006092243 0.0008380853 0.0003659613
83 0.0004688214 0.0001710497 0.0001009846 0.0002224063 0.0003672074 6.688947e-05 0.0006294137 0.0002289843 0.000113988 1.027e-06 0.001239797 0.0003882268
84 0.0007861813 7.12308e-05 0.000252118 0.0002414846 0.0006939341 0.0005666085 0.0007494499 0.000147362 0.0005027688 0.0002990546 0.0007765445 0.0004670156
85 6.233822e-05 0.0002152257 0.0001563806 8.062013e-05 0.000478566 0.0003205305 0.001039089 0.001090239 0.000120512 0.0008913679 0.0009157074 0.0007186179
86 0.0006371394 2.394016e-05 7.838052e-05 0.0003142768 0.0003072189 0.0006887008 0.0005191029 0.0001314744 0.0005737418 0.0003800622 0.0003084916 0.0003465062
87 0.0005824693 0.0001597031 5.116172e-05 0.0007519496 0.0005558185 0.0006171367 0.0004052488 6.6248e-05 0.0008906189 0.0002733241 0.0002238933 0.000781362
88 0.0006508931 2.122616e-05 0.0005207591 0.0002107034 0.0001972286 1.837716e-05 0.003251546 0.0005856849 0.0002671534 0.0002143977 0.0008596538 0.0006735943
89 0.000317931 0.0001010858 0.0004035737 0.0002580944 0.0004914287 6.532615e-05 0.0007776695 8.076689e-05 0.000919662 3.38166e-05 0.0005760724 0.001246291
90 0.0003386285 5.285964e-05 0.0002827156 7.472226e-05 0.0002121136 3.284533e-05 0.0007795289 0.0001008422 8.711932e-05 0.0002156164 0.001763423 7.762862e-05
91 0.0002427474 6.794072e-05 6.992242e-05 3.713918e-05 0.000204363 0.0005033862 6.505169e-05 6.863966e-05 0.0005115187 6.415051e-05 0.0004064535 0.0004675856
92 0.0006012322 0.000152193 0.0004389972 0.0004414423 0.0001672584 0.0003859176 0.0009776468 0.0001211203 0.0007616909 0.0001930231 0.001048251 0.002465986
93 0.0002190527 2.049701e-05 0.0002260132 0.0002198212 0.0001918975 0.0006939359 0.000313815 0.0001054874 0.0008584314 0.0002283271 0.0002970547 0.001746653
94 0.0002039238 5.682959e-05 0.0003552238 0.0001313079 5.04996e-05 0.001037454 0.001008991 3.193689e-05 0.0006961313 0.0003055314 0.0005539089 0.001495499
95 0.000134028 0.0001378348 0.0007197985 0.0002619139 0.0001594678 0.001160575 0.000536117 0.000229702 0.001356854 0.0005112913 0.001187771 0.0001383898
96 7.351335e-05 0.0001529268 0.0003671717 0.0002024814 7.81717e-06 3.526256e-05 0.0002282837 3.317069e-05 0.001252531 9.237496e-05 0.0003959866 0.0003971764
97 0.0001262534 0.0003326767 0.0006192966 3.660221e-05 0.0002557796 0.0009548165 0.001618817 0.0003964574 0.001223174 0.0005827118 0.0003997547 0.001689052
98 0.00129191 0.0003264687 0.0007407369 0.0004179624 0.0002593798 0.0007469696 0.0005466469 7.228928e-05 0.0002398864 0.0003866678 0.0004272187 0.0006390212
99 0.0003687641 2.321674e-05 0.0009358264 0.0006543411 0.001668421 0.0004840228 0.0003197828 0.0003068503 0.0006771966 0.0001365783 0.0001807319 0.0006504706
100 6.773385e-05 0.0001012921 0.0003700054 0.0001492028 0.0001470237 0.0003400788 0.00049948 0.0001047001 0.0007986934 0.0002099633 0.0005702313 0.0004925923
