1 0.3487034 0.1088832 0.1088832 0.239802 0.3658158 0.0956586 0.0956586 0.8833595 0.774975 0.6409077 0.6409077 0.1308392
2 0.4871439 0.7401242 0.7401242 0.04425113 0.3497258 0.6018149 0.6018149 0.1953009 0.7949452 1.130793 1.130793 0.3058758
3 0.1063565 0.07240076 0.07240076 0.3632054 0.8816715 0.216321 0.216321 0.1590997 0.0006024233 0.01431865 0.01431865 0.6262163
4 0.2626777 0.01156762 0.01156762 0.2009162 1.551406 0.4826153 0.4826153 0.219801 0.4114078 0.3843842 0.3843842 0.7530151
5 0.2388851 0.189073 0.189073 0.5610541 0.7775512 0.2249159 0.2249159 0.08978546 0.1794003 0.04977992 0.04977992 0.452347
6 0.5082615 0.007391768 0.007391768 0.3086637 1.493772 0.4185236 0.4185236 0.1079352 0.9472059 0.2706894 0.2706894 0.2760145
7 0.2957362 0.02092193 0.02092193 0.1285699 0.9121939 0.9749623 0.9749623 0.8551469 0.3736435 0.05041216 0.05041216 0.197893
8 0.433858 0.1430371 0.1430371 0.6436233 2.765135 0.003835515 0.003835515 0.8114423 0.3862076 0.254979 0.254979 0.1056267
9 0.3341522 0.2868454 0.2868454 1.085037 0.3561223 0.1039011 0.1039011 0.3547258 0.5103881 0.2273382 0.2273382 1.211069
10 0.07642956 0.009079349 0.009079349 0.03626127 0.1492452 1.321196 1.321196 2.361913 0.03935587 0.08447657 0.08447657 0.05149383
11 0.1294633 0.09275273 0.09275273 0.6032383 1.107113 0.3644093 0.3644093 1.007324 0.4331965 0.1954502 0.1954502 0.5620011
12 0.1543763 0.1178193 0.1178193 0.4125582 1.369117 0.2609229 0.2609229 0.39482 0.4367686 0.1807378 0.1807378 0.6375925
13 0.1414898 0.08675744 0.08675744 0.6361298 0.9569321 0.2055903 0.2055903 0.1353756 0.1029498 0.08630524 0.08630524 0.902648
14 0.09675289 0.03588478 0.03588478 0.3802829 0.5834194 0.001290762 0.001290762 1.023332 0.1950165 0.0371052 0.0371052 0.2795659
15 0.4213234 0.2809888 0.2809888 0.06640798 0.2367411 0.354865 0.354865 0.5840737 0.5726199 0.0893762 0.0893762 0.8595506
16 0.1394565 0.04265641 0.04265641 0.414358 0.8848474 0.2593086 0.2593086 0.5349332 0.3993819 0.496401 0.496401 0.2644678
17 0.2991331 0.08702654 0.08702654 0.4896025 0.8800283 0.03269637 0.03269637 0.1518872 0.3488864 0.2703213 0.2703213 0.3221232
18 0.02663698 0.1356773 0.1356773 0.2316295 0.5163469 0.07192995 0.07192995 0.6306526 0.04512725 0.3105636 0.3105636 0.3582424
19 0.02627706 0.0774415 0.0774415 0.3162379 0.6181618 0.7393989 0.7393989 1.29908 0.1487897 0.1638337 0.1638337 0.5249718
20 0.3083272 0.1559207 0.1559207 0.1865504 0.4766738 0.03109404 0.03109404 0.3897047 0.4421192 0.1695807 0.1695807 0.305466
21 0.1311662 0.2474601 0.2474601 0.3697702 2.353302 1.892441 1.892441 0.3906234 0.05740463 0.8065752 0.8065752 0.6697641
22 0.0193924 0.2027293 0.2027293 0.1809477 0.2524131 0.4150979 0.4150979 0.01838036 0.02818036 0.5493527 0.5493527 0.5596326
23 0.05995554 0.187395 0.187395 0.2551565 0.0478007 0.1014667 0.1014667 0.00656317 1.246245 0.3286302 0.3286302 0.4695305
24 0.03074841 0.2489593 0.2489593 0.139559 1.022268 0.2290349 0.2290349 1.212262 0.9988093 0.270223 0.270223 0.2452009
25 0.2429874 0.0507617 0.0507617 0.2240206 1.362343 0.08135351 0.08135351 0.9653462 0.3580216 0.03683269 0.03683269 0.1424308
26 0.3122514 0.1166629 0.1166629 0.1569306 0.2725017 0.2078926 0.2078926 0.4092657 0.1891041 0.3134252 0.3134252 0.4484874
27 0.06307249 0.1456808 0.1456808 0.1306273 0.2594896 0.04638642 0.04638642 0.3669985 0.4412889 0.04164889 0.04164889 0.03340192
28 0.2026163 0.1682657 0.1682657 0.5895799 0.8319684 0.9344621 0.9344621 1.269548 0.2581987 0.576721 0.576721 1.460896
29 0.155668 0.02025469 0.02025469 0.02784288 0.6529479 0.6300368 0.6300368 0.3968926 0.4010457 0.04954842 0.04954842 0.3209917
30 0.3191152 0.1278348 0.1278348 0.2275516 0.2372512 0.004334255 0.004334255 0.7164442 0.5865847 0.01776375 0.01776375 0.356312
31 0.1043729 0.09744408 0.09744408 0.3005047 1.552376 0.5192343 0.5192343 0.01861155 0.3910839 0.3849522 0.3849522 0.5596809
32 0.2022994 0.03198543 0.03198543 0.1012055 1.059203 0.1684271 0.1684271 0.7378346 0.2354284 0.01431945 0.01431945 0.09969151
33 0.04596636 0.1218203 0.1218203 0.02115447 0.4557476 0.3244545 0.3244545 0.185186 0.9259923 0.03968691 0.03968691 0.450157
34 0.2260814 0.1837367 0.1837367 0.2807979 0.3935637 0.4553462 0.4553462 0.1885752 0.054106 0.3155063 0.3155063 0.6477254
35 0.4774536 0.2019846 0.2019846 0.6002833 1.021538 1.300833 1.300833 1.837557 1.338445 0.4038745 0.4038745 0.3337151
36 0.3708291 0.6223843 0.6223843 1.169667 0.7725351 0.6805357 0.6805357 1.68546 0.703863 0.6526581 0.6526581 0.546858
37 0.3474359 0.308323 0.308323 0.5945696 0.8627234 0.8002547 0.8002547 0.1048791 0.49326 0.4659995 0.4659995 0.8215216
38 0.1258586 0.1462036 0.1462036 0.1067799 0.5939221 0.1547962 0.1547962 1.120425 0.3454992 0.04682978 0.04682978 0.1225864
39 0.232589 0.01909382 0.01909382 0.1027723 2.644892 0.9940787 0.9940787 0.07183825 0.2016772 0.1707285 0.1707285 0.3645059
40 0.09556654 0.07669594 0.07669594 0.1612132 0.4891027 0.2410723 0.2410723 0.03676024 0.02012173 0.4101379 0.4101379 1.045139
41 0.0652948 0.2168517 0.2168517 0.258365 0.1111389 0.3680613 0.3680613 0.1890965 0.404085 0.2462501 0.2462501 0.3760191
42 0.2708531 0.04133822 0.04133822 0.1055415 0.2032557 0.3060794 0.3060794 0.348405 0.5230025 0.01017269 0.01017269 0.1377365
43 0.227949 0.05270564 0.05270564 0.5030427 0.03270912 0.06629769 0.06629769 0.2414257 0.7016793 0.1376393 0.1376393 0.5417993
44 0.4119518 0.05138699 0.05138699 0.5058861 0.2505736 0.3681354 0.3681354 0.5915765 0.1556642 0.04139301 0.04139301 0.09619244
45 0.09868707 0.1081741 0.1081741 0.3026624 1.218588 0.2885925 0.2885925 0.5898181 0.1020149 0.2043736 0.2043736 0.325867
46 0.04377603 0.344316 0.344316 0.168285 1.418153 1.011197 1.011197 0.166862 0.1579693 0.5633911 0.5633911 0.7611576
47 0.09379725 0.2156647 0.2156647 0.1243482 1.270667 0.04797261 0.04797261 0.5621351 0.306745 0.6680949 0.6680949 0.4982256
48 0.5102724 0.01944036 0.01944036 0.4316622 0.1434845 0.09699985 0.09699985 0.2516984 0.7399865 0.2461615 0.2461615 0.1389306
49 0.02459448 0.02569196 0.02569196 0.2742293 0.1489821 0.3600114 0.3600114 0.1022704 0.1219023 0.07527095 0.07527095 0.5117129
50 0.2057906 0.1226812 0.1226812 0.6420547 0.8860998 0.8817628 0.8817628 0.3837629 0.1792648 0.1203457 0.1203457 0.905214
51 0.1386454 0.2077255 0.2077255 0.03057799 0.01197908 0.04845631 0.04845631 0.4728059 0.5869395 0.2236927 0.2236927 0.1393713
52 0.5796878 0.8785408 0.8785408 1.097883 1.272882 0.4474521 0.4474521 0.7462666 2.381563 1.463292 1.463292 0.3418278
53 0.2843411 0.133209 0.133209 0.2229173 0.04802164 0.08576073 0.08576073 0.4722285 0.435763 0.110495 0.110495 0.2658948
54 0.9093201 0.3599419 0.3599419 0.602199 0.4676002 0.05459742 0.05459742 0.03735556 1.384076 0.495469 0.495469 0.2886743
55 0.09537475 0.3204835 0.3204835 0.1977115 0.0227013 0.7961209 0.7961209 1.15377 0.1025626 0.5768329 0.5768329 0.6815639
56 0.02861398 0.1355545 0.1355545 0.102089 0.08402597 0.3679707 0.3679707 1.151508 0.217312 0.366518 0.366518 0.5080816
57 0.2555762 0.06157238 0.06157238 0.3814537 1.139503 0.171123 0.171123 0.485154 0.40577 0.2660094 0.2660094 0.9892481
58 0.3927391 0.6694074 0.6694074 0.3399531 0.07495521 0.6452086 0.6452086 0.3394051 1.236704 1.655457 1.655457 1.169793
59 0.216989 0.364628 0.364628 0.09677801 0.02350083 0.3302292 0.3302292 1.303106 0.3905249 0.06114273 0.06114273 0.4190727
60 0.1686356 0.1269198 0.1269198 0.1589059 1.636061 0.1228599 0.1228599 0.7909506 0.2869921 0.05005715 0.05005715 0.2425355
61 0.2660995 0.24954 0.24954 0.07993398 1.414276 0.3980833 0.3980833 0.4411131 0.4331637 0.2360294 0.2360294 0.3855554
62 0.009221342 0.01903864 0.01903864 0.3950362 1.062766 1.028565 1.028565 1.515113 0.07789192 0.1089234 0.1089234 0.8917117
63 0.08218487 0.1317014 0.1317014 0.1469064 0.7373315 0.8916994 0.8916994 0.4821069 0.1607888 0.1210684 0.1210684 0.09128204
64 0.355218 0.2786272 0.2786272 0.2373562 0.6586001 0.008078117 0.008078117 0.7147858 0.4653728 0.3644654 0.3644654 0.1635228
65 0.06978867 0.1170102 0.1170102 0.07174951 0.6652697 0.4305151 0.4305151 0.4703172 0.3457223 0.3851301 0.3851301 0.1697722
66 0.2142006 0.02086581 0.02086581 0.336732 1.8177 1.271456 1.271456 0.8688469 0.5608495 0.3070359 0.3070359 0.884502
67 0.1947323 0.0395206 0.0395206 0.2199726 0.8055768 0.4737772 0.4737772 0.9769699 0.105327 0.1967378 0.1967378 0.8302314
68 0.1634635 0.08373891 0.08373891 0.3943464 1.806259 0.8599821 0.8599821 0.1007253 0.364738 0.3367967 0.3367967 0.4546603
69 0.1072822 0.1182628 0.1182628 0.52681 0.4129539 0.3008767 0.3008767 0.8897051 0.3645238 0.1413438 0.1413438 0.09147778
70 0.1942902 0.03376895 0.03376895 0.03191335 0.208712 0.2509238 0.2509238 0.381854 0.4366387 0.09181306 0.09181306 0.1897288
71 0.02112527 0.05483662 0.05483662 0.01763674 4.978306 3.754666 3.754666 2.82486 0.3458661 0.09718184 0.09718184 0.4059964
72 0.112983 0.01233833 0.01233833 0.3793906 0.4654194 0.02524613 0.02524613 0.1962289 0.3998735 0.3390148 0.3390148 0.006394924
73 0.1924891 0.04130384 0.04130384 0.4509384 3.2593 2.048417 2.048417 0.06883522 0.2051613 0.2571101 0.2571101 0.6799406
74 0.281859 0.6394854 0.6394854 1.185201 1.091658 0.3435104 0.3435104 1.823346 1.750079 1.157453 1.157453 1.078982
75 0.2364805 0.2195766 0.2195766 0.2227683 0.04100905 0.3531543 0.3531543 0.1247186 0.4154764 0.3524852 0.3524852 0.1975595
76 0.05814226 0.1462634 0.1462634 0.08940537 1.120028 0.1254013 0.1254013 0.6706189 0.03812678 0.1296278 0.1296278 0.1325243
77 0.1024465 0.2607324 0.2607324 0.03920705 0.4534173 1.077055 1.077055 1.948197 0.9470683 0.608469 0.608469 0.1824152
78 0.01661986 0.2562872 0.2562872 0.09536324 0.5900079 0.2116656 0.2116656 0.3323116 0.7641512 0.3810191 0.3810191 0.2302307
79 0.2695072 0.1111892 0.1111892 0.6561754 0.1543639 0.3271495 0.3271495 0.02579905 0.02761435 0.8042812 0.8042812 0.8604732
80 0.03522261 0.01045211 0.01045211 0.003388776 0.364808 0.004477853 0.004477853 0.8809545 0.4263099 0.1990136 0.1990136 0.287026
81 0.2644496 0.1923624 0.1923624 0.02884022 0.5007719 0.30637 0.30637 0.9502387 0.4233737 0.4055342 0.4055342 0.3249136
82 0.08607931 0.04811214 0.04811214 0.1374939 0.9355922 0.08145597 0.08145597 0.2585885 0.1226217 0.06487174 0.06487174 0.2373513
83 0.03683922 0.1430671 0.1430671 0.2249416 0.8455552 0.2369619 0.2369619 0.9701749 0.281154 0.3281625 0.3281625 0.00645043
84 0.3151543 0.01566795 0.01566795 0.4214467 0.5004646 0.3512365 0.3512365 0.148721 1.051079 0.1613177 0.1613177 0.6402398
85 0.09517238 0.1005658 0.1005658 0.08043176 1.310536 1.383295 1.383295 0.971367 0.08908374 0.1298141 0.1298141 0.1377019
86 0.05680876 0.1805151 0.1805151 0.5276652 0.3212025 0.04576836 0.04576836 0.8277029 0.1014437 0.1687547 0.1687547 0.06380947
87 0.1836777 0.3677445 0.3677445 0.05966292 6.028423 2.927952 2.927952 0.8944118 0.1683502 0.3085602 0.3085602 0.1872207
88 0.1993492 0.2898581 0.2898581 0.3616927 0.1637986 0.05679384 0.05679384 0.4258612 0.4533447 0.1203109 0.1203109 0.6721476
89 0.2296934 0.1047921 0.1047921 0.03224731 0.4467522 0.06873339 0.06873339 0.5431157 1.063417 0.003724308 0.003724308 1.005789
90 0.3296274 0.08318771 0.08318771 0.4358155 1.593581 0.6544162 0.6544162 0.4013651 0.4148608 0.1008277 0.1008277 0.5006853
91 0.3780153 0.1338642 0.1338642 0.003484255 0.1507401 0.545082 0.545082 0.3567905 0.9125439 0.1200481 0.1200481 0.2047602
92 0.2309381 0.001562075 0.001562075 0.8080168 0.273539 0.2360176 0.2360176 1.413596 0.6886512 0.03381775 0.03381775 1.091139
93 0.462039 0.3329832 0.3329832 0.1912439 0.5682976 1.091548 1.091548 1.704616 1.787362 1.286912 1.286912 0.7828389
94 0.07786501 0.2937397 0.2937397 0.2274186 0.3528041 0.63615 0.63615 1.612084 0.1940101 0.09864982 0.09864982 0.9211608
95 0.4068549 0.2003519 0.2003519 0.1675857 0.2066297 0.4090077 0.4090077 0.8726306 1.099632 0.3560737 0.3560737 0.1379074
96 0.03480654 0.1366862 0.1366862 0.2384877 0.2927422 0.09633217 0.09633217 0.6005208 0.2235348 0.2334323 0.2334323 0.4142917
97 0.05824927 0.08487891 0.08487891 0.3262205 0.1420658 0.6437919 0.6437919 0.3992146 0.2703851 0.07930442 0.07930442 0.2250009
98 0.04191238 0.2377718 0.2377718 0.8654153 1.351105 0.5357579 0.5357579 0.3900616 0.03670687 0.1398004 0.1398004 0.04857429
99 0.1955634 0.05707317 0.05707317 0.4415938 1.062213 0.3616804 0.3616804 0.839221 0.4667068 0.1369634 0.1369634 0.6386217
100 0.5120198 0.1583313 0.1583313 0.1706563 1.26554 0.5204518 0.5204518 0.2695832 0.8071391 0.4822945 0.4822945 0.07556312
