1 0.538216 0.6803098 0.3483934
2 0.2145077 1.896151 0.4503612
3 0.3079147 1.260284 0.08902196
4 0.2753719 1.032769 0.07721067
5 1.404909 0.8640855 0.2836386
6 0.4718754 0.1079793 0.6365151
7 0.7840656 4.142358 0.4232816
8 0.7489994 0.08424844 0.3894935
9 0.09595856 1.347712 0.09769447
10 1.122688 1.256434 0.4495566
11 0.333445 0.02869975 0.4395426
12 0.05360804 0.03183183 0.4043359
13 0.8420739 0.5577712 0.1711053
14 0.03125259 0.8833301 0.5186899
15 0.1451286 0.9852591 0.06042323
16 0.9267312 1.208137 0.2943728
17 1.42368 2.274713 0.03939631
18 1.379597 1.494924 0.190722
19 0.743021 0.3734285 0.5246695
20 0.3395525 1.698649 0.1484514
21 0.2591873 1.310892 0.2760554
22 0.9661214 4.981793 0.3026002
23 0.783128 0.7758636 0.2648039
24 0.202889 0.6643884 0.108159
25 0.8001324 1.529741 0.3447938
26 0.4275842 2.524474 0.3486374
27 0.7101357 1.06196 0.09717364
28 0.499152 1.521929 0.2249346
29 0.8670565 1.78524 0.1467576
30 0.3177709 1.098621 0.1275122
31 1.727136 1.930903 0.6771978
32 0.6789657 1.394969 0.4105024
33 0.550885 0.07693981 0.2300009
34 0.5888924 0.418864 0.0541041
35 0.4059586 0.3127871 0.5422446
36 1.11312 0.9179948 0.369079
37 0.7279327 2.13593 0.3349203
38 0.7606872 0.9195306 0.1783223
39 0.6926338 0.3195744 0.4215829
40 0.1355999 0.5476867 0.05466211
41 0.667645 1.289331 0.5022654
42 1.127921 2.678873 0.4394167
43 0.4042695 0.6859457 0.0945265
44 0.573088 0.5098662 0.1763307
45 0.4246615 1.106622 0.3341946
46 1.054651 0.4650468 0.09866623
47 1.417006 1.650775 0.2387303
48 0.4208588 0.7878604 0.3349405
49 0.3650292 2.708747 0.2612797
50 0.002696354 2.002612 0.1592437
51 0.4660672 1.633898 0.2536403
52 0.06075068 1.112323 0.3456643
53 0.5595451 1.856316 0.05841078
54 0.2959097 0.2438424 0.6661841
55 0.09221834 0.3885084 0.2171524
56 0.9978179 0.5459953 0.2476214
57 0.04561178 1.12117 0.4201696
58 0.559762 1.15343 0.2412737
59 0.06517626 2.053618 0.07705951
60 0.7242309 1.338781 0.2147
61 1.009107 2.709225 0.5209781
62 0.01577895 1.792004 0.2574857
63 0.04904656 0.7938942 0.238205
64 0.5574344 1.136238 0.5115807
65 1.497939 0.1087628 0.3638211
66 0.1003427 1.445984 0.3315425
67 0.4692395 0.3221266 0.4365161
68 0.3940248 0.7466829 0.3494326
69 0.3731403 2.229614 0.824573
70 0.858405 0.9402779 0.0005111338
71 0.8405996 1.267579 0.3075471
72 1.226389 0.3361582 0.1525262
73 0.4079362 2.141066 0.0409594
74 1.342481 0.3295905 0.1706221
75 0.3346659 1.318514 0.1048057
76 0.9841247 0.8099953 0.0300219
77 0.1831465 1.801429 0.1960077
78 0.06938209 0.2441428 0.424512
79 0.994096 1.235362 0.08646374
80 0.09360492 0.8528085 0.05313561
81 0.0692826 1.3741 0.8119796
82 1.998831 0.4417131 0.3357994
83 1.689149 1.613098 0.2596688
84 0.1078803 0.2183695 0.7211911
85 1.44406 1.756945 0.06567601
86 1.348762 1.892575 0.6115186
87 0.6486276 0.277588 0.3939355
88 0.09685529 0.9398137 0.1474575
89 1.249469 1.849119 0.02143331
90 0.2895786 0.2108621 0.01647571
91 0.5095515 0.02190549 0.2015445
92 0.8305513 1.057111 0.5115925
93 0.4268478 0.6279576 0.07300501
94 0.3955596 0.4795576 0.1474037
95 0.4406048 1.760505 0.3660481
96 1.477378 0.7444162 0.0596739
97 1.400888 0.7275278 0.4925766
98 0.4282976 1.072299 0.3432301
99 0.15447 0.06277156 0.02251886
100 0.2173348 0.6803661 0.2648989
