1 0.0001071083 0 0 0 0 0 0 0.0003013144 0 0 0 0 0 0 0.000200978 0 0 0 0 0 0 0.0006549533 0 0 0 0 0 0 0.0012581 0 0 0 0 0 0 0.0004141727
2 0.001472977 0 0 0 0 0 0 7.204117e-05 0 0 0 0 0 0 0.001655583 0 0 0 0 0 0 0.001230328 0 0 0 0 0 0 0.0021644 0 0 0 0 0 0 0.0008213087
3 0.0002733403 0 0 0 0 0 0 0.0005260873 0 0 0 0 0 0 0.0005379388 0 0 0 0 0 0 0.0005451625 0 0 0 0 0 0 9.98917e-05 0 0 0 0 0 0 0.002102313
4 0.0006385988 0 0 0 0 0 0 0.0003697654 0 0 0 0 0 0 0.0008364856 0 0 0 0 0 0 0.0003431937 0 0 0 0 0 0 1.147871e-05 0 0 0 0 0 0 0.0008078968
5 0.001358076 0 0 0 0 0 0 0.0004573974 0 0 0 0 0 0 0.001140349 0 0 0 0 0 0 0.0005829062 0 0 0 0 0 0 0.003342053 0 0 0 0 0 0 0.002092756
6 0.0006197654 0 0 0 0 0 0 0.000305412 0 0 0 0 0 0 0.000395998 0 0 0 0 0 0 0.0003566728 0 0 0 0 0 0 0.0006250292 0 0 0 0 0 0 0.0007098456
7 0.0009192532 0 0 0 0 0 0 0.0002411139 0 0 0 0 0 0 0.001391484 0 0 0 0 0 0 0.000319753 0 0 0 0 0 0 0.002034228 0 0 0 0 0 0 0.00125052
8 0.0001573775 0 0 0 0 0 0 0.0009737678 0 0 0 0 0 0 0.0003813489 0 0 0 0 0 0 0.001235318 0 0 0 0 0 0 0.002443688 0 0 0 0 0 0 0.001982286
9 0.0004040138 0 0 0 0 0 0 0.0001570148 0 0 0 0 0 0 0.0001218878 0 0 0 0 0 0 0.001237362 0 0 0 0 0 0 0.0008417241 0 0 0 0 0 0 0.002296438
10 0.0001386501 0 0 0 0 0 0 4.748451e-06 0 0 0 0 0 0 7.403351e-06 0 0 0 0 0 0 0.0004527132 0 0 0 0 0 0 0.002116913 0 0 0 0 0 0 0.003248042
11 0.0001476861 0 0 0 0 0 0 0.0001324706 0 0 0 0 0 0 0.0003826155 0 0 0 0 0 0 0.0006115849 0 0 0 0 0 0 0.001475324 0 0 0 0 0 0 0.001237075
12 0.0005982595 0 0 0 0 0 0 0.0003261614 0 0 0 0 0 0 1.234445e-05 0 0 0 0 0 0 0.0004574254 0 0 0 0 0 0 0.00263112 0 0 0 0 0 0 0.00164835
13 0.0003331971 0 0 0 0 0 0 0.0001643203 0 0 0 0 0 0 0.0002854966 0 0 0 0 0 0 8.81523e-05 0 0 0 0 0 0 0.0004800231 0 0 0 0 0 0 0.002277907
14 0.0004660427 0 0 0 0 0 0 0.0003210285 0 0 0 0 0 0 0.001099554 0 0 0 0 0 0 0.0005934076 0 0 0 0 0 0 0.0006058733 0 0 0 0 0 0 0.0007280534
15 0.0003091712 0 0 0 0 0 0 0.0004857303 0 0 0 0 0 0 0.0009011681 0 0 0 0 0 0 0.0001173379 0 0 0 0 0 0 0.001876451 0 0 0 0 0 0 0.001748015
16 0.0002773701 0 0 0 0 0 0 9.035578e-05 0 0 0 0 0 0 0.000122393 0 0 0 0 0 0 4.191754e-05 0 0 0 0 0 0 0.001755445 0 0 0 0 0 0 0.001773601
17 0.0004570971 0 0 0 0 0 0 0.0001573251 0 0 0 0 0 0 0.0005372824 0 0 0 0 0 0 0.001196776 0 0 0 0 0 0 0.00218165 0 0 0 0 0 0 0.0002618061
18 4.908903e-05 0 0 0 0 0 0 0.0002235981 0 0 0 0 0 0 0.0001093365 0 0 0 0 0 0 0.0004507861 0 0 0 0 0 0 0.001077879 0 0 0 0 0 0 0.00025407
19 0.001584434 0 0 0 0 0 0 0.0008013339 0 0 0 0 0 0 0.0007733067 0 0 0 0 0 0 0.0005303106 0 0 0 0 0 0 0.001541956 0 0 0 0 0 0 0.0002050184
20 0.0005889007 0 0 0 0 0 0 0.0005071322 0 0 0 0 0 0 0.0003280618 0 0 0 0 0 0 0.001332983 0 0 0 0 0 0 1.147978e-05 0 0 0 0 0 0 0.001642462
21 0.0007509752 0 0 0 0 0 0 0.0002621242 0 0 0 0 0 0 0.0005533348 0 0 0 0 0 0 4.583366e-05 0 0 0 0 0 0 0.001048368 0 0 0 0 0 0 3.466675e-05
22 0.0003848693 0 0 0 0 0 0 3.468705e-05 0 0 0 0 0 0 0.0006235739 0 0 0 0 0 0 0.001716694 0 0 0 0 0 0 0.0006943758 0 0 0 0 0 0 0.002293207
23 0.0005469536 0 0 0 0 0 0 7.578367e-05 0 0 0 0 0 0 0.001830735 0 0 0 0 0 0 0.0006599831 0 0 0 0 0 0 0.00163509 0 0 0 0 0 0 0.002016464
24 6.740226e-05 0 0 0 0 0 0 7.566764e-05 0 0 0 0 0 0 0.000938146 0 0 0 0 0 0 0.0004437036 0 0 0 0 0 0 0.0009262283 0 0 0 0 0 0 0.003087676
25 0.0006883591 0 0 0 0 0 0 0.0002920787 0 0 0 0 0 0 0.000850553 0 0 0 0 0 0 0.0008904286 0 0 0 0 0 0 0.001008616 0 0 0 0 0 0 6.738543e-05
26 0.0004773683 0 0 0 0 0 0 0.0004353439 0 0 0 0 0 0 0.001836656 0 0 0 0 0 0 0.0007942686 0 0 0 0 0 0 0.0009579165 0 0 0 0 0 0 0.0003277066
27 0.0009062925 0 0 0 0 0 0 0.0002425324 0 0 0 0 0 0 0.0003041512 0 0 0 0 0 0 0.0006816883 0 0 0 0 0 0 0.0010962 0 0 0 0 0 0 0.003724889
28 0.000353129 0 0 0 0 0 0 0.0004174115 0 0 0 0 0 0 0.0006516572 0 0 0 0 0 0 0.0002756073 0 0 0 0 0 0 0.0003270842 0 0 0 0 0 0 0.001914358
29 0.0002862851 0 0 0 0 0 0 0.0004345697 0 0 0 0 0 0 0.0002532183 0 0 0 0 0 0 0.0002907948 0 0 0 0 0 0 2.706552e-05 0 0 0 0 0 0 0.000961823
30 0.0003409232 0 0 0 0 0 0 0.0005103063 0 0 0 0 0 0 0.0005718675 0 0 0 0 0 0 3.34062e-05 0 0 0 0 0 0 0.0002373529 0 0 0 0 0 0 0.00141038
31 0.001702998 0 0 0 0 0 0 0.0003041992 0 0 0 0 0 0 0.0005286975 0 0 0 0 0 0 0.001254615 0 0 0 0 0 0 0.0004640772 0 0 0 0 0 0 0.00264214
32 0.00133034 0 0 0 0 0 0 0.0005254659 0 0 0 0 0 0 0.0008934072 0 0 0 0 0 0 0.001591189 0 0 0 0 0 0 0.001391431 0 0 0 0 0 0 0.002562123
33 0.0006198803 0 0 0 0 0 0 0.0004846708 0 0 0 0 0 0 0.0007202327 0 0 0 0 0 0 0.0008614013 0 0 0 0 0 0 0.001245207 0 0 0 0 0 0 0.000439173
34 8.339252e-06 0 0 0 0 0 0 0.0001150848 0 0 0 0 0 0 0.0001825253 0 0 0 0 0 0 3.122692e-05 0 0 0 0 0 0 0.001190522 0 0 0 0 0 0 0.0001594059
35 0.0002240292 0 0 0 0 0 0 0.0001174831 0 0 0 0 0 0 0.0005483222 0 0 0 0 0 0 0.0006149158 0 0 0 0 0 0 9.228239e-05 0 0 0 0 0 0 0.000610341
36 0.0005089445 0 0 0 0 0 0 0.0001158321 0 0 0 0 0 0 0.0009945862 0 0 0 0 0 0 0.0008753604 0 0 0 0 0 0 9.945916e-05 0 0 0 0 0 0 0.002246426
37 0.0007284027 0 0 0 0 0 0 0.0003160617 0 0 0 0 0 0 0.0005751171 0 0 0 0 0 0 0.0003605393 0 0 0 0 0 0 0.001993694 0 0 0 0 0 0 0.0007319761
38 0.001029929 0 0 0 0 0 0 0.0004642157 0 0 0 0 0 0 0.0002215967 0 0 0 0 0 0 0.0001857632 0 0 0 0 0 0 0.000244236 0 0 0 0 0 0 0.0007229842
39 0.001208622 0 0 0 0 0 0 0.000354277 0 0 0 0 0 0 0.0009383696 0 0 0 0 0 0 0.0001257737 0 0 0 0 0 0 4.012208e-05 0 0 0 0 0 0 0.0002819074
40 0.0007710031 0 0 0 0 0 0 0.0003112014 0 0 0 0 0 0 0.001394331 0 0 0 0 0 0 0.001246349 0 0 0 0 0 0 0.0008033825 0 0 0 0 0 0 0.001428122
41 0.0007649288 0 0 0 0 0 0 7.827834e-05 0 0 0 0 0 0 0.0003986904 0 0 0 0 0 0 0.0004364941 0 0 0 0 0 0 0.0003301335 0 0 0 0 0 0 0.001639507
42 0.0005617967 0 0 0 0 0 0 0.0001105746 0 0 0 0 0 0 0.0004387399 0 0 0 0 0 0 1.673851e-05 0 0 0 0 0 0 0.001561975 0 0 0 0 0 0 0.002442814
43 0.0003771233 0 0 0 0 0 0 0.000162684 0 0 0 0 0 0 0.0002539499 0 0 0 0 0 0 0.0009791253 0 0 0 0 0 0 0.001570849 0 0 0 0 0 0 0.0002454618
44 0.0006223739 0 0 0 0 0 0 0.0002912958 0 0 0 0 0 0 0.0002664887 0 0 0 0 0 0 0.000466092 0 0 0 0 0 0 0.0001309751 0 0 0 0 0 0 0.001543993
45 0.0003954628 0 0 0 0 0 0 0.0007969323 0 0 0 0 0 0 8.722235e-05 0 0 0 0 0 0 0.001092326 0 0 0 0 0 0 0.0008072938 0 0 0 0 0 0 4.024694e-05
46 0.0005428131 0 0 0 0 0 0 0.000671579 0 0 0 0 0 0 0.0008857798 0 0 0 0 0 0 0.001410403 0 0 0 0 0 0 0.0005441353 0 0 0 0 0 0 0.0003934376
47 0.0002489088 0 0 0 0 0 0 0.0001235834 0 0 0 0 0 0 0.000342282 0 0 0 0 0 0 0.0009943317 0 0 0 0 0 0 0.001915047 0 0 0 0 0 0 0.001843476
48 0.0005725104 0 0 0 0 0 0 7.775977e-05 0 0 0 0 0 0 0.0001560935 0 0 0 0 0 0 0.0006694644 0 0 0 0 0 0 0.001655672 0 0 0 0 0 0 0.0009895265
49 0.0001717941 0 0 0 0 0 0 0.0004111567 0 0 0 0 0 0 0.001132773 0 0 0 0 0 0 0.002348092 0 0 0 0 0 0 0.00106209 0 0 0 0 0 0 0.001112911
50 0.0001297202 0 0 0 0 0 0 0.0001346517 0 0 0 0 0 0 0.002108244 0 0 0 0 0 0 0.000561068 0 0 0 0 0 0 0.0007508179 0 0 0 0 0 0 0.001268815
51 0.0006864523 0 0 0 0 0 0 0.00067667 0 0 0 0 0 0 7.745635e-05 0 0 0 0 0 0 0.001060073 0 0 0 0 0 0 0.00052451 0 0 0 0 0 0 0.0003316922
52 0.0007025848 0 0 0 0 0 0 4.324356e-05 0 0 0 0 0 0 0.0009135339 0 0 0 0 0 0 0.00142595 0 0 0 0 0 0 0.001248962 0 0 0 0 0 0 0.0006209958
53 0.0004108113 0 0 0 0 0 0 0.0008139485 0 0 0 0 0 0 0.0003785632 0 0 0 0 0 0 0.0001840569 0 0 0 0 0 0 0.001541446 0 0 0 0 0 0 0.0005377303
54 0.0007870257 0 0 0 0 0 0 0.0002415342 0 0 0 0 0 0 0.0005452062 0 0 0 0 0 0 0.000647709 0 0 0 0 0 0 0.0003161459 0 0 0 0 0 0 2.704069e-06
55 0.0005784814 0 0 0 0 0 0 0.0001601707 0 0 0 0 0 0 0.0004196473 0 0 0 0 0 0 7.481452e-05 0 0 0 0 0 0 0.0002354665 0 0 0 0 0 0 0.001051179
56 0.000654777 0 0 0 0 0 0 2.513773e-05 0 0 0 0 0 0 0.0007910182 0 0 0 0 0 0 0.0004262277 0 0 0 0 0 0 1.509258e-05 0 0 0 0 0 0 0.003371898
57 0.0007028311 0 0 0 0 0 0 7.80477e-07 0 0 0 0 0 0 0.0007186717 0 0 0 0 0 0 0.0003357175 0 0 0 0 0 0 0.0001127459 0 0 0 0 0 0 0.0004653653
58 0.0008705943 0 0 0 0 0 0 0.0002841798 0 0 0 0 0 0 0.0009453555 0 0 0 0 0 0 0.0003274492 0 0 0 0 0 0 0.001031322 0 0 0 0 0 0 0.0005686534
59 0.0009031912 0 0 0 0 0 0 0.0005532551 0 0 0 0 0 0 1.167134e-05 0 0 0 0 0 0 0.001083201 0 0 0 0 0 0 0.001161111 0 0 0 0 0 0 0.0001737324
60 0.0006819831 0 0 0 0 0 0 0.000874179 0 0 0 0 0 0 0.0005842839 0 0 0 0 0 0 0.001071566 0 0 0 0 0 0 0.0006686321 0 0 0 0 0 0 0.002114701
61 0.0009415687 0 0 0 0 0 0 0.0001733194 0 0 0 0 0 0 0.001104664 0 0 0 0 0 0 0.0006408594 0 0 0 0 0 0 0.002369442 0 0 0 0 0 0 0.00338163
62 0.0005865732 0 0 0 0 0 0 0.0001973327 0 0 0 0 0 0 0.0008156296 0 0 0 0 0 0 0.0005526365 0 0 0 0 0 0 0.0006823948 0 0 0 0 0 0 0.001400618
63 0.000254099 0 0 0 0 0 0 0.0001275321 0 0 0 0 0 0 0.0003781808 0 0 0 0 0 0 0.0009785671 0 0 0 0 0 0 0.002711398 0 0 0 0 0 0 3.974964e-05
64 0.00212025 0 0 0 0 0 0 7.495414e-06 0 0 0 0 0 0 0.001366929 0 0 0 0 0 0 0.0008441342 0 0 0 0 0 0 0.000335642 0 0 0 0 0 0 0.0005632909
65 0.001110667 0 0 0 0 0 0 0.0006763132 0 0 0 0 0 0 9.985594e-05 0 0 0 0 0 0 0.002023868 0 0 0 0 0 0 0.001606517 0 0 0 0 0 0 0.001717845
66 0.0002648081 0 0 0 0 0 0 0.000561817 0 0 0 0 0 0 0.001138307 0 0 0 0 0 0 0.001336934 0 0 0 0 0 0 3.569309e-05 0 0 0 0 0 0 0.0007664045
67 3.847961e-05 0 0 0 0 0 0 0.0001768198 0 0 0 0 0 0 0.001689205 0 0 0 0 0 0 0.0004182341 0 0 0 0 0 0 0.001637155 0 0 0 0 0 0 0.001344112
68 0.0005226143 0 0 0 0 0 0 0.0003364868 0 0 0 0 0 0 0.0001841618 0 0 0 0 0 0 0.0001721361 0 0 0 0 0 0 0.000105234 0 0 0 0 0 0 0.001964265
69 0.0007052778 0 0 0 0 0 0 0.0005666007 0 0 0 0 0 0 0.0002982852 0 0 0 0 0 0 0.0008842852 0 0 0 0 0 0 0.001061325 0 0 0 0 0 0 0.002267893
70 0.0008198016 0 0 0 0 0 0 0.000143412 0 0 0 0 0 0 0.0003778051 0 0 0 0 0 0 0.0001432426 0 0 0 0 0 0 0.0002423694 0 0 0 0 0 0 0.002519242
71 0.001252906 0 0 0 0 0 0 0.0005094577 0 0 0 0 0 0 0.0004120157 0 0 0 0 0 0 0.001373755 0 0 0 0 0 0 0.0007005319 0 0 0 0 0 0 0.0002843127
72 9.65497e-05 0 0 0 0 0 0 7.25085e-05 0 0 0 0 0 0 0.0006768662 0 0 0 0 0 0 0.0003248852 0 0 0 0 0 0 0.002095293 0 0 0 0 0 0 0.00156191
73 0.00138444 0 0 0 0 0 0 7.064066e-05 0 0 0 0 0 0 3.731143e-05 0 0 0 0 0 0 0.0001407789 0 0 0 0 0 0 4.292019e-05 0 0 0 0 0 0 0.001716373
74 0.0002910231 0 0 0 0 0 0 0.0005492803 0 0 0 0 0 0 0.002104732 0 0 0 0 0 0 0.0001026687 0 0 0 0 0 0 4.866488e-05 0 0 0 0 0 0 0.002473425
75 0.0004289471 0 0 0 0 0 0 0.0003793101 0 0 0 0 0 0 0.000365221 0 0 0 0 0 0 0.000190012 0 0 0 0 0 0 0.001442741 0 0 0 0 0 0 0.002134174
76 0.0002150089 0 0 0 0 0 0 8.54297e-05 0 0 0 0 0 0 0.0001844187 0 0 0 0 0 0 0.0001345999 0 0 0 0 0 0 0.001838971 0 0 0 0 0 0 0.001655479
77 0.0003818297 0 0 0 0 0 0 0.0001183908 0 0 0 0 0 0 0.001522609 0 0 0 0 0 0 5.138887e-05 0 0 0 0 0 0 0.002440922 0 0 0 0 0 0 0.002142408
78 0.0002034057 0 0 0 0 0 0 0.0003549227 0 0 0 0 0 0 0.0002428709 0 0 0 0 0 0 0.0007460407 0 0 0 0 0 0 0.0008783756 0 0 0 0 0 0 0.001037464
79 0.0002023584 0 0 0 0 0 0 0.0003942255 0 0 0 0 0 0 0.0008813538 0 0 0 0 0 0 0.0008740619 0 0 0 0 0 0 0.0003461207 0 0 0 0 0 0 0.001101565
80 8.193494e-05 0 0 0 0 0 0 0.0002038241 0 0 0 0 0 0 0.001044167 0 0 0 0 0 0 0.0002187449 0 0 0 0 0 0 0.001209148 0 0 0 0 0 0 0.0009528532
81 0.0002803868 0 0 0 0 0 0 0.0003165733 0 0 0 0 0 0 0.001468633 0 0 0 0 0 0 0.0001923625 0 0 0 0 0 0 0.0006988868 0 0 0 0 0 0 0.001344274
82 0.001565584 0 0 0 0 0 0 0.0001171807 0 0 0 0 0 0 0.0001896839 0 0 0 0 0 0 0.001052602 0 0 0 0 0 0 0.0017466 0 0 0 0 0 0 0.001074379
83 0.0001894598 0 0 0 0 0 0 0.000370712 0 0 0 0 0 0 0.001210116 0 0 0 0 0 0 0.0003511282 0 0 0 0 0 0 0.000234114 0 0 0 0 0 0 0.0009788026
84 4.67831e-05 0 0 0 0 0 0 0.0006882782 0 0 0 0 0 0 0.001769469 0 0 0 0 0 0 0.000625281 0 0 0 0 0 0 0.0001393738 0 0 0 0 0 0 0.002571716
85 0.000464452 0 0 0 0 0 0 0.0006834821 0 0 0 0 0 0 0.001152329 0 0 0 0 0 0 0.000950504 0 0 0 0 0 0 0.0009715546 0 0 0 0 0 0 0.001793269
86 0.0003917011 0 0 0 0 0 0 1.748818e-05 0 0 0 0 0 0 0.0005784377 0 0 0 0 0 0 0.0007787739 0 0 0 0 0 0 0.0006923341 0 0 0 0 0 0 0.0008963624
87 0.0008705555 0 0 0 0 0 0 0.0002459056 0 0 0 0 0 0 0.0003399105 0 0 0 0 0 0 0.0006064217 0 0 0 0 0 0 0.001842245 0 0 0 0 0 0 0.0002874163
88 0.0002794774 0 0 0 0 0 0 0.0004084018 0 0 0 0 0 0 0.00013189 0 0 0 0 0 0 0.0004266749 0 0 0 0 0 0 0.001678513 0 0 0 0 0 0 9.468589e-05
89 0.001045271 0 0 0 0 0 0 0.0004386372 0 0 0 0 0 0 0.00150294 0 0 0 0 0 0 0.0009356716 0 0 0 0 0 0 0.002859719 0 0 0 0 0 0 0.001561216
90 0.0003015803 0 0 0 0 0 0 0.0002433166 0 0 0 0 0 0 4.970032e-05 0 0 0 0 0 0 0.0004107389 0 0 0 0 0 0 0.0003395354 0 0 0 0 0 0 0.0001748086
91 0.000576105 0 0 0 0 0 0 0.0001910287 0 0 0 0 0 0 0.0006074096 0 0 0 0 0 0 0.0003066343 0 0 0 0 0 0 0.002122379 0 0 0 0 0 0 0.0004494179
92 4.73612e-05 0 0 0 0 0 0 0.00012904 0 0 0 0 0 0 0.0007553024 0 0 0 0 0 0 0.0006226641 0 0 0 0 0 0 0.0006437468 0 0 0 0 0 0 0.0004200933
93 0.000916547 0 0 0 0 0 0 0.0001253127 0 0 0 0 0 0 0.0001288325 0 0 0 0 0 0 0.0003658944 0 0 0 0 0 0 0.001899729 0 0 0 0 0 0 0.0007757371
94 0.0002068248 0 0 0 0 0 0 0.0002292628 0 0 0 0 0 0 0.0008227647 0 0 0 0 0 0 0.0001593987 0 0 0 0 0 0 0.0001264899 0 0 0 0 0 0 0.001549649
95 0.0002302262 0 0 0 0 0 0 0.0001777412 0 0 0 0 0 0 2.518936e-05 0 0 0 0 0 0 0.0006164099 0 0 0 0 0 0 0.0007669463 0 0 0 0 0 0 0.0006907794
96 0.0003896026 0 0 0 0 0 0 6.162897e-06 0 0 0 0 0 0 0.0006144113 0 0 0 0 0 0 0.0009366922 0 0 0 0 0 0 0.001116183 0 0 0 0 0 0 0.004936349
97 0.0004434753 0 0 0 0 0 0 0.0002798516 0 0 0 0 0 0 0.0002726404 0 0 0 0 0 0 0.0008009172 0 0 0 0 0 0 0.0009657921 0 0 0 0 0 0 0.00215039
98 0.0001151542 0 0 0 0 0 0 0.0004531144 0 0 0 0 0 0 0.0002519638 0 0 0 0 0 0 8.152812e-05 0 0 0 0 0 0 0.001405207 0 0 0 0 0 0 0.0009862311
99 0.0003053084 0 0 0 0 0 0 2.124839e-06 0 0 0 0 0 0 0.0009478776 0 0 0 0 0 0 0.0003987748 0 0 0 0 0 0 0.0002049257 0 0 0 0 0 0 0.002251626
100 0.001097024 0 0 0 0 0 0 0.0003680358 0 0 0 0 0 0 0.0003736961 0 0 0 0 0 0 0.0005516481 0 0 0 0 0 0 0.0003942098 0 0 0 0 0 0 0.001139659
