1 0.2325509 0.3983254 0.4065203 0.2975056 0.5056266 0.9976739
2 0.4751533 0.5954659 0.7383042 0.1705979 0.3710992 0.5872508
3 0.04069687 0.07369455 0.3171018 0.1167618 0.1720269 0.1310316
4 0.009749031 0.117892 0.3119632 0.08880129 0.1075015 0.05263927
5 0.1666026 0.2515276 0.2277468 0.5867412 0.258911 0.1779423
6 0.2516949 0.1544361 0.2168435 0.1828001 0.439552 0.3217044
7 0.142865 0.1946556 0.2542005 0.04253458 0.03424484 0.169575
8 0.1628648 0.07720875 0.1130408 0.6826954 0.3451217 0.2977734
9 0.1276914 0.5491095 0.03426777 0.2574251 0.1161056 0.1178671
10 0.1271918 0.06103376 0.8783072 1.038337 0.06394106 0.05264101
11 0.04913501 0.1383442 0.3099929 0.2054244 0.1113047 0.2930153
12 0.06070426 0.1985049 0.4026591 0.05385455 0.08044202 0.2247248
13 0.103528 0.09884398 0.313726 0.1861813 0.1126396 0.1185234
14 0.004377495 0.2794102 0.543677 0.1689578 0.0373091 0.42204
15 0.3067027 0.08837984 0.03705247 0.5135288 0.1352108 0.6600557
16 0.1859467 0.16706 0.2630374 0.0732168 0.4486211 0.3698475
17 0.2137199 0.1164634 0.09463586 0.3274745 0.213678 0.1143412
18 0.05983453 0.03778499 0.1961933 0.1432143 0.03618504 0.1103423
19 0.0196616 0.2216456 0.358738 0.06703314 0.117871 0.3016159
20 0.02242208 0.1970398 0.4089961 0.2485535 0.03770662 0.1047119
21 0.6902507 0.3042596 1.390195 1.126716 1.101123 1.199185
22 0.1635945 0.002128411 0.1058 0.5472403 0.2155778 0.3896631
23 0.4543636 0.007244429 0.1329536 0.3275454 0.2505914 0.1719203
24 0.390987 0.4377915 0.06647667 0.004112926 0.7833105 0.7369516
25 0.2817352 0.07063638 0.02027449 0.4644925 0.09154003 0.1485662
26 0.0384151 0.06060742 0.3007416 0.3510222 0.2090711 0.3952631
27 0.2232698 0.2124744 0.07422261 0.2513045 0.2422945 0.3978675
28 0.05342564 0.1915468 0.2394478 0.6510053 0.06653436 0.2645784
29 0.006898476 0.5181425 0.3164569 0.947644 0.2710689 0.5631279
30 0.2638676 0.3048987 0.5781786 0.2212482 0.3864365 0.1139197
31 0.02750106 0.1739785 0.182188 0.5496595 0.1356392 0.1236487
32 0.121597 0.08861294 0.3578035 0.1302329 0.03859195 0.1931212
33 0.09247844 0.07569199 0.3640784 0.247531 0.5805003 0.4258293
34 0.04150569 0.05410455 0.2639748 0.2068918 0.2551222 0.0689631
35 0.2383155 0.2494769 0.8595474 0.7783699 0.2210538 0.0556551
36 0.3655112 0.02253712 0.3971786 0.6233301 0.2529232 0.4638449
37 0.01563154 0.4100296 0.4547471 0.3461994 0.08208497 0.3550288
38 0.2654593 0.05562978 0.6663963 0.8093222 0.09910916 0.01807854
39 0.008466102 0.1316114 0.2900051 0.2017371 0.1991732 0.208138
40 0.1571845 0.02186493 0.04017193 0.1072827 0.01543651 0.340445
41 0.1171489 0.3823294 0.3265273 0.2991894 0.1601088 0.3245213
42 0.08252335 0.06364995 0.1376588 0.01474222 0.04160921 0.02709525
43 0.03732248 0.2427603 0.212042 0.2228184 0.23626 0.1210682
44 0.3520498 0.1659918 0.3641654 0.3156136 0.104591 0.0113058
45 0.01859646 0.3474418 0.3070104 0.182758 0.04816105 0.3364011
46 0.02749696 0.1033538 0.4847513 0.05964839 0.1349766 0.1354725
47 0.1355103 0.07699154 0.4140931 0.244411 0.03996774 0.2498803
48 0.08091357 0.4837864 0.4228009 0.3594795 0.2643501 0.5499871
49 0.05493706 0.1647742 0.04263462 0.1443573 0.1018531 0.3177459
50 0.06815473 0.05449518 0.2524326 0.6419552 0.03744611 0.1563148
51 0.3503194 0.2188251 0.4382078 0.0764094 0.2384694 0.05030024
52 0.2836759 0.5323312 0.1797089 0.05346321 0.7370599 0.08908581
53 0.1203708 0.2319132 0.3668681 0.2538665 0.1556183 0.2295464
54 0.433514 0.08799332 0.07793167 0.02064715 0.2417119 0.07733713
55 0.1276918 0.4106851 0.445761 0.0703409 0.03959475 0.5847522
56 0.1700297 0.2445972 0.1180093 0.4741678 0.07106642 0.4496795
57 0.1307803 0.1158276 0.3638182 0.1090025 0.009641243 0.3041427
58 0.9436359 0.3233094 0.1859054 0.4156631 1.550876 0.955459
59 0.2468855 0.2008871 0.6182434 0.6590351 0.02660262 0.1208831
60 0.2946969 0.3226282 0.1087297 0.2407825 0.2678868 0.4584973
61 0.03512213 0.4323447 0.1950694 0.2309052 0.1613288 0.3684169
62 0.02149304 0.1648448 0.9044093 0.8794692 0.1096931 0.3099783
63 0.3775239 0.2963359 0.06143168 0.1178261 0.6211426 0.3411634
64 0.2106466 0.1047 0.2145592 0.01744571 0.1150998 0.1790512
65 0.1267874 0.5168837 0.06132422 0.1798239 0.4692659 0.6786499
66 0.1595434 0.2435763 0.5314209 0.6654823 0.3047382 0.540855
67 0.1959017 0.1216728 0.05976147 0.7099085 0.261139 0.4125186
68 0.3466221 0.01583005 0.5884259 0.07513798 0.4440564 0.06880715
69 0.1708539 0.1728465 0.3128558 0.7306902 0.2947533 0.04027914
70 0.05276361 0.6065997 0.9429409 0.3232496 0.1881392 0.6857065
71 0.1257243 0.4290534 1.344452 1.00936 0.05850518 0.3788054
72 0.4453929 0.1319679 0.1078402 0.59118 0.3535249 0.05079418
73 0.2295373 0.02258684 0.9276326 0.5464967 0.1645941 0.2168693
74 0.2613092 0.744579 0.225466 0.7489169 0.6570235 0.4091312
75 0.06098898 0.05322847 0.1156799 0.3067607 0.04027764 0.1262837
76 0.06261263 0.06009329 0.09427417 0.006165823 0.03012426 0.2080151
77 0.5060117 0.1959899 0.6327308 1.472722 1.03803 0.1647158
78 0.05312086 0.3911189 0.4038504 0.5005763 0.2916841 0.2655676
79 0.2724424 0.4631082 0.4671691 0.6491201 0.4520883 0.3776211
80 0.3040001 0.01613109 0.3043248 0.119515 0.621669 0.3724071
81 0.1810618 0.05180416 0.1139273 0.1319671 0.2732078 0.003522695
82 0.2306069 0.07079228 0.09964986 0.04399164 0.1453636 0.164477
83 0.2243192 0.05093273 0.229733 0.01765575 0.4669526 0.1211492
84 0.04512132 0.0339345 0.3577 0.5705599 0.2044139 0.176798
85 0.03171933 0.08211513 0.9058654 0.6342478 0.0917424 0.1606676
86 0.2297768 0.002682169 0.5619756 0.2113411 0.206547 0.1458339
87 0.6300615 0.3088395 1.101776 1.028097 0.4202064 0.08839015
88 0.1210953 0.1806763 0.3794165 0.5061377 0.297922 0.129631
89 0.09291359 0.2650841 0.1346233 0.1946559 0.1040903 0.2961696
90 0.09187737 0.1272614 0.1114085 0.08631379 0.05523977 0.1074952
91 0.02241326 0.226081 0.09979985 0.09722472 0.02075861 0.4103954
92 0.003957004 0.6804877 0.171208 0.1823917 0.08832712 0.9292747
93 0.2499738 0.5610712 0.9701993 0.6656228 0.9536271 1.007203
94 0.3772725 0.1359374 0.1502565 0.721742 0.8436437 0.6509527
95 0.4695975 0.1365028 0.3634996 1.015835 0.7370091 0.2134844
96 0.1208648 0.1910513 0.09866829 0.4625929 0.2478479 0.19065
97 0.2235627 0.2509812 0.1658221 0.6376917 0.2025155 0.1212422
98 0.0222966 0.3069649 0.2907007 0.200231 0.2007352 0.01950655
99 0.1713008 0.07356117 0.3154863 0.4014257 0.315238 0.1362258
100 0.06866226 0.2901457 0.6089265 0.134544 0.02511496 0.4329111
