1 0.104763 0.08207014 0.1306882 0.01907735 0.196595 0.1890103
2 0.08080575 0.02259998 0.3891689 0.1684361 0.449329 0.5216961
3 0.1005046 0.1818105 0.7792732 0.8099974 0.2718986 0.04792559
4 0.009367712 0.2720162 0.3659831 0.7546013 0.3781337 0.1944404
5 0.2475533 0.2065417 0.2672897 0.02410909 0.04585094 0.0310294
6 0.109181 0.007098622 0.03276315 0.02494351 0.04385651 0.05261088
7 0.02096617 0.01252799 0.3952915 0.4301507 0.2552734 0.1654072
8 0.05761701 0.0437648 0.251373 0.08087569 0.1115375 0.06609419
9 0.104412 0.05452732 0.4782449 0.0364372 0.4851839 0.2074122
10 0.2324357 0.397594 0.1440429 0.5464664 0.05891525 0.2655975
11 0.08066435 0.001668362 0.1017145 0.1102994 0.3505458 0.173229
12 0.1307125 0.006997471 0.3064735 0.1181193 0.01482816 0.2148439
13 0.09175634 0.05907357 0.03003861 0.02187563 0.06095858 0.2731667
14 0.2020956 0.3033033 0.4707685 0.4337224 0.3752205 0.3932442
15 0.1824579 0.007520821 0.7820137 0.4369507 0.3334052 0.002185973
16 0.5047753 0.434502 0.05217753 0.1739943 0.225437 0.3249786
17 0.06402785 0.006647909 0.530858 0.3211556 0.191144 0.02160212
18 0.2916518 0.1623957 0.2504571 0.1316319 0.2223959 0.3975436
19 0.2071236 0.01680884 0.00215523 0.2586504 0.1298369 0.05679141
20 0.01062099 0.1110222 0.3398394 0.0844445 0.3211937 0.1103487
21 0.1377918 0.0261606 0.5195499 0.6197032 0.04031471 0.03401774
22 0.1511795 0.37708 0.4086525 0.8341157 0.2701653 0.3732301
23 0.07616502 0.09674074 0.1146778 0.1531719 0.1431415 0.1267893
24 0.05824059 0.1353274 0.286544 0.01968977 0.2372175 0.03771064
25 0.06766463 0.07039139 0.3634318 0.3611976 0.3784838 0.4790488
26 0.06813179 0.2142537 0.0374673 0.04007239 0.2983722 0.4973296
27 0.1818222 0.6328631 0.6884583 0.3924261 0.03911236 0.2845402
28 0.1557058 0.0894931 0.0882809 0.412543 0.4144011 0.455569
29 0.2594033 0.01400756 0.2414793 0.3945046 0.05688729 0.0585285
30 0.1217021 0.1039364 0.1483281 0.03768265 0.03716551 0.1107873
31 0.003014918 0.02699665 0.6902508 0.4923717 0.271995 0.04116164
32 0.172426 0.194822 0.07019267 0.6065855 0.3135844 0.1836396
33 0.02432088 0.1686137 0.0611846 0.02683886 0.1908916 0.07466611
34 0.2926741 0.1651982 0.03641088 0.2921247 0.4533629 0.5233092
35 0.073066 0.1693287 0.4629485 0.01165832 0.2279657 0.1891454
36 0.2361106 0.1860912 0.4207797 0.3746893 0.06048427 0.05123279
37 0.4671125 0.6014526 0.6020543 0.3325808 0.7647773 0.8632874
38 0.09186835 0.2502495 0.5323073 0.3113183 0.1722878 0.2807586
39 0.1533841 0.0242474 0.1105279 0.0009044143 0.07383829 0.2959342
40 0.02823737 0.1940786 0.4720581 0.1355526 0.06626969 0.09135678
41 0.3056413 0.04296787 0.635658 0.7326406 0.2707899 0.1861778
42 0.3280207 0.05265305 0.4625688 0.7280518 0.04772537 0.1630947
43 0.09261232 0.07261756 0.03401411 0.1744923 0.3529437 0.3876061
44 0.07816063 0.0459932 0.142213 0.02488847 0.4717706 0.008928635
45 0.3469791 0.1409527 0.1829676 0.1915631 0.09300406 0.07946004
46 0.168529 0.2674559 0.2967386 0.1493192 0.38364 0.1161627
47 0.1497183 0.08115568 0.3671836 0.06269466 0.09501131 0.04862669
48 0.03837241 0.02715161 0.5210988 0.5372442 0.6872524 0.5262472
49 0.1552455 0.0846002 0.4473417 0.7205558 0.1131481 0.01520444
50 0.01146935 0.1296653 0.08107827 0.5124554 0.02615692 0.1022783
51 0.1887402 0.03235818 0.07225928 0.1768077 0.09070307 0.1018091
52 0.4354331 0.2104209 0.07041899 0.2404488 0.0671979 0.01444844
53 0.3934739 0.2936037 0.03204926 0.1131935 0.1527399 0.1681729
54 0.05606677 0.03768357 0.2754978 0.2434864 0.0827593 0.2095759
55 0.3391757 0.2728427 0.5917113 0.8856505 0.1384289 0.170815
56 0.1374186 0.06391671 0.4310822 0.3742554 0.3563118 0.0005003795
57 0.07373578 0.005346988 0.08082685 0.1389706 0.2570456 0.4051524
58 0.2717524 0.5351935 0.3571849 0.6639976 0.2654757 0.5051597
59 0.2178676 0.2988279 0.8812604 0.5552021 0.780522 0.5846956
60 0.07060448 0.0406931 0.8869214 0.540283 0.2109374 0.2027979
61 0.03076722 0.001267262 0.1048651 0.2332276 0.1771373 0.01468585
62 0.0125866 0.2292468 0.2043386 0.2354498 0.3282611 0.1832337
63 0.3248878 0.3515061 0.2152515 0.4983521 0.01256175 0.2611828
64 0.1827002 0.3452964 0.3441247 0.2460406 0.228694 0.4749966
65 0.0343656 0.1467321 0.02584398 0.3438171 0.05755001 0.0613662
66 0.1616704 0.07071356 0.3748978 0.6605373 0.473194 0.2691258
67 0.5237505 0.7424065 0.2035325 0.0530258 0.1741699 0.02481061
68 0.3070818 0.3826626 0.5573286 0.5932616 0.3530439 0.5310395
69 0.4517698 0.3547843 0.2631055 0.06316762 0.1779177 0.2914242
70 0.1604232 0.1591328 0.2999953 0.09007961 0.2276707 0.2179242
71 0.03634159 0.2883862 0.3159825 0.5414541 0.3476602 0.4844428
72 0.1180161 0.3421795 0.7927106 0.957507 0.8259762 0.3419361
73 0.2573095 0.33666 0.05208156 0.2683714 0.1111485 0.2096087
74 0.05710127 0.02626887 0.2707665 0.3150087 0.7090397 0.3042152
75 0.6075403 0.1552956 0.713213 0.6237791 0.7110232 0.1702498
76 0.4961772 0.3291249 0.2758602 0.09908541 0.6673244 0.5695542
77 0.04270575 0.5458506 0.686521 0.3621459 0.4600794 0.370023
78 0.03666808 0.2036807 0.2971687 0.1457011 0.04241394 0.2065651
79 0.2565711 0.1077974 0.3941068 0.4675314 0.119204 0.2616146
80 0.02013367 0.3220135 0.2084017 0.3151541 0.07990785 0.06550286
81 0.2473666 0.2621887 0.5915544 1.058815 0.2096885 0.166975
82 0.2050356 0.1591836 0.08541304 0.4220171 0.1571399 0.1438159
83 0.06682239 0.1514828 0.03021167 0.06925139 0.752401 0.6450288
84 0.1347974 0.4261606 0.06729376 0.1201681 0.3753482 0.2364225
85 0.06711549 0.129645 0.08594226 0.4797262 0.4971235 0.5657253
86 0.2246085 0.09448032 0.2299851 0.04905403 0.1712872 0.2469751
87 0.253865 0.1993282 0.3628275 0.1838376 0.08829927 0.07407837
88 0.2804423 0.03296869 0.5034864 0.9346827 0.4018242 0.5042903
89 0.1348091 0.09133439 0.5676214 0.2336554 0.2692731 0.3486371
90 0.08674464 0.03197393 0.2111904 0.06371051 0.03159815 0.5181057
91 0.2466465 0.02826812 0.5892555 0.3518147 0.2112427 0.1856264
92 0.07936517 0.1647501 0.2105729 0.06345208 0.1557669 0.02322704
93 0.1585883 0.1852685 0.1077469 0.1030355 0.08329747 0.09520027
94 0.02547531 0.02445056 0.1519283 0.2508489 0.1116377 0.02701137
95 0.05718903 0.007115331 0.6037752 0.3276908 0.04937296 0.2229098
96 0.02066317 0.2107095 0.3533773 0.3529642 0.03949324 0.2306732
97 0.05061645 0.09462404 0.4278181 0.4571374 0.2353769 0.2806668
98 0.1747537 0.1967962 0.2281796 0.1756924 0.264917 0.409005
99 0.3247341 0.3090687 0.2526722 0.4769257 0.7321728 0.840963
100 0.2473277 0.04163904 0.3986594 0.10409 0.3716707 0.233676
