1 0.4009495 0.1308926 0.1308926 0.2685565 0.007808927 0.0856029 0.0856029 0.3043728 0.03694612 0.3133426 0.3133426 0.2532143
2 0.0959787 0.1231478 0.1231478 0.2556768 0.1308029 0.05576688 0.05576688 0.3546392 0.2922133 0.01013224 0.01013224 0.1508891
3 0.05847194 0.007069605 0.007069605 0.1746745 0.487727 0.05639018 0.05639018 0.1574375 0.112918 0.004245447 0.004245447 0.283872
4 0.04858645 0.1351023 0.1351023 0.2463298 0.1790821 0.5760763 0.5760763 1.423762 0.1366462 0.1124035 0.1124035 0.04912144
5 0.199413 0.0713248 0.0713248 0.02626169 0.5442266 0.1193026 0.1193026 0.01211521 0.4551139 0.06995687 0.06995687 0.2860784
6 0.05049468 0.06091029 0.06091029 0.2790143 0.4524771 0.2046404 0.2046404 0.2853801 0.3652694 0.1808443 0.1808443 0.287122
7 0.08155014 0.001964251 0.001964251 0.3482219 0.009908722 0.1170503 0.1170503 0.7557333 0.4737698 0.1139324 0.1139324 0.6788255
8 0.0206599 0.1125534 0.1125534 0.001121736 0.5675361 0.09825052 0.09825052 0.7520383 0.06730512 0.2812343 0.2812343 0.2667443
9 0.3824997 0.1312628 0.1312628 0.1037276 0.0095283 0.0361773 0.0361773 0.05806461 0.2193089 0.01058883 0.01058883 0.2731952
10 0.04024327 0.173483 0.173483 0.2298656 0.1950083 0.005782692 0.005782692 0.3887453 0.2456169 0.2054185 0.2054185 0.2398397
11 0.01106873 0.01868581 0.01868581 0.4275333 0.5759888 0.08198196 0.08198196 0.1719869 0.4170237 0.1599567 0.1599567 0.05703696
12 0.1303815 0.03016995 0.03016995 0.04289018 0.1122339 0.2556272 0.2556272 0.1025808 0.4842901 0.1961437 0.1961437 1.07378
13 0.2466213 0.1392097 0.1392097 0.1233872 0.6743371 0.08165634 0.08165634 0.2536323 0.155631 0.1315917 0.1315917 0.3964485
14 0.2421822 0.05133421 0.05133421 0.02952233 0.1987535 0.1134473 0.1134473 0.4279027 0.3478115 0.3897087 0.3897087 0.01413426
15 0.02441777 0.0558508 0.0558508 0.2219282 0.401789 0.4637261 0.4637261 0.2810964 0.1482802 0.01667194 0.01667194 0.06972793
16 0.05954579 0.09642752 0.09642752 0.08889863 0.3266425 0.08697312 0.08697312 0.07831702 0.1749301 0.1297651 0.1297651 0.3599863
17 0.1870368 0.01177371 0.01177371 0.02655559 0.2813972 0.09411256 0.09411256 0.4043151 0.03593277 0.01092783 0.01092783 0.1857833
18 0.2067483 0.01934499 0.01934499 0.1373703 0.330229 0.2111388 0.2111388 0.187165 0.1808602 0.0132507 0.0132507 0.1760114
19 0.06401618 0.1175798 0.1175798 0.235103 0.5818244 0.03289573 0.03289573 0.7956258 0.3306499 0.0781711 0.0781711 0.0197135
20 0.08342257 0.1513651 0.1513651 0.03342515 0.8402821 0.004014736 0.004014736 0.5715901 0.2805991 0.04360426 0.04360426 0.3295939
21 0.06780441 0.1184312 0.1184312 0.1562071 0.1440765 0.05590221 0.05590221 0.1730768 0.211323 0.03246352 0.03246352 0.1912807
22 0.01352153 0.1252535 0.1252535 0.2663826 0.3003688 0.1963204 0.1963204 0.6096522 0.6881104 0.1174088 0.1174088 0.02996662
23 0.146584 0.02341941 0.02341941 0.01067663 0.5261903 0.0922108 0.0922108 0.04674442 0.2561917 0.185642 0.185642 0.05184736
24 0.3635325 0.04952606 0.04952606 0.5148281 0.201765 0.1469242 0.1469242 0.3361265 0.2179108 0.2011535 0.2011535 0.1540947
25 0.2670248 0.008222742 0.008222742 0.1388315 0.4459493 0.0879739 0.0879739 0.2411695 0.3309064 0.2413033 0.2413033 0.4546946
26 0.1851721 0.02924392 0.02924392 0.016962 0.07935037 0.02059719 0.02059719 0.486623 0.2889602 0.04826771 0.04826771 0.1250693
27 0.09276508 0.1633611 0.1633611 0.2863075 0.1317135 0.05844493 0.05844493 0.02893567 0.04447858 0.1517925 0.1517925 0.2667183
28 0.03841258 0.1882223 0.1882223 0.4501645 0.1727493 0.1020348 0.1020348 0.4380624 0.4803805 0.09827953 0.09827953 0.1840495
29 0.1701639 0.04842314 0.04842314 0.146423 0.3777459 0.1822203 0.1822203 0.6194079 0.1483016 0.04310148 0.04310148 0.4551636
30 0.08426327 0.08949137 0.08949137 0.3387046 0.2789036 0.2116014 0.2116014 0.165995 0.2135054 0.2450139 0.2450139 0.4367376
31 0.2403278 0.1286425 0.1286425 0.01364166 0.5197469 0.1879306 0.1879306 0.3342867 0.3422948 0.145629 0.145629 0.1724178
32 0.1911669 0.1607728 0.1607728 0.0564419 0.4780435 0.0194747 0.0194747 0.2057355 0.473548 0.1072945 0.1072945 0.03780949
33 0.3488224 0.0922093 0.0922093 0.2664464 0.7615177 0.1401043 0.1401043 0.8644718 1.112614 0.1981738 0.1981738 0.4808349
34 0.01521228 0.05423448 0.05423448 0.1601249 0.1692682 0.1974928 0.1974928 0.6309099 0.2158224 0.471301 0.471301 0.8579969
35 0.05917186 0.05263716 0.05263716 0.3846034 1.105861 0.4930989 0.4930989 0.256419 0.1295173 0.1709336 0.1709336 0.4298755
36 0.3603713 0.06963045 0.06963045 0.09324544 1.24229 0.07763341 0.07763341 0.04070251 0.3865031 0.1555481 0.1555481 0.08007299
37 0.2599434 0.2983758 0.2983758 0.501846 0.3334972 0.1750001 0.1750001 0.3752635 0.278526 0.3431545 0.3431545 0.2882843
38 0.170347 0.05643096 0.05643096 0.03143077 0.7885425 0.02029157 0.02029157 0.4432723 0.1666703 0.2373762 0.2373762 0.1583521
39 0.07627435 0.06962839 0.06962839 0.2802758 0.3020381 0.3636727 0.3636727 0.176013 0.4077289 0.1239045 0.1239045 0.2427966
40 0.1181446 0.1655539 0.1655539 0.1063578 0.1439959 0.107753 0.107753 0.2343539 0.1583955 0.2763206 0.2763206 0.3226508
41 0.231037 0.1242033 0.1242033 0.04732556 0.1197094 0.05765669 0.05765669 0.4349223 0.2119741 0.05778202 0.05778202 0.03028169
42 0.3105574 0.004280227 0.004280227 0.2752536 0.3001431 0.01624818 0.01624818 0.05316442 0.118724 0.3259341 0.3259341 0.3018295
43 0.04085387 0.002717143 0.002717143 0.003632093 0.2467207 0.1925942 0.1925942 0.1440509 0.04839695 0.1205542 0.1205542 0.114523
44 0.08311143 0.07101044 0.07101044 0.05177468 0.5759183 0.1142169 0.1142169 0.4103887 0.7876008 0.005447914 0.005447914 0.4136423
45 0.04245511 0.02736048 0.02736048 0.03555683 0.05836449 0.07260025 0.07260025 0.4536925 0.02354817 0.05036918 0.05036918 0.2202556
46 0.01037005 0.1487425 0.1487425 0.2303057 0.2404624 0.1697768 0.1697768 0.5121876 0.7844015 0.001889662 0.001889662 0.7138394
47 0.04666297 0.0341775 0.0341775 0.04116982 0.406366 0.1000574 0.1000574 0.2807071 0.2090326 0.06603504 0.06603504 0.3962241
48 0.115225 0.02975869 0.02975869 0.1615353 0.3112846 0.2658593 0.2658593 0.3549841 0.1842496 0.1991739 0.1991739 0.2636935
49 0.09562781 0.261519 0.261519 0.1295184 0.4003883 0.02229403 0.02229403 0.1428224 0.6018632 0.08985666 0.08985666 0.07891129
50 0.01220471 0.1104261 0.1104261 0.05411678 0.5095153 0.3210099 0.3210099 0.6901051 0.2621129 0.01235162 0.01235162 0.1977718
51 0.2058814 0.01583193 0.01583193 0.3261028 0.4465199 0.1840871 0.1840871 0.3016041 0.3630588 0.0568684 0.0568684 0.5564189
52 0.006732125 0.01605664 0.01605664 0.02650471 0.06330209 0.2577335 0.2577335 0.0100826 0.7613266 0.400616 0.400616 0.2156988
53 0.3139505 0.02446034 0.02446034 0.2722437 0.3607456 0.1752158 0.1752158 0.1422199 0.1884233 0.03859913 0.03859913 0.03685321
54 0.0936871 0.1528308 0.1528308 0.07396681 0.2134427 0.003598606 0.003598606 0.3591556 0.1410848 0.286357 0.286357 0.03566899
55 0.1197919 0.1088107 0.1088107 0.1548473 0.5656577 0.1969964 0.1969964 0.213385 0.6580857 0.1219379 0.1219379 0.1322289
56 0.09810177 0.0972555 0.0972555 0.1932854 0.3779538 0.1462837 0.1462837 0.2647726 0.3729092 0.198291 0.198291 0.3769636
57 0.08454986 0.1166082 0.1166082 0.1195386 0.167049 0.1507892 0.1507892 0.2732594 0.3777048 0.2140436 0.2140436 0.5754155
58 0.08132467 0.01354474 0.01354474 0.1735358 0.1997543 0.0942176 0.0942176 0.4587776 0.07066914 0.08960509 0.08960509 0.2285284
59 0.04770638 0.09157223 0.09157223 0.1359809 0.7726025 0.5968369 0.5968369 0.1586111 0.138967 0.3620946 0.3620946 0.1968304
60 0.04421178 0.1383094 0.1383094 0.1974148 0.1249505 0.04820785 0.04820785 0.1027231 0.01388221 0.1991891 0.1991891 0.1090111
61 0.07020781 0.06162872 0.06162872 0.03892154 0.06109844 0.3573702 0.3573702 0.3647853 0.5251261 0.2758221 0.2758221 0.08836581
62 0.2945083 0.06813258 0.06813258 0.06910017 0.08358354 0.1822061 0.1822061 0.3673406 0.3985688 0.09660975 0.09660975 0.03880389
63 0.02870666 0.2439643 0.2439643 0.1085014 0.2259762 0.1701244 0.1701244 0.3040904 0.5130767 0.3875745 0.3875745 0.08783646
64 0.07523428 0.008989979 0.008989979 0.3012898 0.3129571 0.07456023 0.07456023 0.00110705 0.5672902 0.1666326 0.1666326 0.2438257
65 0.07969799 0.01643394 0.01643394 0.03475215 0.4842984 0.5222561 0.5222561 0.9134675 0.06712336 0.0949917 0.0949917 0.07321264
66 0.1507301 0.2401355 0.2401355 0.6304918 0.02997806 0.1121176 0.1121176 0.01125597 0.08012106 0.2457989 0.2457989 0.06779186
67 0.02398436 0.2181556 0.2181556 0.3296273 0.07294396 0.1083795 0.1083795 0.09168457 0.2725626 0.07244328 0.07244328 0.2827832
68 0.03449734 0.04864802 0.04864802 0.137924 0.3756342 0.1751382 0.1751382 0.03725143 0.1522435 0.07573201 0.07573201 0.0506923
69 0.1370354 0.181057 0.181057 0.0237331 0.2284804 0.02052694 0.02052694 0.9976245 0.4903936 0.08808301 0.08808301 0.2215006
70 0.1061989 0.04327394 0.04327394 0.2013486 0.3336903 0.06960108 0.06960108 0.008329641 0.1757661 0.3153251 0.3153251 0.5463321
71 0.2057856 0.004847734 0.004847734 0.3990808 0.3476351 0.02302686 0.02302686 0.1034817 0.390389 0.1943567 0.1943567 0.316349
72 0.02518936 0.122568 0.122568 0.1333924 0.5097022 0.254768 0.254768 0.8150926 0.2992993 0.2144383 0.2144383 0.1745615
73 0.09238063 0.147619 0.147619 0.01007482 0.03512228 0.02256074 0.02256074 0.2550277 0.0981655 0.1028459 0.1028459 0.1025357
74 0.1279349 0.01443083 0.01443083 0.4668101 0.3962193 0.422202 0.422202 0.02823348 0.250069 0.1465555 0.1465555 0.5028362
75 0.1986314 0.09336995 0.09336995 0.1153396 0.3899111 0.2312084 0.2312084 0.0008878234 0.5253625 0.06538748 0.06538748 0.4933934
76 0.4213755 0.2354371 0.2354371 0.01823529 0.3965993 0.7932805 0.7932805 0.4435521 1.161276 1.133614 1.133614 1.268951
77 0.3711702 0.0529922 0.0529922 0.3329798 0.62466 0.07289966 0.07289966 0.01638549 0.3320579 0.02649588 0.02649588 0.009683521
78 0.08871564 0.005312275 0.005312275 0.1474102 0.3331587 0.06599209 0.06599209 0.1636934 0.4038563 0.156901 0.156901 0.5379061
79 0.3432096 0.02353868 0.02353868 0.1080298 0.6605424 0.04816549 0.04816549 0.2167983 0.4376975 0.1268795 0.1268795 0.2272887
80 0.1752158 0.1012466 0.1012466 0.2832513 0.09272875 0.1480352 0.1480352 0.3315613 0.04531327 0.1350692 0.1350692 0.09062331
81 0.007966139 0.2718408 0.2718408 0.1636906 0.5619847 0.044939 0.044939 0.7874167 0.2680008 0.1721148 0.1721148 0.07806703
82 0.1613891 0.1026658 0.1026658 0.08992811 1.002342 0.1194865 0.1194865 0.3251709 0.441416 0.5852104 0.5852104 0.6850754
83 0.06312576 0.03252902 0.03252902 0.3459336 1.326325 1.004287 1.004287 0.4044718 0.3975175 0.2287737 0.2287737 0.1828345
84 0.1964534 0.2636183 0.2636183 0.2693689 0.2856018 0.1107612 0.1107612 0.1087824 0.2827965 0.4175732 0.4175732 0.2193656
85 0.122893 0.03425603 0.03425603 0.1324414 0.9221148 0.01478298 0.01478298 0.5460917 0.3411903 0.3549706 0.3549706 0.08240205
86 0.06347105 0.1265924 0.1265924 0.3828283 0.3848136 0.08249693 0.08249693 0.2332835 0.05816075 0.216659 0.216659 0.4520784
87 0.1729256 0.09003396 0.09003396 0.2440817 0.04116577 0.1358449 0.1358449 0.03930691 0.2622431 0.01739947 0.01739947 0.4034165
88 0.1030786 0.1658498 0.1658498 0.1051768 0.483752 0.5722729 0.5722729 0.2764891 0.171428 0.3017663 0.3017663 0.3859364
89 0.06916596 0.04962332 0.04962332 0.1597694 0.3890684 0.1215761 0.1215761 0.09187735 0.01341512 0.2171296 0.2171296 0.1072139
90 0.1542289 0.07409266 0.07409266 0.02602723 0.1751747 0.06652088 0.06652088 0.04509705 0.2541897 0.1355591 0.1355591 0.8922226
91 0.2762572 0.1055812 0.1055812 0.1465747 0.3722084 0.3053692 0.3053692 0.03481598 0.1426304 0.1041038 0.1041038 0.2422188
92 0.06642076 0.04626014 0.04626014 0.03420802 0.2410318 0.141852 0.141852 0.4441051 0.2963608 0.2795623 0.2795623 0.3456013
93 0.1496656 0.05623595 0.05623595 0.2570558 0.2232108 0.06749494 0.06749494 0.2928787 0.003350183 0.2101756 0.2101756 0.02685509
94 0.1212147 0.04341859 0.04341859 0.1120736 0.376989 0.1839073 0.1839073 0.31818 0.0938748 0.2512969 0.2512969 0.3374296
95 0.1647098 0.0178828 0.0178828 0.1777971 0.1014498 0.02168427 0.02168427 0.3330704 0.3794375 0.05408866 0.05408866 0.1141813
96 0.1364329 0.08563356 0.08563356 0.1590786 0.4755473 0.3728806 0.3728806 0.6676331 0.1579687 0.3537848 0.3537848 0.03337398
97 0.0137295 0.1300471 0.1300471 0.2401412 0.4249352 0.0008510544 0.0008510544 0.3479346 0.07820946 0.01684346 0.01684346 0.1313572
98 0.05711502 0.05672429 0.05672429 0.2507098 0.4174943 0.1610034 0.1610034 0.1225557 0.3569477 0.1678576 0.1678576 0.261141
99 0.02220532 0.05181379 0.05181379 0.08515737 0.2488615 0.008866441 0.008866441 0.4454507 0.5714732 0.3923895 0.3923895 0.246914
100 0.1401054 0.254683 0.254683 0.1005203 0.3948221 0.09555612 0.09555612 0.5923435 0.2435235 0.2147912 0.2147912 0.1725652
