1 0.001864742 0.04386271 0.06263896 0.2149802 0.0393866 0.2355733
2 0.08854602 0.1196938 0.07177861 0.05322407 0.06691149 0.2376937
3 0.01737262 0.04759423 0.06812739 0.01497465 0.2614712 0.01100116
4 0.03818766 0.04322066 0.07077431 0.2003438 0.05165606 0.1360113
5 0.0386427 0.002262394 0.3787618 0.06969408 0.03835242 0.1781902
6 0.2294922 0.01882911 0.2324144 0.1981434 0.00608213 0.04374455
7 0.1287173 0.01197584 0.2711917 0.02777713 0.00212508 0.05481278
8 0.1344638 0.1326419 0.08803145 0.2664939 0.05332801 0.05164122
9 0.06532911 0.0141059 0.1305874 0.1515263 0.01543502 0.01664267
10 0.02885686 0.1358689 0.1704118 0.1218038 0.06582003 0.2956382
11 0.036234 0.0469498 0.1460194 0.1964082 0.05522606 0.06460094
12 0.04673162 0.1234384 0.1161154 0.09804978 0.07946605 0.04875841
13 0.02490394 0.02642928 0.009255446 0.2201441 0.06018785 0.08910365
14 0.06040799 0.02038577 0.1237339 0.3329191 0.1262831 0.011194
15 0.0009987548 0.01428973 0.06438503 0.2307952 0.01282512 0.1090065
16 0.06948709 0.07271417 0.1560592 0.07556024 0.007108182 0.158118
17 0.003897087 0.09408836 0.0614808 0.07031791 0.05318042 0.307921
18 0.005318919 0.1287557 0.125332 0.05883428 0.08602926 0.04146862
19 0.04177212 0.1396403 0.02381986 0.09444641 0.2020952 0.08238703
20 0.05231516 0.1421307 0.07824411 0.02867743 0.2194027 0.1185922
21 0.1144066 0.07734984 0.06234399 0.09664422 0.06276693 0.01052978
22 0.04784489 0.05766528 0.09671643 0.1190871 0.1443323 0.1836394
23 0.09868982 0.03734025 0.2740431 0.0009680772 0.06119905 0.08443748
24 0.02583502 0.049712 0.01120523 0.2461546 0.1426638 0.008662166
25 0.07425365 0.1714331 0.1973654 0.01325678 0.1308687 0.1015927
26 0.01720001 0.1337685 0.08659665 0.03975203 0.1640203 0.1373832
27 0.07337952 0.02430319 0.1576042 0.1475826 0.09514412 0.09550451
28 0.08909244 0.02259016 0.01765751 0.3085866 0.05373003 0.3737478
29 0.09572879 0.05155195 0.1510674 0.01089973 0.1628749 0.1371226
30 0.1561088 0.08024606 0.1645946 0.07559125 0.01291316 0.06041958
31 0.014071 0.02385795 0.0153268 0.2208074 0.09513002 0.1231616
32 0.1238268 0.01037234 0.07296047 0.2808407 0.1461977 0.04137148
33 0.05471373 0.1095881 0.02544776 0.1583092 0.02734942 0.1309043
34 0.05698837 0.07781814 0.1260699 0.1611436 0.1223457 0.07060627
35 0.05377749 0.1247932 0.05716021 0.03493955 0.01192228 0.1258414
36 0.0374599 0.1553392 0.03629813 0.01166646 0.0002256683 0.1018315
37 0.01321043 0.06592874 0.0916155 0.008796983 0.2417792 0.1745963
38 0.1194742 0.06128549 0.1151978 0.002976817 0.1050231 0.03592592
39 0.03973627 0.1932075 0.07514196 0.01196734 0.09084402 0.1279993
40 0.03752881 0.1044606 0.2477752 0.2533961 0.2327616 0.2700946
41 0.02164504 0.1357678 0.2055064 0.0636159 0.06920805 0.02184947
42 0.09526632 0.01948884 0.1652913 0.05247106 0.1536368 0.1104885
43 0.1672206 0.002605111 0.2915135 0.3274047 0.01329565 0.06782378
44 0.05633834 0.1631264 0.1095294 0.08662588 0.09785862 0.03140666
45 0.1443583 0.1444864 0.1342342 0.3455236 0.291447 0.2364192
46 0.04747057 0.03611406 0.4031974 0.261133 0.01654924 0.09384802
47 0.03280566 0.3502953 0.3551723 0.4270996 0.07757032 0.05731416
48 0.1259616 0.1934327 0.1611749 0.02219749 0.02510418 0.1854104
49 0.1095959 0.00212071 0.2707862 0.1241592 0.02152843 0.04278617
50 0.07563498 0.2244141 0.1051103 0.2422663 0.006817194 0.1196109
51 0.04503768 0.06366613 0.1351625 0.1203084 0.1933655 0.1252561
52 0.05899921 0.1009151 0.17506 0.1689902 0.002962551 0.1477121
53 0.224866 0.1099135 0.1853113 0.2505583 0.06460604 0.3209196
54 0.06874519 0.1463832 0.1839532 0.2426609 0.1547252 0.004710852
55 0.06415269 0.001475346 0.2526483 0.03913487 0.1738536 0.1550379
56 0.1256524 0.009662714 0.07245699 0.1232088 0.1715151 0.004771255
57 0.193193 0.08250227 0.06679587 0.00165943 0.1748126 0.04204821
58 0.07042394 0.02785589 0.1166246 0.1351348 0.2181112 0.1865539
59 0.01454626 0.07730173 0.1837757 0.1786519 0.1346189 0.343664
60 0.006174079 0.1782041 0.03178077 0.2797961 0.2420016 0.2454254
61 0.1184506 0.01116228 0.3132122 0.2296577 0.2492581 0.2760233
62 0.2563072 0.14612 0.0754719 0.06678751 0.03630245 0.1051641
63 0.1241101 0.06269452 0.08906732 0.1943793 0.06440987 0.2155376
64 0.09303275 0.003789716 0.04727183 0.1693216 0.03798338 0.06112391
65 0.06559671 0.103287 0.2017952 0.09408343 0.1508859 0.09873916
66 0.1696869 0.06665923 0.00546219 0.03190295 0.02254247 0.2255834
67 0.02798081 0.03970891 0.04779499 0.05606457 0.1671252 0.02970128
68 0.08693076 0.03606949 0.1003413 0.02164088 0.2157794 0.01855077
69 0.09225834 0.05044496 0.1071357 0.07399379 0.05211881 0.08644509
70 0.04461873 0.1245784 0.2531822 0.03251636 0.04947298 0.01967188
71 0.06977314 0.02048129 0.07664124 0.02372816 0.04291259 0.155621
72 0.01081516 0.1386448 0.1596621 0.1321041 0.2023965 0.1976149
73 0.1138364 0.127701 0.3021503 0.2023412 0.07215391 0.04987189
74 0.2080929 0.05258911 0.175582 0.01035922 0.02724212 0.1014134
75 0.07991874 0.02491614 0.05883027 0.07116374 0.09525518 0.1120935
76 0.04741844 0.0695537 0.1747489 0.05676689 0.1657419 7.172722e-05
77 0.03881177 0.06537924 0.05147105 0.1668421 0.01450841 0.1139788
78 0.1164758 0.151275 0.2609493 0.04526331 0.07698552 0.05250117
79 0.1688698 0.013422 0.07171473 0.1184384 0.03464418 0.06675989
80 0.1170812 0.07026031 0.1171591 0.01709604 0.007591589 0.1486095
81 0.1107941 0.05468045 0.1757236 0.06375896 0.07275243 0.0009798921
82 0.02711944 0.1038604 0.3364567 0.363629 0.1964298 0.2979761
83 0.00829635 0.1121485 0.04095145 0.1603522 0.04616216 0.01296894
84 0.1357169 0.1185298 0.005599247 0.1942434 0.16667 0.01805659
85 0.1523347 0.03516145 0.0353045 0.1330386 0.1389484 0.1461751
86 0.01528246 0.29235 0.0731007 0.1101143 0.1463165 0.0882887
87 0.141856 0.06171378 0.2272261 0.3437854 0.1172182 0.1456766
88 0.009654835 0.01383092 0.01775915 0.01847831 0.03031574 0.08845733
89 0.06153122 0.1367904 0.3107019 0.0697661 0.05958337 0.04079206
90 0.01956602 0.007616494 0.1158576 0.18146 0.1222535 0.2132288
91 0.08347933 0.06210195 0.0496448 0.02929599 0.0404819 0.05666725
92 0.0581458 0.05158902 0.01759871 0.09192276 0.1561918 0.06235244
93 0.1963505 0.01616714 0.150768 0.1629172 0.06080978 0.01121261
94 0.04692712 0.1176585 0.1728313 0.1167043 0.1917169 0.3325395
95 0.03950356 0.09475945 0.06158523 0.04985413 0.005801915 0.07736478
96 0.2455786 0.07961311 0.3292401 0.2424121 0.0324572 0.1699299
97 0.03519115 0.04593494 0.3371022 0.03735852 0.05722457 0.210984
98 0.06791925 0.04386373 0.1930441 0.004837963 0.1015324 0.0935476
99 0.0551134 0.1654515 0.1416233 0.1058018 0.1255444 0.3154749
100 0.03808238 0.07985835 0.3371331 0.2724827 0.02131974 0.04612962
