1 0.000624751 0 0 0 0 0 0 0.0004051722 0 0 0 0 0 0 0.002331228 0 0 0 0 0 0 0.001173279 0 0 0 0 0 0 0.003593087 0 0 0 0 0 0 0.008617732
2 7.827502e-05 0 0 0 0 0 0 0.001630744 0 0 0 0 0 0 0.0006540824 0 0 0 0 0 0 0.008191311 0 0 0 0 0 0 0.01196572 0 0 0 0 0 0 0.01029235
3 0.001721011 0 0 0 0 0 0 0.000624694 0 0 0 0 0 0 0.001351974 0 0 0 0 0 0 0.002923013 0 0 0 0 0 0 0.001224806 0 0 0 0 0 0 0.0008027442
4 0.01004949 0 0 0 0 0 0 0.0009465043 0 0 0 0 0 0 0.002517454 0 0 0 0 0 0 0.001701087 0 0 0 0 0 0 0.007001879 0 0 0 0 0 0 0.00245072
5 0.001978742 0 0 0 0 0 0 0.001430963 0 0 0 0 0 0 0.0008785262 0 0 0 0 0 0 0.003040619 0 0 0 0 0 0 0.002639178 0 0 0 0 0 0 0.005355196
6 0.004061065 0 0 0 0 0 0 0.001971503 0 0 0 0 0 0 0.003205123 0 0 0 0 0 0 0.002434037 0 0 0 0 0 0 0.008215904 0 0 0 0 0 0 0.001901607
7 0.002666882 0 0 0 0 0 0 0.0002596731 0 0 0 0 0 0 0.001196669 0 0 0 0 0 0 0.0006994945 0 0 0 0 0 0 0.002800385 0 0 0 0 0 0 0.003844353
8 0.001801219 0 0 0 0 0 0 0.002822294 0 0 0 0 0 0 0.003488776 0 0 0 0 0 0 0.004225069 0 0 0 0 0 0 0.0001608857 0 0 0 0 0 0 0.01161905
9 0.0003113255 0 0 0 0 0 0 0.0006998329 0 0 0 0 0 0 0.006253691 0 0 0 0 0 0 0.0005657549 0 0 0 0 0 0 0.000365839 0 0 0 0 0 0 0.003215503
10 0.002960539 0 0 0 0 0 0 0.001551716 0 0 0 0 0 0 0.002536622 0 0 0 0 0 0 0.007960131 0 0 0 0 0 0 0.0005032592 0 0 0 0 0 0 0.002431417
11 0.004822709 0 0 0 0 0 0 0.00199497 0 0 0 0 0 0 0.0005912348 0 0 0 0 0 0 0.0007328804 0 0 0 0 0 0 0.004809315 0 0 0 0 0 0 0.002563206
12 0.002323386 0 0 0 0 0 0 0.0006705473 0 0 0 0 0 0 0.0004504425 0 0 0 0 0 0 0.005178237 0 0 0 0 0 0 0.0008665091 0 0 0 0 0 0 0.004946704
13 0.001379479 0 0 0 0 0 0 0.0007616214 0 0 0 0 0 0 0.002111593 0 0 0 0 0 0 0.002659554 0 0 0 0 0 0 0.004820427 0 0 0 0 0 0 0.006379013
14 0.0007357773 0 0 0 0 0 0 0.000391873 0 0 0 0 0 0 0.001031393 0 0 0 0 0 0 0.004673738 0 0 0 0 0 0 0.003288813 0 0 0 0 0 0 0.002249763
15 0.0008615649 0 0 0 0 0 0 0.0009790135 0 0 0 0 0 0 0.004652589 0 0 0 0 0 0 0.001197149 0 0 0 0 0 0 0.002772092 0 0 0 0 0 0 0.009682233
16 0.0006268424 0 0 0 0 0 0 0.0001603122 0 0 0 0 0 0 0.001510901 0 0 0 0 0 0 0.003045365 0 0 0 0 0 0 0.001746894 0 0 0 0 0 0 0.0006773899
17 0.001583304 0 0 0 0 0 0 0.00124168 0 0 0 0 0 0 0.0008011303 0 0 0 0 0 0 0.003145285 0 0 0 0 0 0 0.002116554 0 0 0 0 0 0 0.007268622
18 0.0005193881 0 0 0 0 0 0 0.000632437 0 0 0 0 0 0 0.0007288308 0 0 0 0 0 0 0.004972714 0 0 0 0 0 0 0.004335353 0 0 0 0 0 0 0.003078795
19 0.0003858253 0 0 0 0 0 0 0.0002520576 0 0 0 0 0 0 0.0006238723 0 0 0 0 0 0 0.001768018 0 0 0 0 0 0 0.003735784 0 0 0 0 0 0 0.004410935
20 0.003009821 0 0 0 0 0 0 0.0002299408 0 0 0 0 0 0 0.004226595 0 0 0 0 0 0 0.00155241 0 0 0 0 0 0 0.003580888 0 0 0 0 0 0 0.005659966
21 0.005890046 0 0 0 0 0 0 6.828438e-05 0 0 0 0 0 0 0.00148254 0 0 0 0 0 0 0.0006140988 0 0 0 0 0 0 0.005038205 0 0 0 0 0 0 0.007264377
22 0.001982773 0 0 0 0 0 0 0.001150095 0 0 0 0 0 0 0.004158607 0 0 0 0 0 0 0.0008192969 0 0 0 0 0 0 0.005925552 0 0 0 0 0 0 0.0105114
23 0.001805136 0 0 0 0 0 0 9.354607e-05 0 0 0 0 0 0 0.0001701751 0 0 0 0 0 0 0.002107544 0 0 0 0 0 0 0.0001699345 0 0 0 0 0 0 0.001582335
24 6.569882e-05 0 0 0 0 0 0 0.002574427 0 0 0 0 0 0 0.002912841 0 0 0 0 0 0 0.003933486 0 0 0 0 0 0 0.005170014 0 0 0 0 0 0 0.003546746
25 0.0004950537 0 0 0 0 0 0 0.0005491052 0 0 0 0 0 0 0.0005558673 0 0 0 0 0 0 0.001977759 0 0 0 0 0 0 0.01026495 0 0 0 0 0 0 0.01470476
26 0.00236322 0 0 0 0 0 0 0.001110544 0 0 0 0 0 0 6.351075e-05 0 0 0 0 0 0 0.001846886 0 0 0 0 0 0 0.009542953 0 0 0 0 0 0 0.0008244909
27 0.0004639024 0 0 0 0 0 0 0.0006315202 0 0 0 0 0 0 0.0004085405 0 0 0 0 0 0 0.001833429 0 0 0 0 0 0 0.009967963 0 0 0 0 0 0 0.0006867342
28 0.0007584954 0 0 0 0 0 0 0.0009230498 0 0 0 0 0 0 0.00216524 0 0 0 0 0 0 0.001676018 0 0 0 0 0 0 0.0004773004 0 0 0 0 0 0 0.001278094
29 0.00159069 0 0 0 0 0 0 0.0005577177 0 0 0 0 0 0 0.0004143061 0 0 0 0 0 0 0.0006408003 0 0 0 0 0 0 0.002877491 0 0 0 0 0 0 0.00986758
30 0.003650049 0 0 0 0 0 0 0.0007985909 0 0 0 0 0 0 0.003745376 0 0 0 0 0 0 0.001731821 0 0 0 0 0 0 0.001726331 0 0 0 0 0 0 0.00104865
31 0.005778512 0 0 0 0 0 0 0.0005231405 0 0 0 0 0 0 5.966267e-05 0 0 0 0 0 0 0.00171682 0 0 0 0 0 0 0.00190043 0 0 0 0 0 0 0.003746282
32 0.0007818831 0 0 0 0 0 0 4.468029e-05 0 0 0 0 0 0 0.005125316 0 0 0 0 0 0 0.001128709 0 0 0 0 0 0 0.0001071643 0 0 0 0 0 0 0.006165083
33 0.005521133 0 0 0 0 0 0 0.001475718 0 0 0 0 0 0 0.005362576 0 0 0 0 0 0 0.003714649 0 0 0 0 0 0 0.0009784906 0 0 0 0 0 0 0.002451869
34 0.001661058 0 0 0 0 0 0 0.001854789 0 0 0 0 0 0 0.0008599782 0 0 0 0 0 0 8.869587e-05 0 0 0 0 0 0 0.003503593 0 0 0 0 0 0 0.01246837
35 0.0006468809 0 0 0 0 0 0 0.0008652102 0 0 0 0 0 0 0.007442056 0 0 0 0 0 0 0.008171953 0 0 0 0 0 0 0.0009431642 0 0 0 0 0 0 0.005544324
36 0.002172087 0 0 0 0 0 0 0.001114131 0 0 0 0 0 0 0.006274569 0 0 0 0 0 0 0.001537001 0 0 0 0 0 0 0.0004518988 0 0 0 0 0 0 0.0003480729
37 0.0009355377 0 0 0 0 0 0 0.000207184 0 0 0 0 0 0 0.00133935 0 0 0 0 0 0 0.002924323 0 0 0 0 0 0 0.002519669 0 0 0 0 0 0 0.006702503
38 0.002666457 0 0 0 0 0 0 0.002135514 0 0 0 0 0 0 0.0002430063 0 0 0 0 0 0 0.006975813 0 0 0 0 0 0 0.001605339 0 0 0 0 0 0 0.006616503
39 0.001822818 0 0 0 0 0 0 0.0008830509 0 0 0 0 0 0 0.004548862 0 0 0 0 0 0 1.934372e-05 0 0 0 0 0 0 0.004793616 0 0 0 0 0 0 0.006639449
40 0.0002833824 0 0 0 0 0 0 0.0008429564 0 0 0 0 0 0 0.001113743 0 0 0 0 0 0 0.005314317 0 0 0 0 0 0 0.004464498 0 0 0 0 0 0 0.0006281186
41 0.002593829 0 0 0 0 0 0 0.001498781 0 0 0 0 0 0 1.69192e-05 0 0 0 0 0 0 0.002982103 0 0 0 0 0 0 0.005755368 0 0 0 0 0 0 0.001725995
42 0.005172808 0 0 0 0 0 0 0.002266053 0 0 0 0 0 0 0.0006473002 0 0 0 0 0 0 0.003071939 0 0 0 0 0 0 0.001275627 0 0 0 0 0 0 0.006188121
43 0.001050982 0 0 0 0 0 0 0.001717472 0 0 0 0 0 0 0.0009320579 0 0 0 0 0 0 0.001407201 0 0 0 0 0 0 0.004036969 0 0 0 0 0 0 0.008123487
44 0.0004896786 0 0 0 0 0 0 0.0002292643 0 0 0 0 0 0 0.003341012 0 0 0 0 0 0 0.00322917 0 0 0 0 0 0 0.00515662 0 0 0 0 0 0 0.002672902
45 0.003057736 0 0 0 0 0 0 0.001122867 0 0 0 0 0 0 0.001339493 0 0 0 0 0 0 0.004834733 0 0 0 0 0 0 0.001473577 0 0 0 0 0 0 0.01277116
46 0.003841894 0 0 0 0 0 0 0.0003053798 0 0 0 0 0 0 0.004817418 0 0 0 0 0 0 0.003247298 0 0 0 0 0 0 0.004133767 0 0 0 0 0 0 0.00293307
47 0.0005964599 0 0 0 0 0 0 0.001518603 0 0 0 0 0 0 0.001491526 0 0 0 0 0 0 0.005390196 0 0 0 0 0 0 0.0003295853 0 0 0 0 0 0 0.00864069
48 0.00208582 0 0 0 0 0 0 0.0006530233 0 0 0 0 0 0 0.002540976 0 0 0 0 0 0 0.002722031 0 0 0 0 0 0 0.003881579 0 0 0 0 0 0 0.005357831
49 0.0006496984 0 0 0 0 0 0 0.0001813531 0 0 0 0 0 0 0.001233297 0 0 0 0 0 0 0.001253019 0 0 0 0 0 0 0.0002525473 0 0 0 0 0 0 0.006791007
50 4.540513e-06 0 0 0 0 0 0 0.001363661 0 0 0 0 0 0 0.002402633 0 0 0 0 0 0 0.001118282 0 0 0 0 0 0 0.004362108 0 0 0 0 0 0 0.007192459
51 0.0007398024 0 0 0 0 0 0 0.0007551982 0 0 0 0 0 0 0.002712549 0 0 0 0 0 0 0.006423794 0 0 0 0 0 0 0.0009343633 0 0 0 0 0 0 0.007155978
52 0.002722962 0 0 0 0 0 0 0.0001884328 0 0 0 0 0 0 0.003251203 0 0 0 0 0 0 0.003316809 0 0 0 0 0 0 0.01155899 0 0 0 0 0 0 0.00441276
53 0.002741915 0 0 0 0 0 0 0.0008556053 0 0 0 0 0 0 0.001047918 0 0 0 0 0 0 0.0003336293 0 0 0 0 0 0 0.0008380909 0 0 0 0 0 0 0.001510393
54 0.005231722 0 0 0 0 0 0 0.001299069 0 0 0 0 0 0 0.003558704 0 0 0 0 0 0 0.001719496 0 0 0 0 0 0 0.001237649 0 0 0 0 0 0 0.003095627
55 0.0001673656 0 0 0 0 0 0 0.002113779 0 0 0 0 0 0 9.019986e-05 0 0 0 0 0 0 0.0068822 0 0 0 0 0 0 0.001248651 0 0 0 0 0 0 0.006671434
56 0.001056002 0 0 0 0 0 0 0.001815975 0 0 0 0 0 0 0.0001693359 0 0 0 0 0 0 0.001530167 0 0 0 0 0 0 0.005113115 0 0 0 0 0 0 0.004322508
57 0.003915388 0 0 0 0 0 0 0.0005996114 0 0 0 0 0 0 0.001032583 0 0 0 0 0 0 0.001237622 0 0 0 0 0 0 0.003093173 0 0 0 0 0 0 0.00154921
58 0.003585297 0 0 0 0 0 0 0.00141066 0 0 0 0 0 0 0.001184902 0 0 0 0 0 0 0.003288469 0 0 0 0 0 0 0.007139749 0 0 0 0 0 0 0.004831348
59 0.003275805 0 0 0 0 0 0 0.001310576 0 0 0 0 0 0 0.003277682 0 0 0 0 0 0 0.001649957 0 0 0 0 0 0 0.003076643 0 0 0 0 0 0 0.003604292
60 0.001051115 0 0 0 0 0 0 0.0008413465 0 0 0 0 0 0 0.001391903 0 0 0 0 0 0 7.945504e-05 0 0 0 0 0 0 0.005816187 0 0 0 0 0 0 0.002953412
61 0.002207269 0 0 0 0 0 0 0.0005174485 0 0 0 0 0 0 0.004607593 0 0 0 0 0 0 0.0004127852 0 0 0 0 0 0 0.002216343 0 0 0 0 0 0 0.001931851
62 0.001702861 0 0 0 0 0 0 0.0008454013 0 0 0 0 0 0 0.002815797 0 0 0 0 0 0 0.0006168454 0 0 0 0 0 0 0.005545258 0 0 0 0 0 0 0.002504577
63 0.0003163671 0 0 0 0 0 0 0.001578927 0 0 0 0 0 0 0.001494937 0 0 0 0 0 0 0.002684692 0 0 0 0 0 0 0.00306467 0 0 0 0 0 0 0.0008216807
64 0.001486647 0 0 0 0 0 0 0.002391548 0 0 0 0 0 0 0.0004604273 0 0 0 0 0 0 0.003169859 0 0 0 0 0 0 0.001061334 0 0 0 0 0 0 0.006191076
65 0.0003172299 0 0 0 0 0 0 0.00176814 0 0 0 0 0 0 0.0007513847 0 0 0 0 0 0 0.00548043 0 0 0 0 0 0 0.00642002 0 0 0 0 0 0 0.00295778
66 0.0004181789 0 0 0 0 0 0 0.001392338 0 0 0 0 0 0 0.004279441 0 0 0 0 0 0 0.0007586637 0 0 0 0 0 0 0.006623466 0 0 0 0 0 0 0.01029638
67 0.0007253904 0 0 0 0 0 0 0.002568968 0 0 0 0 0 0 0.002853673 0 0 0 0 0 0 0.005381259 0 0 0 0 0 0 0.006362035 0 0 0 0 0 0 0.001404377
68 0.005056257 0 0 0 0 0 0 0.001371553 0 0 0 0 0 0 0.003599068 0 0 0 0 0 0 0.002636699 0 0 0 0 0 0 0.0006269608 0 0 0 0 0 0 0.004238834
69 0.0001510578 0 0 0 0 0 0 0.001633477 0 0 0 0 0 0 0.006972069 0 0 0 0 0 0 0.003594373 0 0 0 0 0 0 0.002912759 0 0 0 0 0 0 0.009797073
70 0.002905791 0 0 0 0 0 0 0.0007605974 0 0 0 0 0 0 0.002731413 0 0 0 0 0 0 0.003548156 0 0 0 0 0 0 0.008064597 0 0 0 0 0 0 0.0008705052
71 9.186423e-05 0 0 0 0 0 0 0.0006809113 0 0 0 0 0 0 0.004208351 0 0 0 0 0 0 0.0006578318 0 0 0 0 0 0 0.004710368 0 0 0 0 0 0 0.007801817
72 0.00169044 0 0 0 0 0 0 0.0003735617 0 0 0 0 0 0 0.0002300858 0 0 0 0 0 0 0.005690837 0 0 0 0 0 0 0.008527617 0 0 0 0 0 0 0.005895172
73 0.0005100713 0 0 0 0 0 0 0.0002542954 0 0 0 0 0 0 0.001189888 0 0 0 0 0 0 0.002125179 0 0 0 0 0 0 0.003905808 0 0 0 0 0 0 0.01049319
74 0.004694712 0 0 0 0 0 0 0.001142836 0 0 0 0 0 0 0.0003315364 0 0 0 0 0 0 0.00227375 0 0 0 0 0 0 0.005637822 0 0 0 0 0 0 0.002791289
75 0.00112642 0 0 0 0 0 0 0.0001913417 0 0 0 0 0 0 0.0002453284 0 0 0 0 0 0 0.0004929808 0 0 0 0 0 0 0.001373848 0 0 0 0 0 0 0.004759773
76 0.003679091 0 0 0 0 0 0 0.0003190689 0 0 0 0 0 0 0.0007937202 0 0 0 0 0 0 0.003539382 0 0 0 0 0 0 0.0004020936 0 0 0 0 0 0 0.003230841
77 0.00174851 0 0 0 0 0 0 0.001233673 0 0 0 0 0 0 0.005133648 0 0 0 0 0 0 0.001369805 0 0 0 0 0 0 0.001729993 0 0 0 0 0 0 0.005950128
78 0.0008578609 0 0 0 0 0 0 0.0005619361 0 0 0 0 0 0 0.002119301 0 0 0 0 0 0 0.00142227 0 0 0 0 0 0 0.01154641 0 0 0 0 0 0 0.001297165
79 0.000594608 0 0 0 0 0 0 0.0003547619 0 0 0 0 0 0 0.001622756 0 0 0 0 0 0 1.590719e-06 0 0 0 0 0 0 0.0003263294 0 0 0 0 0 0 0.004608973
80 0.0001408052 0 0 0 0 0 0 0.001528061 0 0 0 0 0 0 0.00550673 0 0 0 0 0 0 0.004070072 0 0 0 0 0 0 0.001559305 0 0 0 0 0 0 0.004529233
81 0.0006402678 0 0 0 0 0 0 0.0007150852 0 0 0 0 0 0 0.002964447 0 0 0 0 0 0 0.005676015 0 0 0 0 0 0 0.003949183 0 0 0 0 0 0 0.002932583
82 0.001919545 0 0 0 0 0 0 0.001418016 0 0 0 0 0 0 0.002827691 0 0 0 0 0 0 0.00113704 0 0 0 0 0 0 0.002531491 0 0 0 0 0 0 0.004609417
83 0.00107023 0 0 0 0 0 0 0.0005977786 0 0 0 0 0 0 0.003181806 0 0 0 0 0 0 0.0002946471 0 0 0 0 0 0 0.001477842 0 0 0 0 0 0 0.002621972
84 0.003374985 0 0 0 0 0 0 0.001981139 0 0 0 0 0 0 0.002368335 0 0 0 0 0 0 0.00475285 0 0 0 0 0 0 0.002877745 0 0 0 0 0 0 0.002499459
85 0.001751356 0 0 0 0 0 0 0.0004415447 0 0 0 0 0 0 0.001621834 0 0 0 0 0 0 0.001758961 0 0 0 0 0 0 0.0001536339 0 0 0 0 0 0 0.001248781
86 0.002760044 0 0 0 0 0 0 0.001360227 0 0 0 0 0 0 0.0002218626 0 0 0 0 0 0 0.001234234 0 0 0 0 0 0 0.01110864 0 0 0 0 0 0 0.001228208
87 0.00428333 0 0 0 0 0 0 0.0004756692 0 0 0 0 0 0 0.003807896 0 0 0 0 0 0 0.0029409 0 0 0 0 0 0 0.002738577 0 0 0 0 0 0 0.006773852
88 0.0009946989 0 0 0 0 0 0 0.0004004238 0 0 0 0 0 0 0.00377739 0 0 0 0 0 0 5.956691e-05 0 0 0 0 0 0 0.001207459 0 0 0 0 0 0 0.02418529
89 0.002352535 0 0 0 0 0 0 0.00127508 0 0 0 0 0 0 0.002570154 0 0 0 0 0 0 0.003970592 0 0 0 0 0 0 0.0006916775 0 0 0 0 0 0 0.005329292
90 0.004535114 0 0 0 0 0 0 0.0008094863 0 0 0 0 0 0 0.001769044 0 0 0 0 0 0 0.004126364 0 0 0 0 0 0 0.004479003 0 0 0 0 0 0 0.004273562
91 0.006831458 0 0 0 0 0 0 0.001929258 0 0 0 0 0 0 0.005047529 0 0 0 0 0 0 0.005799399 0 0 0 0 0 0 0.001173518 0 0 0 0 0 0 0.001081999
92 0.001010551 0 0 0 0 0 0 0.001165162 0 0 0 0 0 0 0.001346662 0 0 0 0 0 0 0.001494647 0 0 0 0 0 0 0.000333324 0 0 0 0 0 0 0.002146573
93 0.004394791 0 0 0 0 0 0 0.001029015 0 0 0 0 0 0 0.004311574 0 0 0 0 0 0 0.00672036 0 0 0 0 0 0 0.001739703 0 0 0 0 0 0 0.006934021
94 0.002381767 0 0 0 0 0 0 0.001222911 0 0 0 0 0 0 0.0007155468 0 0 0 0 0 0 0.0006463992 0 0 0 0 0 0 0.002655273 0 0 0 0 0 0 0.00762547
95 0.004932398 0 0 0 0 0 0 0.000985423 0 0 0 0 0 0 0.0003213538 0 0 0 0 0 0 0.0001308015 0 0 0 0 0 0 0.004816353 0 0 0 0 0 0 0.0006237784
96 0.001723041 0 0 0 0 0 0 0.001195617 0 0 0 0 0 0 0.004762416 0 0 0 0 0 0 0.001972696 0 0 0 0 0 0 0.001337578 0 0 0 0 0 0 0.002366972
97 0.000646947 0 0 0 0 0 0 0.0003840254 0 0 0 0 0 0 0.001623088 0 0 0 0 0 0 0.002299631 0 0 0 0 0 0 0.0001938153 0 0 0 0 0 0 0.007516186
98 0.001430985 0 0 0 0 0 0 0.0005643873 0 0 0 0 0 0 0.000887715 0 0 0 0 0 0 0.002372287 0 0 0 0 0 0 0.0003236146 0 0 0 0 0 0 0.002343063
99 0.001698851 0 0 0 0 0 0 0.0001916154 0 0 0 0 0 0 0.0001012538 0 0 0 0 0 0 0.004577973 0 0 0 0 0 0 0.001411484 0 0 0 0 0 0 0.008233213
100 0.0001294914 0 0 0 0 0 0 0.0002416488 0 0 0 0 0 0 0.003469912 0 0 0 0 0 0 0.0009830866 0 0 0 0 0 0 0.008128331 0 0 0 0 0 0 0.001594539
