1 0.06204986 0.04052484 0.04052484 0.02840671 0.3526642 0.01821039 0.01821039 0.5784693 0.07699496 0.2263431 0.2263431 0.3216712
2 0.08801764 0.02585746 0.02585746 0.1472781 0.1566972 0.188025 0.188025 0.1289909 0.2491681 0.1743819 0.1743819 0.3749208
3 0.01836031 0.06910193 0.06910193 0.09075928 0.1624393 0.1185731 0.1185731 0.158073 0.2400317 0.02783684 0.02783684 0.400844
4 0.07125575 0.08018973 0.08018973 0.03190274 0.4183732 0.1264847 0.1264847 0.3308523 0.443977 0.2256049 0.2256049 0.02564085
5 0.05253286 0.003619566 0.003619566 0.08386546 0.4393642 0.03297546 0.03297546 0.4076338 0.04482834 0.03794572 0.03794572 0.09025814
6 0.05649498 0.0993342 0.0993342 0.1812513 0.1254721 0.1688972 0.1688972 0.2123241 0.05215757 0.0113245 0.0113245 0.006348635
7 0.08134599 0.03104222 0.03104222 0.2982499 0.9029761 0.2464092 0.2464092 0.06031269 0.04551445 0.2293024 0.2293024 0.1345813
8 0.04507388 0.09824832 0.09824832 0.1971081 0.227954 0.5762243 0.5762243 0.6509624 0.1189997 0.04843867 0.04843867 0.2100866
9 0.08324467 0.00260698 0.00260698 0.03515872 0.07849027 0.1875233 0.1875233 0.1498824 0.07186397 0.05106495 0.05106495 0.1035432
10 0.1151351 0.05985798 0.05985798 0.1198579 0.1510752 0.0300772 0.0300772 0.1590167 0.3429192 0.2148446 0.2148446 0.7754294
11 0.1607134 0.0008043624 0.0008043624 0.09275183 0.1356695 0.07982005 0.07982005 0.1281729 0.06223589 0.1000331 0.1000331 0.2374724
12 0.06940538 0.1303906 0.1303906 0.1971524 0.4138778 0.2223093 0.2223093 0.1293163 0.04532047 0.0409398 0.0409398 0.1322854
13 0.04818083 0.05021285 0.05021285 0.05094199 0.6270574 0.2660411 0.2660411 0.1953774 0.07446532 0.000676629 0.000676629 0.05131377
14 0.1998095 0.05855265 0.05855265 0.1998938 0.3853769 0.03920753 0.03920753 0.3392025 0.2499423 0.2837984 0.2837984 0.04030903
15 0.09116677 0.04569798 0.04569798 0.05414769 0.323836 0.0006515241 0.0006515241 0.5143591 0.3708949 0.04324689 0.04324689 0.2615666
16 0.03458172 0.02203101 0.02203101 0.09642936 0.04195427 0.06033753 0.06033753 0.2797766 0.02247482 0.1420258 0.1420258 0.4402312
17 0.1394781 0.01541497 0.01541497 0.01897693 0.006316907 0.1354945 0.1354945 0.1678968 0.07820454 0.04265004 0.04265004 0.3079718
18 0.1271112 0.03796714 0.03796714 0.06272477 0.05667024 0.04124151 0.04124151 0.02665654 0.1380734 0.2368325 0.2368325 0.3813517
19 0.1993245 0.0001554755 0.0001554755 0.3765659 0.3168117 0.03861173 0.03861173 0.36671 0.01182695 0.1041089 0.1041089 0.2976878
20 0.159679 0.09698495 0.09698495 0.2288324 0.1377171 0.1069519 0.1069519 0.1297666 0.09810257 0.2247598 0.2247598 0.02299973
21 0.1192755 6.575294e-05 6.575294e-05 0.1814512 0.289514 0.1103379 0.1103379 0.06108733 0.3981114 0.08749885 0.08749885 0.3247445
22 0.1450443 0.03069357 0.03069357 0.2308766 0.1153268 0.1343455 0.1343455 0.4226151 0.05304816 0.08557462 0.08557462 0.3215324
23 0.09929921 0.0671968 0.0671968 0.2521065 0.09340158 0.2211761 0.2211761 0.1213524 0.4222822 0.04561354 0.04561354 0.03929045
24 0.01817663 0.1237763 0.1237763 0.03790941 0.6726422 0.1056062 0.1056062 0.5079109 0.07751782 0.1040344 0.1040344 0.2436003
25 0.1071514 0.006893835 0.006893835 0.05926188 0.3483997 0.1518641 0.1518641 0.2327602 0.3940559 0.02719688 0.02719688 0.1669942
26 0.06361648 0.004807975 0.004807975 0.05052486 0.04528827 0.1678525 0.1678525 0.1764516 0.7732862 0.2370321 0.2370321 0.0002975397
27 0.0298322 0.03121636 0.03121636 0.007051165 0.1432162 0.1063163 0.1063163 0.3453725 0.1743287 0.1681103 0.1681103 0.2877452
28 0.0413555 0.04091694 0.04091694 0.136109 0.05030612 0.08532742 0.08532742 0.2366728 0.2130415 0.09724062 0.09724062 0.6077829
29 0.004054342 0.09958882 0.09958882 0.1181836 0.1822427 0.1533934 0.1533934 0.08000299 0.3185291 0.05649969 0.05649969 0.1926821
30 0.082724 0.0505864 0.0505864 0.1075775 0.9668494 0.06334153 0.06334153 0.5363749 0.2089941 0.06573 0.06573 0.1360603
31 0.05065049 0.1432449 0.1432449 0.1128963 0.1894563 0.05556564 0.05556564 0.3077927 0.2251413 0.02956667 0.02956667 0.2635456
32 0.1088405 0.147938 0.147938 0.2114647 0.01513361 0.0962083 0.0962083 0.2498629 0.1512063 0.05151277 0.05151277 0.1944908
33 0.1822985 0.008041434 0.008041434 0.09102486 0.2056576 0.3211673 0.3211673 0.1781347 0.05836848 0.06710241 0.06710241 0.05475411
34 0.03684744 0.09776466 0.09776466 0.03426812 0.0445365 0.001222209 0.001222209 0.02535694 0.4263309 0.06844576 0.06844576 0.3452752
35 0.1049518 0.02708076 0.02708076 0.02528896 0.1345888 0.1048628 0.1048628 0.1169916 0.1385905 0.1821133 0.1821133 0.4294035
36 0.1120533 0.1069868 0.1069868 0.2882795 0.1667901 0.08251095 0.08251095 0.1263593 0.2342502 0.04560993 0.04560993 0.07281333
37 0.07065935 0.0009542237 0.0009542237 0.03919699 0.09648828 0.1891503 0.1891503 0.03553312 0.1049748 0.06300241 0.06300241 0.1872427
38 0.08498324 0.02080267 0.02080267 0.04685195 0.1065183 0.2329249 0.2329249 0.1249725 0.1131014 0.05480379 0.05480379 9.32165e-05
39 0.05902068 0.05123811 0.05123811 0.09961699 0.3145077 0.2437744 0.2437744 0.1254065 0.06108938 0.1665076 0.1665076 0.03032318
40 0.07419459 0.002100056 0.002100056 0.1161481 0.3767283 0.06092953 0.06092953 0.1845844 0.3060565 0.2220075 0.2220075 0.1491745
41 0.01584244 0.06379324 0.06379324 0.05397192 0.434363 0.3385944 0.3385944 0.1670783 0.1546235 0.1791391 0.1791391 0.3530551
42 0.1247102 0.008689069 0.008689069 0.08486263 0.7483516 0.558041 0.558041 0.4428877 0.01388897 0.01715851 0.01715851 0.1782068
43 0.1338717 0.03753342 0.03753342 0.2635881 0.3619937 0.3175969 0.3175969 0.582427 0.05614059 0.1210063 0.1210063 0.2168229
44 0.0963486 0.06073149 0.06073149 0.1236928 0.01568743 0.04098092 0.04098092 0.1263996 0.3666512 0.001173039 0.001173039 0.07974439
45 0.03035546 0.05276106 0.05276106 0.1204824 0.04336615 0.1150063 0.1150063 0.2213949 0.110198 0.05995906 0.05995906 0.2839654
46 0.01594116 0.03475229 0.03475229 0.1744897 0.06140009 0.3908735 0.3908735 0.5030035 0.2352704 0.1026107 0.1026107 0.1617126
47 0.05581319 0.1004699 0.1004699 0.3764557 0.09545144 0.3857299 0.3857299 0.4838297 0.2058609 0.1954837 0.1954837 0.213093
48 0.06231917 0.03719349 0.03719349 0.1749239 0.6969305 0.1413802 0.1413802 0.3742238 0.3778857 0.1058453 0.1058453 0.2302785
49 0.08412645 0.1115187 0.1115187 0.03684424 0.03772823 0.1677791 0.1677791 0.03500411 0.02348517 0.1458093 0.1458093 0.2929581
50 0.07453954 0.05009945 0.05009945 0.00531551 0.2014532 0.03168857 0.03168857 0.05015804 0.124117 0.07124443 0.07124443 0.4999079
51 0.2029093 0.1090942 0.1090942 0.1317576 0.7530567 0.157172 0.157172 0.1751234 0.1656191 0.0682655 0.0682655 0.02201458
52 0.04691748 0.001398321 0.001398321 0.02118421 0.4536444 0.188488 0.188488 0.06490504 0.1601218 0.1191768 0.1191768 0.03660994
53 0.06523175 0.1501192 0.1501192 0.08224019 0.03905553 0.0008269123 0.0008269123 0.2177233 0.1472664 0.02818779 0.02818779 0.1640482
54 0.1250819 0.1498136 0.1498136 0.09495594 0.384037 0.2467136 0.2467136 0.04844931 0.05553349 0.1163301 0.1163301 0.1073146
55 0.09317958 0.0680637 0.0680637 0.1877398 0.2741254 0.05348853 0.05348853 0.07198821 0.2251312 0.1842377 0.1842377 0.06123584
56 0.1121 0.04695971 0.04695971 0.2704219 0.8483055 0.021524 0.021524 0.3013499 0.06631419 0.1989196 0.1989196 0.0560995
57 0.1167673 0.0108558 0.0108558 0.1446519 0.1356614 0.05386517 0.05386517 0.0430312 0.2591415 0.01223645 0.01223645 0.4037126
58 0.1208542 0.01383425 0.01383425 0.1509665 0.3056037 0.2658023 0.2658023 0.5657773 0.2357351 0.03577264 0.03577264 0.06060689
59 0.06098069 0.01918812 0.01918812 0.07212049 0.03053653 0.1456802 0.1456802 0.0777288 0.1763777 0.3497155 0.3497155 0.6908554
60 0.1073456 0.1203595 0.1203595 0.05651278 0.49973 0.1704168 0.1704168 0.4977816 0.03859376 0.2079016 0.2079016 0.2378489
61 0.2333865 0.05662862 0.05662862 0.01235024 0.4673872 0.3097731 0.3097731 0.7717171 0.1688239 0.1975514 0.1975514 0.07031278
62 0.227305 0.07417733 0.07417733 0.2053113 0.1052536 0.09100258 0.09100258 0.2239915 0.2535382 0.1257114 0.1257114 0.3102247
63 0.06114328 0.006230641 0.006230641 0.1487342 0.1419438 0.1014737 0.1014737 0.1949823 0.0246934 0.04047139 0.04047139 0.2793381
64 0.08376839 0.07813454 0.07813454 0.1165948 0.1884867 0.08243613 0.08243613 0.132639 0.2674295 0.1711328 0.1711328 0.08872269
65 0.1143402 0.07611854 0.07611854 0.07698265 0.2956577 0.05324644 0.05324644 0.06983118 0.01415126 0.006033746 0.006033746 0.09691676
66 0.02643369 0.0483684 0.0483684 0.1059166 0.0007729125 0.128707 0.128707 0.059624 0.3270333 0.01429604 0.01429604 0.3559862
67 0.1122244 0.04054859 0.04054859 0.1745345 0.1888309 0.04623488 0.04623488 0.0854618 0.05942018 0.01637799 0.01637799 0.05458175
68 0.0430837 0.06439862 0.06439862 0.3705855 0.395899 0.00761576 0.00761576 0.2017068 0.3218054 0.04353862 0.04353862 0.4465903
69 0.3083085 0.009972425 0.009972425 0.2569086 0.09521441 0.004734717 0.004734717 0.1631487 0.01936159 0.01830376 0.01830376 0.1007387
70 0.08351123 0.05592479 0.05592479 0.02765767 0.3391943 0.1643169 0.1643169 0.3852453 0.0301011 0.06984934 0.06984934 0.1076793
71 0.09216228 0.1368356 0.1368356 0.0206502 0.1441226 0.2055648 0.2055648 0.1681929 0.2150374 0.0571764 0.0571764 0.06992219
72 0.1784709 0.007431821 0.007431821 0.1080081 0.05998558 0.0577429 0.0577429 0.5830816 0.3502569 0.2070038 0.2070038 0.3866581
73 0.05565553 0.1230349 0.1230349 0.1227149 0.03725956 0.102747 0.102747 0.08130337 0.1005957 0.02566202 0.02566202 0.07201734
74 0.05730027 0.1385095 0.1385095 0.0162993 0.02651834 0.1479053 0.1479053 0.05571351 0.1982991 0.03030083 0.03030083 0.2946221
75 0.03733379 0.03039791 0.03039791 0.03822231 0.3867341 0.01376519 0.01376519 0.1920589 0.05966852 0.0006757589 0.0006757589 0.1817384
76 0.06982781 0.02273782 0.02273782 0.05329364 0.3970538 0.02985265 0.02985265 0.2662659 0.04241172 0.115776 0.115776 0.04654734
77 0.07221324 0.0624081 0.0624081 0.05528269 0.1165789 0.01260379 0.01260379 0.04993371 0.2943306 0.1598291 0.1598291 0.2108909
78 0.0926156 0.05259941 0.05259941 0.2183519 0.1253902 0.05313872 0.05313872 0.2103661 0.006117027 0.1114179 0.1114179 0.06584709
79 0.09704672 0.01088364 0.01088364 0.1384435 0.3523721 0.05532409 0.05532409 0.3462595 0.1900538 0.1354654 0.1354654 0.2582024
80 0.02173086 0.1065002 0.1065002 0.05694058 0.1229971 0.03299271 0.03299271 0.131753 0.176811 0.101737 0.101737 0.5090682
81 0.02778471 0.06272807 0.06272807 0.01240275 0.09303342 0.01905817 0.01905817 0.1497537 0.1308362 0.1589064 0.1589064 0.1332745
82 0.124202 0.08798579 0.08798579 0.1179347 0.09004749 0.1322022 0.1322022 0.2142386 0.1192963 0.1932782 0.1932782 0.4568868
83 0.03604568 0.06368094 0.06368094 0.1172526 0.2128816 0.02957213 0.02957213 0.5905413 0.07967817 0.08287474 0.08287474 0.2282547
84 0.1798902 0.07640016 0.07640016 0.2289904 0.003374592 0.1496403 0.1496403 0.007993531 0.260696 0.07071617 0.07071617 0.01627864
85 0.05367367 0.02089831 0.02089831 0.1781339 0.1062598 0.1303394 0.1303394 0.1724539 0.06361361 0.05065474 0.05065474 0.03274421
86 0.1242959 0.06795188 0.06795188 0.01841501 0.1944652 0.2824841 0.2824841 0.395669 0.3016036 0.1767841 0.1767841 0.1637647
87 0.0692019 0.08180103 0.08180103 0.1198686 0.2153181 0.01196271 0.01196271 0.2720622 0.2736911 0.160892 0.160892 0.1183273
88 0.08269254 0.0721069 0.0721069 0.092458 0.03133688 0.1188318 0.1188318 0.2374151 0.08670067 0.06748234 0.06748234 0.06155583
89 0.1120923 0.08294095 0.08294095 0.1209446 0.02989143 0.1105967 0.1105967 0.2339513 0.06296026 0.03768284 0.03768284 0.1583562
90 0.1763622 0.0338967 0.0338967 0.04706161 0.01200574 0.07222568 0.07222568 0.24878 0.1800355 0.10724 0.10724 0.09954013
91 0.1089877 0.03513805 0.03513805 0.1105108 0.1386215 0.1080758 0.1080758 0.1734974 0.2333489 0.02773139 0.02773139 0.07903745
92 0.1554537 0.02374692 0.02374692 0.175506 0.1762951 0.2197765 0.2197765 0.03725822 0.3392429 0.05693678 0.05693678 0.3191841
93 0.1762363 0.1070142 0.1070142 0.1885377 0.1629199 0.03756939 0.03756939 0.1796903 0.03758417 0.1203758 0.1203758 0.1484761
94 0.01445902 0.09545791 0.09545791 0.03953937 0.4303082 0.3666784 0.3666784 0.1931271 0.003382111 0.05946178 0.05946178 0.2125978
95 0.04281273 0.1263912 0.1263912 0.1353684 0.5568535 0.08071512 0.08071512 0.4569514 0.1758207 0.110075 0.110075 0.3204426
96 0.08204137 0.1184376 0.1184376 0.1999044 0.6532309 0.2305647 0.2305647 0.01939945 0.03496432 0.06320424 0.06320424 0.1294872
97 0.07589878 0.0388539 0.0388539 0.03426332 0.2710467 0.1852083 0.1852083 0.1095844 0.05755178 0.07637235 0.07637235 0.4810078
98 0.1738931 0.04254624 0.04254624 0.2488316 0.05055337 0.2055176 0.2055176 0.04799326 0.1508163 0.07674975 0.07674975 0.1137206
99 0.1069452 0.1190997 0.1190997 0.0124018 0.3494015 0.3405266 0.3405266 0.1151135 0.1075785 0.1434695 0.1434695 0.28972
100 0.05232476 0.07843751 0.07843751 0.1105685 0.2041783 0.230048 0.230048 0.312136 0.08197728 0.01029346 0.01029346 0.409996
