1 0.7363448 1.655059 0.4012609
2 2.428532 0.02331911 0.2034526
3 0.274518 2.060029 1.555721
4 1.583827 0.1173205 0.2187556
5 1.544055 1.558794 0.8385252
6 0.8102015 2.3883 1.125424
7 0.7221029 1.006761 0.05936058
8 0.3419275 1.414451 0.1704637
9 0.6402213 0.1446361 0.5437741
10 0.6799608 3.721485 0.04470169
11 0.2089644 0.3403249 0.306423
12 0.564684 0.2944591 0.01173349
13 0.968298 3.584688 0.02731821
14 1.292487 2.002089 0.5138199
15 1.127103 0.7163912 0.3990305
16 1.311536 1.603481 0.1665691
17 0.3906712 0.2029312 0.4398074
18 1.15077 0.1169894 0.7372549
19 0.7751557 2.570805 0.229793
20 1.141426 0.7126624 0.6251259
21 1.357378 4.289134 0.03110777
22 0.1792419 1.167699 0.1479736
23 1.334207 1.367652 0.5296262
24 0.6478908 1.83456 0.273522
25 0.3320345 2.185371 0.3091059
26 0.06498291 0.9953023 0.01174359
27 0.1130421 3.318539 0.1323179
28 0.5199138 0.2772792 0.4343481
29 0.526581 1.801066 0.2066322
30 0.07192841 1.30926 0.1237672
31 1.346017 1.174545 0.2595839
32 1.663728 0.03028025 0.07962917
33 0.7767936 2.641272 0.9553198
34 0.2605771 1.016032 0.5724969
35 1.168652 1.410567 0.4955485
36 0.676702 4.049059 0.1835298
37 0.3836651 2.268167 0.7114714
38 1.25628 0.9960502 0.1481162
39 2.371514 6.364166 0.6847974
40 0.478759 1.242556 0.5687872
41 0.2723603 4.967507 0.2977501
42 0.563055 1.52433 0.1785836
43 0.09361738 0.4656962 0.2894736
44 0.6451513 1.335874 0.7495813
45 0.1901066 0.1553768 0.8507937
46 0.7839954 0.6112427 0.1135328
47 1.171768 0.2673697 0.4249782
48 0.8172292 4.400102 0.4266707
49 0.6597823 0.9585583 0.5510897
50 1.563193 2.070581 0.1930533
51 0.5100771 2.095306 0.6872594
52 0.08807968 0.578153 0.3096678
53 0.2842009 2.452267 0.1654322
54 0.4311913 0.4199961 0.1313463
55 0.523364 2.237693 0.1824884
56 0.217266 3.352376 0.3576568
57 0.3392174 1.045673 0.3526352
58 0.9010176 1.49705 0.1998931
59 0.1001757 0.7405652 0.2051772
60 0.3017606 1.330315 0.5698095
61 0.7845065 0.7487064 0.2966938
62 0.8872299 2.003327 0.7018715
63 0.7818047 0.6916334 1.100016
64 0.3899191 0.2104237 0.3578331
65 0.8038845 0.7139326 0.748742
66 1.139724 0.7301605 0.5836223
67 0.5413441 1.154022 0.3071357
68 1.663897 1.487257 0.2022327
69 0.7793238 0.5108322 0.1248121
70 0.01090965 3.103189 0.5851403
71 0.8976264 0.5736571 0.3384167
72 0.1756218 2.036239 0.5189043
73 0.1589221 0.9615316 0.4046681
74 0.5015108 0.01881069 0.1942357
75 0.2648138 0.09133165 0.08872572
76 0.7195232 0.2062989 0.06539146
77 0.6338352 0.6788128 0.4521099
78 1.101694 2.022645 1.181172
79 0.4053086 0.06658313 0.8691346
80 0.8211814 1.034246 0.3005809
81 1.171778 0.5819481 0.5255973
82 0.4299765 0.6631345 0.3256877
83 0.5421821 7.437668 0.6392504
84 0.1106649 0.8799656 0.3782298
85 0.1489499 1.282959 0.8756836
86 0.7166291 0.1719415 0.1563006
87 0.3140519 2.987185 0.8237814
88 3.892097 0.04549732 0.3220292
89 1.276977 0.7823607 0.8915272
90 0.8699796 1.345608 0.1103572
91 0.2773861 2.553939 0.284804
92 1.293688 2.190993 0.120809
93 0.2171485 1.049736 0.003716371
94 0.8154897 0.295015 0.1062579
95 0.3898752 1.232341 0.3003533
96 0.7495738 0.4010133 0.2674436
97 0.3981762 1.397962 0.4047677
98 1.118682 1.958689 0.4194215
99 0.1635897 4.60666 0.4597599
100 0.8653269 0.02061599 0.05075843
