1 5.171088e-05 0.0001142917 0.0005441341 0.0002707984 4.591543e-05 9.162771e-05 0.0002452237 0.0002416795 0.001215058 0.0003164925 0.0008576514 0.001145817
2 0.0006726383 0.0004200624 3.467001e-05 7.878491e-05 0.0004958691 0.0005749945 0.0008540421 0.0004758519 0.0003919348 0.0001856367 0.0007727019 0.001107614
3 0.0001736975 8.815809e-05 0.0001061931 0.0003100873 0.0005898071 0.0007505158 0.000510142 5.508556e-05 0.0006888207 9.683943e-05 0.0004197662 0.0005505256
4 0.000305324 7.058715e-05 0.0004057376 0.0003685986 0.0004553802 0.0006227573 0.0001550118 6.369113e-05 0.001411932 0.0001668829 0.0007154239 4.987495e-05
5 0.0003667646 4.522795e-05 7.435585e-05 0.0001099646 6.768555e-05 0.0001497034 0.0003937671 6.028116e-05 7.042955e-05 0.0002377412 0.0008047736 7.4389e-06
6 0.0004450466 9.314928e-06 0.0003608859 9.886879e-05 7.986592e-05 5.643238e-05 0.0006511059 0.0001162122 0.0009009028 0.0001853636 0.0006998849 0.0009486403
7 0.0002710753 5.381484e-05 0.0002470827 2.355982e-07 2.292048e-05 2.217588e-05 0.0004283147 3.409691e-05 0.0004002219 1.364391e-05 6.823715e-05 0.0002023175
8 0.0003216531 0.0002613917 0.0002725006 1.106975e-05 6.123893e-05 0.0004049671 0.000128438 6.403638e-05 0.0002257085 0.0001024757 7.02164e-05 0.0001945144
9 0.0006492311 0.0002869833 0.000763865 0.0001862911 0.0001196321 0.0008027488 7.783691e-05 0.0003771831 0.000389348 0.0001155832 0.0009983083 0.0002362997
10 0.0003831008 0.0002179851 0.0002419012 0.0002954193 0.0004286846 0.0002475063 0.0008780899 0.0003492427 0.001563471 0.0002361696 1.200289e-05 0.000442423
11 0.0005478461 0.0001805508 0.001123547 0.0002049207 0.0005290592 6.664652e-05 0.0001042701 0.0001319098 0.0004826542 8.417362e-05 0.0004872204 0.0004015032
12 0.0003057518 0.0002381502 0.0003820167 0.0001912492 0.0001834109 0.0004486687 0.001563578 0.000478537 0.0001734091 0.0007597804 0.0003666123 0.0001755359
13 0.0007079713 0.0002916742 0.0001863828 0.0001419073 0.0002079944 0.0006669822 0.0009316594 1.270628e-05 0.000402041 0.0004151075 0.001092954 0.0007115992
14 0.0004785921 7.324672e-05 0.0001488607 7.140005e-05 0.0004731372 0.0003306001 0.0004603071 0.0002234219 0.0006193435 8.266836e-05 0.000172299 0.0001876642
15 0.0001945828 8.037267e-05 0.0002816086 0.0004158661 0.0001335923 0.0006329792 3.688227e-05 0.0002884689 3.997637e-05 0.0006652244 0.0005841847 0.0005266273
16 0.0001255075 6.41043e-05 0.0004394521 8.142554e-05 4.322635e-05 3.051128e-05 0.0009791745 0.0001026485 0.0001188892 0.0002457623 0.0002783474 0.0008020771
17 0.0003494957 0.0001287889 0.0001284545 7.209885e-05 2.891379e-05 0.0003117713 0.0001298285 0.000167244 0.0001460038 8.997758e-07 0.0004227483 0.0008924469
18 0.0002708473 0.0001922185 0.0001701844 6.797529e-05 0.0007715586 3.072257e-05 0.000778346 0.0001872655 2.726974e-05 0.0005585258 0.0001995859 0.0005972899
19 0.0002855921 0.0002556914 0.0004311055 0.0001891042 0.000784615 0.000757475 0.0004205975 0.0004945746 0.001816666 0.000654035 0.0002625428 9.522156e-06
20 0.0004052342 2.358056e-05 2.292241e-06 0.0002692229 0.000139899 0.0009703723 0.0005814283 0.000145325 0.0009475395 5.050213e-06 0.0002945699 0.0008683356
21 0.00034325 0.0002063078 0.0003706577 1.193735e-05 0.0005369841 1.806898e-05 0.0003080545 0.000145368 0.0006905124 0.0003406303 0.0003409204 0.0009524922
22 0.000707472 0.0002533828 0.0003614417 0.0001241373 0.0001227537 0.0003036496 0.0006525148 0.000137361 0.0001867012 6.430796e-06 0.0005657679 0.001428604
23 0.0002757861 3.798566e-05 0.0008957979 0.0001538731 4.467571e-05 8.5278e-05 0.0007425944 2.335886e-05 0.0008576478 0.0002286106 0.0005789277 0.0009413844
24 0.0002348053 0.0001128731 0.0001276614 5.217208e-05 0.0001050563 1.754596e-05 0.0004693927 8.02419e-05 0.0003894813 5.349735e-05 0.0004293069 0.0001229773
25 0.0001967788 2.888516e-05 0.0005839137 9.893679e-05 0.0003216142 0.0001525397 0.000747776 0.0002026481 0.0007078443 0.000509329 0.001005792 0.0001663708
26 0.0003927105 0.0001967688 0.0003786631 0.0001312386 0.000179531 0.0003552996 0.0001516509 0.0001955255 0.0002601644 0.0002720002 0.0002603851 0.001751113
27 0.0001965985 0.0003243617 0.0005458503 0.0001090195 0.0002135364 0.0004158096 0.000495121 0.0003333865 0.0001156208 0.0002605438 0.001001543 0.001088658
28 3.083177e-05 0.0001661523 0.0003633371 7.385132e-05 0.0001550002 0.0006030488 0.0004975498 0.0001624667 0.0001035455 0.0007202574 0.0003065109 0.001550156
29 1.385352e-05 5.086918e-05 0.0003568274 0.0001872107 0.0001745523 0.0003683018 0.0002823824 0.000290107 0.0007779652 0.0006866618 5.128551e-05 0.001177865
30 8.923061e-05 2.235538e-05 0.0001774756 0.0002541925 0.000560462 0.0001022305 0.000361658 6.885282e-05 0.00125694 0.0001783481 0.0004003754 7.161722e-05
31 0.0001862818 0.0001437767 0.0005170137 0.0002188999 8.658046e-05 0.0002950996 0.000481989 0.0001025954 0.001544474 1.899489e-05 0.0005572452 0.001019839
32 0.0008660803 1.550437e-06 0.0001697806 5.586623e-05 0.0002148902 0.0001285721 0.001748224 0.0002467546 2.184565e-05 0.0003114644 0.0002943633 0.001207588
33 6.498148e-05 4.569826e-05 0.0002195145 0.0002109892 0.0002816912 0.0003244983 0.0005097416 0.0002186678 1.723869e-05 9.167694e-05 0.0005699986 0.0004212996
34 7.965359e-05 0.0001292484 0.0006079715 0.0004269245 0.0001988435 0.0005131638 0.0006960208 7.501867e-05 0.000110169 0.0008203735 0.0004396678 0.001511539
35 0.0003456406 9.689111e-05 0.0001715218 0.0001273437 0.0002673448 0.0004504095 0.001175512 6.71123e-06 0.0003855932 0.000281906 0.001186028 0.0008108851
36 2.922222e-05 2.659152e-05 0.0001771659 8.17634e-06 2.722554e-05 0.0001302973 0.0008558104 0.0005926886 0.0003622159 0.0004498429 0.0005260994 0.0001955368
37 7.730977e-05 0.0001834881 0.0002033691 1.782683e-05 0.0002815254 0.0008773181 0.000832904 0.0002690679 0.0003606193 4.655051e-05 0.0005427305 0.001078413
38 0.0001959818 0.0001170418 0.0007936146 0.0003127745 0.0004298141 0.0003477741 0.0008098543 0.0001153052 0.001216397 0.0002598527 0.0003248997 1.794705e-05
39 0.0001330576 0.0001600842 0.000633784 2.162814e-05 0.0007433657 3.365965e-05 0.0003032237 0.0004682549 0.0001372071 0.0002062592 1.964285e-05 0.0008126982
40 1.486546e-05 0.000209143 0.0003518147 1.724938e-05 0.0009466281 0.0002265591 0.0007524582 0.0005096762 4.572988e-06 0.0005920891 5.9256e-05 0.0007545818
41 0.0003263029 6.160985e-05 0.0004728585 0.0001280944 0.000262724 4.358605e-05 0.0004807012 0.0002781299 0.0004236331 0.0004564704 0.0007340874 2.467151e-05
42 0.0003358691 0.0002896198 1.913581e-05 0.0001292933 0.0003154752 2.627638e-05 0.0006144736 0.0003531808 0.0009711823 0.0001307266 0.000521024 0.001105002
43 0.0004727364 0.000111504 1.606797e-05 0.0002815459 4.972111e-05 9.84275e-05 0.001029498 0.0005752407 0.0006350263 0.0006710464 0.0002543367 0.0005680595
44 0.0002068147 6.402266e-05 0.000138406 2.989824e-05 1.509491e-05 7.498169e-05 0.0005327149 7.757877e-05 0.0002271074 0.0001668111 0.0006970824 1.372741e-05
45 1.193593e-05 2.545543e-05 0.0001756146 0.0001851971 0.0001393449 0.0003231322 3.269864e-05 0.0002345148 0.0003396657 0.0002282891 0.0006640556 0.001934484
46 0.0002271197 7.850184e-05 0.0003597728 0.0001775508 5.552793e-05 0.000136288 0.0001230659 8.244522e-05 0.000405157 0.0001063898 0.0002129183 0.0007554743
47 0.0002273712 0.0002323934 0.0004662393 0.0002005671 5.331353e-05 0.000212356 3.623279e-05 9.225292e-05 0.0009106523 4.498174e-05 0.0002648214 2.467578e-05
48 0.000533328 7.038757e-05 0.0001528756 6.527473e-05 6.226431e-05 0.0001481878 0.0009509866 6.074698e-05 0.0004834504 0.0001564271 5.235663e-05 0.0001354888
49 9.71549e-05 2.430185e-05 0.0003902862 0.0001894334 0.0002765879 0.000112037 0.0002883535 4.272504e-05 0.0008816935 0.0004394806 0.001251365 0.0003900766
50 0.0002409151 4.194708e-05 0.0009033236 0.0001625371 0.0001167981 0.0005367473 0.0001800656 0.0004168922 0.001245342 0.0005115565 0.0006308169 0.0001790073
51 0.0005616463 0.0002555286 0.0002221335 0.0001890705 3.59587e-05 7.400121e-07 0.001140846 0.0001999191 0.00118197 0.0004399515 0.0003294729 0.0005526116
52 9.420913e-05 6.785177e-06 0.0002453309 0.0002439421 0.0001019606 0.0005880412 0.0003747819 0.0003065825 0.0001635382 0.0003992996 3.421397e-05 9.40064e-05
53 0.0005113404 0.0001700194 0.0002608178 0.0001575637 0.0005160076 0.0004522373 0.0005124279 1.38095e-05 0.001248563 0.0001912059 2.341962e-05 0.0006022061
54 0.0003075127 4.353791e-05 0.00048567 4.094002e-05 0.0003833108 0.0003100423 0.001341005 0.0004541387 0.0002195439 0.0006231126 3.135347e-05 0.0006487197
55 0.0002373081 5.558784e-05 0.0001166184 8.016334e-05 0.0003408661 6.179501e-05 0.0001296153 3.050861e-05 0.00086722 0.0001667254 0.0002209457 0.0006725567
56 0.0001116012 3.271093e-05 0.0006263848 0.0002861756 0.0004761828 0.000471864 0.0005384011 0.0005094874 0.0001856917 0.000478169 0.0004805416 0.0002693281
57 0.0003149664 1.007965e-05 0.0006969824 0.0001346783 7.37148e-05 0.0001543738 0.001495759 2.611711e-05 0.001331982 6.790372e-05 0.0005791703 0.00124798
58 0.0009920441 0.0002801843 8.321249e-05 0.0001277895 0.0005959499 0.0002937325 0.0001914596 0.0001942062 0.0003421777 0.0002292973 8.348896e-05 0.0001867017
59 0.0004034287 0.0001829547 1.643541e-05 0.0002347442 0.0003156992 0.0004568779 0.0003039323 0.0001950121 0.0002568384 0.0002855048 0.0002591901 0.0003069855
60 0.0001691509 0.0003345641 3.788585e-05 0.0002147318 0.0005463365 0.000955768 0.0002967049 0.0004128446 0.0009002497 0.00115793 0.0001364652 0.002133518
61 0.0002509204 6.678464e-05 0.0002920294 0.0001103148 0.000908035 0.0004983581 0.0003499484 0.000107991 0.0008109434 0.0001470436 0.0008534648 9.925766e-05
62 0.0001031986 5.479447e-05 0.0005739143 3.674663e-06 7.042353e-05 8.758441e-06 0.0007901955 0.000267181 0.0001266378 0.0006874434 0.0003667967 0.0001839169
63 8.904499e-05 0.0001164018 0.0003811575 2.405276e-06 0.0002766783 0.0003634367 0.0001277035 4.652667e-05 0.001461831 0.0003597393 0.0006844313 0.001340967
64 1.337572e-05 4.11362e-05 0.00029287 2.838657e-05 0.0006106502 0.0003426697 0.001302753 6.828974e-05 0.001047621 0.0003439588 4.272341e-05 1.579721e-05
65 9.078811e-05 0.0001429617 0.0004176298 0.0002085364 0.0004602088 0.0003357987 0.0006352481 0.000174223 0.000434435 0.0001468333 0.0007122928 0.000268834
66 0.0006689979 1.135522e-05 0.000326464 0.0002273811 0.0002304824 0.0005120833 3.130819e-05 0.0002174302 0.001164271 0.0003562791 4.796545e-05 0.0002064552
67 0.000114211 9.613957e-05 0.0006804373 2.756009e-05 0.0005993523 0.0002824334 0.0004911771 1.700014e-05 0.001002877 4.903525e-06 0.0001146349 0.0001340822
68 0.0003421495 2.426186e-05 0.0003565812 0.0002974915 9.10184e-05 0.0005357108 0.0001394751 7.638992e-05 0.0008793525 1.601097e-05 0.0009559077 0.0005429323
69 0.0003971748 3.138359e-05 0.0004556784 0.000150648 0.0003056665 0.0007181369 0.0001382121 0.000350167 0.0001184306 0.0004656526 1.752301e-05 0.0004446944
70 0.0002846185 0.000118524 4.531079e-05 7.768556e-05 0.000109593 0.0004177401 0.000947724 0.000502845 0.0003951108 0.0002920071 0.0001717387 0.001384071
71 0.0001111387 0.0001524286 0.0008014673 0.0003029047 0.0007450724 0.0001563206 0.000413977 0.0001297119 0.001019159 0.000389911 0.0001921907 0.0003575627
72 0.0003608845 0.0001416335 0.0001550625 0.0002527284 0.000489518 3.347486e-06 0.0008057052 2.286985e-05 0.0005363348 0.0002547535 0.0005588828 0.0006458794
73 5.70151e-05 4.998509e-05 6.18494e-05 0.0001309424 8.426085e-05 0.0001610469 0.0002198425 0.0002056655 0.0001692786 0.0003143798 0.0003401102 3.320939e-06
74 1.562029e-05 9.681119e-05 0.0002657143 8.922724e-05 6.146507e-06 0.0006117187 0.0002793699 0.0002263543 0.0003960474 8.529055e-05 0.0002421512 0.0004250669
75 0.0003658062 5.654112e-05 0.00063413 1.199779e-05 0.0002094582 0.0001462032 0.0003050781 0.0002461259 0.0002226902 0.0001853415 0.0003119124 0.0003179126
76 0.0006089114 9.800768e-05 0.0002443904 0.0003389437 0.0003956664 0.0005352323 0.000737357 0.0004880355 0.001016817 0.0007676864 8.556407e-05 0.001406275
77 4.314013e-05 0.0002679909 0.0003865017 0.0004363267 0.000288946 0.0006397114 0.0005498282 6.843732e-05 0.001271807 0.0004599712 0.0002381111 0.002203965
78 6.732897e-05 0.000201584 0.0001984722 5.926177e-05 0.0008444016 4.814966e-06 0.0005905018 5.385579e-06 0.0004508036 0.0004912474 0.0004175079 0.001227352
79 0.0004028298 0.0002917705 0.0004101039 4.359614e-05 0.0004552434 0.001048645 0.00032762 0.0002622308 0.00134576 2.344901e-05 0.0006067759 0.0005785564
80 0.0002430226 0.0001070233 0.0001449162 5.777878e-05 9.455258e-05 0.0001460237 0.0008850558 0.0001959244 0.0003826373 5.238234e-05 0.0008422439 2.0632e-05
81 0.0001516646 9.086518e-05 0.0007008855 0.0003205174 9.532137e-05 0.0005923462 0.0006489506 0.0005613201 0.0002356216 0.000270268 0.0007888 0.000937402
82 5.562882e-05 3.583605e-05 0.0005386264 1.561736e-05 0.0001159903 0.0001829237 0.0003937388 0.0002636866 0.0006074896 0.000149793 2.755671e-06 0.0002884616
83 3.047599e-05 0.0002461958 0.0005906862 0.0002695599 0.0001816626 1.843782e-05 2.541245e-05 9.08897e-05 0.0003762863 0.0001393488 0.0004688573 0.0002312615
84 0.0005200077 0.0002364939 0.0007377188 3.834555e-05 5.701097e-05 0.0003870986 0.0001512052 0.0001211698 0.0002949041 0.0001235355 0.0009162754 0.001166397
85 0.0001651108 0.0001941991 0.0006700018 9.106678e-06 0.0001256504 7.792831e-05 0.0003883276 0.0007584592 0.000670571 0.00121442 0.0001998062 0.0006673137
86 0.000246532 0.000199788 0.0002811498 0.0003222902 0.0001637345 0.0007027041 0.001233044 0.0004370682 0.0006249647 0.0004759907 6.977415e-06 0.0003875351
87 0.000344911 0.0002117395 0.0002489352 8.47893e-05 0.0005373608 0.0001050288 0.0009250906 3.924961e-05 0.0004002211 0.0003324579 0.000343777 0.001212418
88 0.000265932 4.52136e-05 4.314066e-05 6.067685e-05 0.000381 0.0001117558 0.0003286135 3.002899e-05 0.0007332641 0.0001623429 0.0003394454 0.0007804745
89 0.0002105499 1.169635e-05 0.0001338854 4.678605e-05 0.0003097923 0.0003404169 0.000759133 0.0002549963 0.0008040152 0.000347691 8.079639e-05 6.721589e-05
90 0.0002066459 8.657384e-05 0.0006792708 4.633094e-05 0.000450135 0.000129473 3.590487e-05 7.205254e-05 0.0003743908 8.457561e-05 0.0004214679 0.0009826496
91 0.0002988204 0.0002316941 5.08584e-06 5.021173e-05 0.0008435404 0.000166137 0.001075957 0.0001490217 0.0007525679 0.0005210795 0.0001531842 0.001313469
92 0.0001233908 0.0001466712 0.0004211141 0.0003449068 0.0001745116 0.0006439298 0.0001196685 0.0005171714 0.0005910157 9.994315e-05 0.0008272418 0.000421172
93 0.0001368927 9.299162e-05 0.0001901238 0.0003929963 0.00066826 0.0002036549 0.0003494022 9.203314e-05 0.0005065023 0.0003666101 2.034541e-05 0.0009658419
94 0.0005446807 4.23296e-05 0.0005322358 0.000172577 0.0005661354 0.0006227873 0.0007049082 0.0001610879 0.0003076676 0.0003354278 0.001088023 0.0002375795
95 0.0002622609 0.0001156339 0.000522683 3.366919e-06 4.46477e-05 0.0001278535 0.0009336781 0.0001816185 0.0008532652 0.0003266851 0.0005986848 0.0006751984
96 7.49397e-05 0.0001215623 0.0003494701 6.027684e-05 6.169243e-05 6.951035e-05 0.000367424 0.000230916 0.0003392122 0.0004662885 0.0001036642 0.001788126
97 7.87657e-05 0.0002261193 0.0003528162 3.124438e-05 0.0006995972 0.0002034766 0.0003430541 0.0001572257 0.0003942517 0.0002786205 0.0001372943 0.0004865724
98 0.000236757 9.362292e-06 0.0002974497 9.435192e-05 0.000171952 0.0001598184 0.0004375304 5.650372e-05 0.0009130373 0.0004833435 0.0003385647 0.001145727
99 0.0001592061 0.0001877035 0.0004174919 0.0003804795 0.0001232198 0.0004521317 0.0008080724 0.000356253 0.0004660908 0.0002412596 2.192894e-06 0.001003812
100 0.0001349126 0.0001558043 0.0003607987 0.0001046073 0.0002417504 0.0002124785 0.001369968 0.0001414369 0.000461171 0.0005921062 0.0003846362 0.0007933248
