1 0.001562838 0.0007872248 0.0006961704 0.0001619885 0.002259334 0.0005765162 0.0008560596 8.244201e-05 0.0009503924 0.0004090668 9.191032e-05 0.001581065
2 3.886705e-05 4.902518e-05 0.0002007871 1.109876e-05 0.0001996698 0.0002143435 1.004499e-05 0.0002551346 0.001482199 0.00014556 0.0005532385 0.0002702747
3 0.001615384 0.001359341 0.0006306737 0.0001194568 0.002794916 0.001137284 0.0008205463 0.0003647972 0.0014369 0.0006692344 0.00341329 0.001112437
4 0.0007671391 8.681272e-05 0.0002158756 0.0002056356 0.0007758353 0.0008698018 0.0003917087 0.0002183614 0.001726492 0.0006534585 0.0001830487 0.003016362
5 0.002234677 0.00127364 0.0003635827 0.0004494492 0.00208252 0.0004265161 0.001096152 0.0005594875 0.0006008487 0.0004031796 0.0007647778 0.001363356
6 7.569379e-05 3.63118e-05 0.0001701389 0.0001207165 0.0001541163 0.0007992116 0.0009193068 0.0003674216 0.001220785 0.0004272058 0.0005591354 9.942103e-05
7 0.0004863549 0.0004373258 0.0001395705 5.879606e-05 0.000619208 6.739554e-05 5.148802e-05 0.0001815197 0.0001943844 0.0008849825 0.000643002 0.001370926
8 0.0003533616 0.0001303931 0.0003144394 0.0002602257 0.0006039443 0.0006871165 0.0005812546 0.0002101093 0.0001377073 8.061167e-07 0.0007125773 8.556876e-05
9 0.0006610209 0.000410239 0.0002526034 1.647997e-05 0.0006492728 0.0005467958 0.001377747 0.0003682893 0.001041966 0.0003190772 0.0005158705 0.0001493052
10 9.345101e-05 6.187656e-05 0.0003541824 6.869729e-05 0.0002352176 0.0004905791 0.001040154 0.0003534263 7.831292e-05 0.0001182997 0.001333558 0.00151422
11 0.0005628176 0.000281586 0.0004811041 6.036496e-05 0.000139343 0.0003622119 0.001084652 0.0005772669 0.0004364107 0.0009863418 0.0004924908 0.001107209
12 0.000462379 0.0003178164 0.0003543623 6.687933e-05 0.0005716407 0.0001272904 0.0007941332 0.0003476039 0.0009361044 0.0007806489 5.467691e-05 0.001614164
13 0.0005976767 0.0005705235 0.0005092426 0.0002654326 0.001293236 0.0003032483 0.0006956922 0.0001721279 0.001375801 0.0007587238 0.00141807 0.001629131
14 0.002529804 0.001985187 0.0009201473 1.517965e-05 0.00476235 0.002844288 0.00159967 0.001088525 0.0008975873 0.0003397716 0.002047494 5.790279e-05
15 0.0001758539 0.0005226061 0.000736452 0.0002504608 0.000664905 0.0008755544 0.002528641 0.0004913492 0.0003833668 0.0003867977 0.0006756228 0.0003946007
16 0.0005971267 0.0001038561 9.653411e-05 0.0001609957 8.821192e-05 0.0005495896 0.0003392379 7.05361e-05 0.0002049606 0.001003876 0.0006771619 0.00297016
17 0.00159428 0.0009984959 0.000716951 0.0005953084 0.001579252 0.0004556624 0.0001107321 0.001366533 0.001581282 0.0001507434 0.002797964 0.0003327446
18 0.0005124104 0.0008909534 3.344963e-05 0.000151525 0.001403101 0.001150555 0.001952201 0.0001470979 0.0008778113 0.0002846124 0.0006584699 0.00181085
19 0.0003393877 6.424502e-05 0.0001617916 0.0001627983 0.000190269 0.000195469 0.0009149057 0.000109023 0.0006526656 0.0001805787 0.0007725501 2.639402e-05
20 0.0009372845 0.0005078587 0.0003686713 0.0005095026 0.001593414 0.0001927181 0.001885922 5.711452e-05 0.000698241 0.001020771 0.0004995639 0.0007760127
21 0.0004184394 1.828197e-05 0.0002960474 0.0001505907 8.153331e-05 0.0006725909 0.001107501 0.0008887236 0.0007648657 0.0005690333 0.0007817765 0.0005323915
22 0.0007010096 0.0001752136 0.0003249552 2.717453e-05 0.0002934399 0.0002626163 0.0005973608 0.0001274562 0.000122915 0.0007210275 0.0003820112 0.001377996
23 0.0005606795 0.0001155696 0.0002887142 0.0002712524 0.000688293 0.0002181873 0.0007003548 0.0006975436 0.001114865 0.0002393231 0.0001136133 0.001382031
24 0.0002523555 0.0001651708 0.0003238154 7.448451e-05 2.071583e-05 0.0002990826 0.0009603596 0.0001969566 0.001836909 0.0001926875 0.001110777 0.001446189
25 0.0005221338 0.0001112913 0.0005819872 0.0006382656 0.0005821373 0.000114118 0.0005832354 1.425064e-05 0.0001217166 0.0007072601 0.0006485782 0.001208088
26 0.0008842483 0.0005706048 0.0006816411 0.0001606041 0.001451239 0.001316374 0.0002839145 0.0003917587 0.0002801558 7.270996e-05 0.00106656 0.001024641
27 0.001537916 0.001212809 0.0001662495 0.0003482246 0.001606302 0.0007562441 0.001417521 0.0007453727 0.0005820749 0.0004249168 0.001982529 0.00126547
28 0.000657574 0.0003685638 0.0003164575 0.0002780115 0.0009350702 0.0002147818 0.0001050088 0.000871991 0.001737106 2.702991e-05 0.0005288688 0.001568779
29 0.001291313 0.0004193847 0.0004185599 0.0004187927 0.00066137 0.0003169814 0.0001849803 0.0002511238 0.0009056966 0.0001684208 0.0005685749 0.0008806111
30 0.001170985 0.0007326923 0.0003651774 0.0002259179 0.001737697 0.001382437 0.0001009412 2.109144e-05 0.0003583753 8.155671e-05 0.002363262 0.002147211
31 0.000311366 0.0002870864 3.33557e-05 1.615325e-06 0.0005280532 0.0002430857 0.002177277 3.836299e-05 0.001950891 6.139637e-05 0.0002587461 0.000809076
32 0.001377829 0.0009696005 0.0006019892 0.0001643863 0.001948547 6.66358e-05 0.0005158956 0.0006937882 8.654496e-06 0.000142271 0.001214468 0.002153652
33 6.772856e-05 0.0005378442 0.0006153303 3.803906e-05 0.001071847 0.0002087834 0.002282359 4.506708e-05 0.002154474 3.437797e-05 0.001708586 0.0003741583
34 0.0004377698 7.26178e-05 8.750029e-05 0.0008177461 0.001170818 0.0002611635 0.0003843749 6.62042e-05 0.002240601 7.899992e-05 9.004756e-05 0.0009520423
35 0.0007004607 0.000584927 8.299748e-05 0.0006464609 0.0001158161 3.444147e-05 0.0001185963 0.0001818366 0.001855426 0.0004648168 0.0004821936 0.002946292
36 8.593711e-05 5.269859e-05 0.0004037037 0.000130059 0.0001731185 0.0005271307 0.0008316667 0.0001061476 7.574823e-05 0.0004827603 0.0008678755 0.002497161
37 8.48758e-05 0.0002669175 0.0001325061 0.0001518595 0.0004626817 0.0005907535 0.0001699703 0.0002703044 0.00228248 0.001096949 0.001794045 0.0009201305
38 0.0001806812 4.383364e-05 9.140471e-05 2.546405e-05 0.0005842458 0.0002612147 0.001130443 0.000192517 0.0003162683 0.0003405064 0.0006903936 0.0009346494
39 0.000561343 0.0003185231 0.0001773684 9.088928e-05 0.000178345 0.0007434736 0.0001633721 0.0004396443 0.002795837 0.001106217 0.001167341 0.00202607
40 0.0004039946 0.00044549 0.0003167154 0.0006389617 0.0002214468 0.0006258897 0.0009017535 0.0004180402 0.001308259 0.0002000006 0.0004547923 0.002243104
41 0.0003764505 4.616049e-05 4.695006e-05 0.0001976242 0.0005295561 0.0001432982 0.0001984007 3.773666e-05 0.000388633 0.0001049282 0.0007760214 0.0002282539
42 0.0001302857 1.658772e-05 3.151334e-05 0.0001313402 0.0001455943 0.0003785672 0.0003805285 0.0005952711 0.001840773 0.0003996356 0.0001666212 0.001026064
43 0.0008546784 0.0009175335 0.0005959376 0.0005093833 0.002063948 0.001280613 0.002370876 0.0005190494 0.001141777 6.363845e-05 0.001402682 0.0008275868
44 0.0004259245 0.0003171263 0.0005040899 0.0001330758 0.0003070735 3.906656e-05 0.0004574584 0.0001139984 0.000473999 0.0002607079 0.0005405936 0.0006883113
45 0.0004500538 5.542288e-05 0.0003591443 0.0003222014 0.0004918309 0.0002759945 0.0006159902 0.0001881001 0.001218136 0.0005135426 8.103887e-05 0.0004098395
46 0.000397091 0.0001257609 0.0004738798 0.0002831218 6.748865e-05 0.0002285777 0.001755755 9.528123e-05 0.0003139473 0.0001387228 0.001585946 0.0005259344
47 0.0002347449 9.070392e-05 8.135256e-05 0.0001135562 0.0001810869 0.0003292987 5.928558e-05 7.564378e-05 0.001341312 0.0001330082 0.0001921859 0.0008239902
48 0.0006901328 0.0002803688 0.0002583395 9.760432e-05 0.000769882 1.562826e-05 0.002001612 0.0006421345 0.0006469877 0.0008588957 0.0002705282 0.001243037
49 8.874192e-05 0.0003536453 0.0001423335 0.0001762037 0.00051849 0.0001033748 0.001331152 0.000285062 0.0003554228 0.0001038105 0.0001977229 0.000384181
50 0.001347402 0.0008864932 0.0007093992 0.0001808399 0.002044566 0.001553007 0.001375423 0.0007976873 4.323612e-05 0.0007231338 0.0009947135 0.002486638
51 0.0002664726 7.884059e-05 0.0003476366 0.0002095057 0.0006692989 7.68696e-05 0.001166621 0.000189893 0.000948132 0.0001969801 0.0005410534 0.0008356964
52 3.921005e-05 4.50181e-05 0.0002701671 3.008047e-05 8.54056e-05 7.009786e-05 0.0002257461 0.0001631034 0.0002273779 0.0002373142 0.000422046 0.001511012
53 0.0004393617 4.918078e-05 0.0009759707 4.328491e-05 0.0003947225 0.000348842 0.0007264845 0.0001969829 7.992815e-05 0.0002380552 0.000303973 0.0004415591
54 0.0009819185 0.0005493752 0.000500858 0.0001013082 0.0008622388 0.0006837814 0.001204435 2.522723e-06 0.0014025 9.417623e-05 0.0009456334 0.001039709
55 6.482146e-05 0.0001390361 0.0001609578 0.0004587705 0.0001226348 0.0006204678 0.0007489295 0.0002883044 0.0006369468 0.001245435 0.001284764 0.001986633
56 7.17737e-05 1.024088e-05 7.596774e-05 0.0001438985 0.0005145505 0.0004621255 0.0008308014 0.0002372761 0.0007319455 0.0005039749 0.0003955674 0.000480555
57 0.0005685328 0.0005403183 0.0008160727 0.0001311668 0.0005208117 0.0001141991 0.001668672 0.000547605 0.0003672521 0.001332376 0.0008749461 9.178568e-06
58 0.0001878354 7.197801e-05 0.0001022634 6.076454e-05 0.0006941384 0.0001734193 0.00159684 0.0005275534 0.002718307 0.0004389471 0.0001084058 0.0002890799
59 0.0008000014 0.0002791705 0.001149565 0.0002532135 0.0008501992 0.000258219 0.001129126 0.000666793 0.003902383 0.001749521 0.0001254013 0.002835832
60 0.0008763332 0.0004669599 0.0004239515 4.488259e-05 0.002276279 0.000895837 0.001414681 0.0007298289 0.0007026361 0.001125599 0.00114792 0.0003216271
61 0.001405455 0.0006776028 0.0002997452 0.0001580458 0.00136395 0.0001408418 0.0005683251 0.000693547 0.0003811498 0.0001304402 0.002731131 0.0003964901
62 0.0004117181 4.734101e-05 0.0002092084 0.000245487 0.0003049876 0.0002550671 0.001226916 0.0008394728 0.001607606 0.001534133 3.092333e-05 0.0005787794
63 0.0004992422 0.0005423993 0.0008707228 0.0004490138 0.0004747179 0.00120339 0.001344906 0.0009164642 0.0009439941 0.0003243632 0.0005981508 0.001571298
64 8.347025e-05 0.0004110013 0.0006327833 0.0003086411 0.001584675 0.001499655 0.001182304 0.0002369922 0.001576752 0.001034327 0.002149623 0.001726616
65 5.949294e-05 6.243801e-05 0.0003268377 0.00055681 6.250822e-05 0.001161577 0.001035208 0.0004484745 1.972413e-05 0.0004677183 0.0002442646 3.907063e-05
66 0.000312219 0.0003420493 0.0005855694 3.464205e-05 0.0008112696 0.0004392465 0.0004217676 0.0006190365 1.965885e-05 0.000926517 0.0009103398 0.001457811
67 0.001430226 0.00115769 4.683501e-05 0.0005359152 0.002305414 0.0007840134 0.001460815 0.002019573 0.0009929157 0.0004380033 0.002715567 0.001996822
68 0.005370356 0.003916245 0.001527949 0.001555413 0.009236433 0.002496748 0.006908864 0.004945124 0.00154443 0.0008212989 0.01199794 0.001739595
69 0.0001584379 0.0001998549 0.0006033327 0.0001851867 0.0003737758 0.0002596631 0.001924819 3.969813e-05 0.0005826957 0.0008357505 0.001033316 0.001408904
70 0.0002716909 0.0001270974 0.001161395 0.0001363125 0.0001149815 8.806346e-05 8.233857e-05 0.0009140857 0.001011892 0.0004000298 0.0003472378 0.003657036
71 0.0002441562 2.164504e-05 0.000344772 0.0003905083 0.0009670084 0.0003118915 0.001115338 0.000265211 0.0001300434 0.0009310842 8.882352e-05 0.002060078
72 0.0002560506 0.000143609 0.000376654 9.351129e-05 0.0003850951 0.0005475993 0.0009579865 1.581327e-06 0.002075614 0.0008274213 0.001136538 0.0003179493
73 0.001236887 0.001184391 0.0009426394 0.0003668461 0.002113783 0.001105 0.002915086 0.001433034 0.00067059 0.0003786753 0.001927003 0.002639511
74 0.00037816 0.0002202896 0.0002898143 0.0002694225 9.805048e-05 0.0003262735 0.0003531662 0.0003301257 0.0005823499 2.099383e-05 0.001625895 0.002169113
75 0.0006692221 0.0003867105 0.0002824021 0.0002918268 0.001440892 0.0001848884 0.0003279365 0.0008385375 0.0004998757 0.000991982 0.001028258 0.001713072
76 0.001654149 0.0005933247 0.0006081514 0.0004169926 0.00198299 0.0004093142 0.0005223006 0.0007474351 0.001178733 0.0008358059 0.0009516258 0.0008281241
77 0.0002038007 0.0002124089 0.0001943788 0.0002163787 0.0001771975 0.0003276232 0.0001138435 0.0004397225 0.001640108 0.001131245 0.002092162 0.0002865599
78 0.0002914135 2.944587e-05 0.0002840158 0.0001166168 0.0001336534 0.0002789094 0.0001315972 0.000192778 4.841473e-05 4.287679e-05 1.53014e-05 0.000336497
79 0.0006573674 0.000237772 0.0004313049 0.0004849021 0.001246914 0.0004162544 6.203997e-05 0.0002766156 0.001074212 0.001319882 0.001353669 0.001588942
80 0.000556908 0.0007569355 0.00099219 3.653441e-05 0.001490654 0.0007374692 7.127889e-05 0.0005631251 0.001351728 0.0008621595 0.001632544 0.001911795
81 8.063143e-05 0.000102871 0.0003164627 4.799275e-05 3.627613e-05 0.0002696218 0.000869398 0.0003163988 0.001145718 0.0007554556 0.001156621 0.003095758
82 5.844285e-05 4.662067e-05 0.0003625392 0.0003193488 0.001287618 4.200069e-05 0.0001042807 0.0001781332 0.001011824 0.0004429377 0.0004126645 0.0008344615
83 0.0009389313 0.0002611419 0.0003537775 0.0001048045 8.45252e-05 0.0005975334 0.001602983 0.0002180612 0.0004525259 0.0002951031 0.001565934 0.00190593
84 0.000388374 2.463337e-06 0.0001676352 0.0001682672 2.17867e-05 0.0005167342 0.001486561 0.0003149472 0.0002293658 0.0009186799 0.001230652 0.00137427
85 0.0002784414 0.0001553149 0.0001579138 0.000179247 0.00100128 7.866504e-05 0.0002082654 0.0001136974 0.0001200508 0.0001904615 0.001334299 0.002552927
86 0.001308942 0.0004890747 0.0002493234 8.451541e-05 0.0006370245 0.001032112 0.0002187818 0.0004271244 0.001913053 4.624329e-05 9.75644e-05 0.001046871
87 0.0007068765 0.0001045962 8.128077e-05 0.0003010145 0.0007716735 0.0002854737 0.0002161758 0.0001683114 0.002313862 4.265395e-05 0.0003739223 0.0008788259
88 0.0003916952 0.0005263128 0.0004640303 5.076262e-05 0.0006654559 0.000310138 0.001743208 7.579573e-05 0.0002126519 0.0006959919 0.001440554 0.00106633
89 0.001399252 0.0007672469 0.0005015712 3.689787e-05 0.001542698 0.0008563635 0.00258033 0.001426148 0.0006905008 0.0009249975 0.002827005 0.0002215073
90 0.0006607314 0.0001470263 0.000358759 5.635538e-05 0.0002348783 1.47659e-05 0.000931191 0.0003459045 0.001637872 0.0003898752 0.000400411 9.781715e-05
91 0.0002603346 0.0001470837 0.0003323788 0.0003146181 9.47437e-05 0.0002046992 0.001087698 0.0008155261 0.0004424427 0.0006343908 0.001194547 0.003466189
92 0.0002870902 8.41204e-07 0.000196216 0.0002518373 0.0007546691 2.808186e-05 0.001532923 0.0003384142 0.001038587 0.0004231731 0.0003254698 0.0005080042
93 0.0001535104 0.0005620127 0.0001438921 5.915378e-05 0.0009627851 0.0008462449 0.001561976 4.118918e-05 0.0003018404 0.0008914921 0.001512802 0.003368016
94 0.001340788 0.000626947 0.0002250091 0.0004540779 0.002424741 0.0009886239 0.004017983 0.001149486 0.001228309 0.001595505 0.004886256 0.0006724996
95 0.0006786197 0.0002511165 0.0003644093 0.0001113315 0.0007252284 0.001070223 0.0002150716 1.873976e-06 0.0006777599 0.0008800742 0.000858651 0.001628533
96 0.001621755 0.0008926056 0.0002229018 0.0002123086 0.002815017 0.001117894 0.0006016397 0.0001642717 0.001755581 0.0003657243 0.003148817 0.0004983501
97 0.0002709338 0.000208099 0.0001810384 7.506467e-05 6.415989e-05 0.0001323704 0.0005619439 0.0001802934 0.0003097654 0.0001065339 0.0002508606 0.0005894016
98 0.0004470335 0.0003953568 0.0002426681 0.0003040103 0.0001169234 0.0001482171 0.0007235332 0.0002251882 0.0008637169 7.094732e-05 0.0005212475 0.001743034
99 0.0002207573 0.0001976928 8.67337e-05 1.428965e-05 2.359851e-05 0.0005704221 9.24992e-06 0.0002483178 2.05514e-06 0.000386661 0.0003308644 5.897852e-05
100 4.08567e-05 5.884871e-05 0.0001435939 0.0002824914 0.0002925082 0.0004821222 0.001296667 0.0004652789 0.0004476159 0.0008023485 0.001827473 0.0010223
