1 0.0005412398 0.0002735889 0.0002676509
2 0.001343539 9.171212e-05 0.001435251
3 0.001115492 1.561298e-05 0.001099879
4 0.001382289 1.486544e-05 0.001397154
5 6.501816e-05 0.0003103958 0.000375414
6 0.0007526471 1.320793e-06 0.0007539679
7 0.001117851 0.0001200038 0.000997847
8 0.003311961 3.20438e-05 0.003344005
9 0.001136067 1.472846e-05 0.001121338
10 0.0007238776 0.0002726305 0.0009965081
11 9.69112e-05 5.240213e-07 9.638718e-05
12 0.0002931282 1.232145e-05 0.0002808068
13 0.00100412 0.0002148177 0.0007893019
14 0.00156082 0.0006321782 0.002192998
15 0.0002361206 0.0003631792 0.0005992998
16 0.0002644562 3.063919e-05 0.0002950953
17 0.0003369509 2.135345e-06 0.0003348155
18 0.003351997 0.000333179 0.003685176
19 0.002864273 0.0004504204 0.003314693
20 0.0001559827 5.615406e-05 0.0002121367
21 0.001284198 3.296585e-05 0.001317164
22 0.0008514566 0.0001291068 0.0007223498
23 0.0002814058 2.292188e-05 0.0002584839
24 0.001205408 0.0004681752 0.001673583
25 0.002396637 0.000243641 0.002640278
26 0.001857005 0.0006184123 0.002475418
27 0.0009613017 0.0003792011 0.001340503
28 0.002874113 0.0001316958 0.002742417
29 0.000212192 0.0004331058 0.0002209138
30 0.0009796837 0.0002792201 0.001258904
31 0.001211741 3.070955e-05 0.00124245
32 0.001485003 6.108307e-05 0.00142392
33 0.0007886336 0.000144615 0.0009332485
34 0.001422258 5.141055e-06 0.001417117
35 0.001286516 0.0001088828 0.001395398
36 0.0008846764 4.52468e-05 0.0009299232
37 0.0002947499 0.0001441247 0.0001506252
38 0.0002466041 0.0003513567 0.0001047526
39 3.263888e-05 0.0004658075 0.0004331686
40 0.0004047989 7.180186e-06 0.0004119791
41 0.0005094578 3.423781e-05 0.0005436957
42 0.0006940359 5.520803e-05 0.0006388279
43 0.003143984 0.0001334896 0.003277473
44 0.001972551 0.0001000716 0.001872479
45 8.482991e-06 0.0002379729 0.0002294899
46 0.002884952 3.910728e-05 0.002845844
47 0.005098698 7.584103e-05 0.005022857
48 5.286137e-05 0.0004062549 0.0004591162
49 0.002637419 7.942076e-06 0.002629477
50 0.0002435617 8.72007e-06 0.0002348416
51 0.001464726 6.709128e-05 0.001397635
52 0.000793242 1.155281e-05 0.0008047948
53 0.0009687534 1.662513e-05 0.0009521283
54 0.0008467493 0.0005496414 0.0002971079
55 6.917774e-05 1.045996e-06 7.022373e-05
56 0.001886625 0.0002751387 0.002161764
57 0.002884967 6.848882e-06 0.002891816
58 0.0004989036 5.358106e-05 0.0004453226
59 0.0001190188 8.233708e-05 3.668168e-05
60 0.002066646 2.708973e-05 0.002039556
61 0.002097511 2.869798e-05 0.002126209
62 0.001528109 5.197411e-07 0.001527589
63 0.00375475 1.454478e-05 0.003740205
64 0.0008588704 0.0003433749 0.0005154955
65 0.001006226 8.41064e-06 0.001014637
66 0.00176948 2.505071e-05 0.00174443
67 0.0008289913 0.0001093728 0.0007196185
68 0.001609832 5.899406e-05 0.001668826
69 0.003670835 0.0001175421 0.003788377
70 0.002739872 1.157701e-05 0.002751449
71 0.001815858 0.000505344 0.002321202
72 0.001551096 2.641326e-05 0.001524683
73 0.001370614 8.241127e-06 0.001362373
74 0.006842489 0.0003696082 0.006472881
75 0.001755067 6.972047e-05 0.001824788
76 0.0008537592 0.0001297334 0.0007240258
77 0.0009441099 3.591497e-05 0.0009800248
78 0.001498368 2.999341e-05 0.001468374
79 0.001863912 2.910962e-06 0.001861001
80 0.0005347328 9.09926e-05 0.0004437402
81 0.00112215 1.130605e-05 0.001110844
82 0.00585645 2.024693e-06 0.005858475
83 0.003801256 4.192813e-06 0.003797063
84 0.001100123 0.0004728103 0.001572933
85 0.0017551 3.937033e-05 0.00179447
86 5.342519e-05 0.0009677095 0.0009142843
87 0.001896394 0.0004399584 0.002336353
88 0.0007470609 3.042878e-06 0.0007501037
89 0.0001627186 1.134983e-06 0.0001615836
90 0.001060993 0.0002293493 0.0008316436
91 0.0009020614 0.0003072674 0.000594794
92 0.003170404 6.822211e-05 0.003102182
93 0.002316905 0.0001185102 0.002435415
94 0.0009823446 4.615741e-05 0.001028502
95 0.0002021459 1.655247e-06 0.0002038011
96 0.002287277 1.616682e-05 0.00227111
97 0.004177266 0.0002649582 0.003912308
98 0.0002448174 5.187067e-05 0.0001929468
99 0.001389342 0.0001630282 0.001226314
100 2.058889e-05 6.953033e-06 2.754193e-05
