1 0.0007346559 0 0 0 0 0 0 0.0004043435 0 0 0 0 0 0 0.0002405525 0 0 0 0 0 0 0.002102117 0 0 0 0 0 0 0.001201025 0 0 0 0 0 0 0.0005637548
2 0.001692257 0 0 0 0 0 0 0.0005074276 0 0 0 0 0 0 0.0009259412 0 0 0 0 0 0 0.0002104116 0 0 0 0 0 0 0.0006322544 0 0 0 0 0 0 0.00438241
3 5.063537e-05 0 0 0 0 0 0 0.0002950098 0 0 0 0 0 0 0.00044971 0 0 0 0 0 0 0.0001726859 0 0 0 0 0 0 0.002350044 0 0 0 0 0 0 0.001766689
4 9.669822e-05 0 0 0 0 0 0 0.0003017905 0 0 0 0 0 0 0.0002726558 0 0 0 0 0 0 0.0005118075 0 0 0 0 0 0 0.001252225 0 0 0 0 0 0 0.005477412
5 0.001946991 0 0 0 0 0 0 0.000815476 0 0 0 0 0 0 0.001087196 0 0 0 0 0 0 0.0003900398 0 0 0 0 0 0 0.0005630185 0 0 0 0 0 0 0.002677543
6 0.001283052 0 0 0 0 0 0 0.0002147163 0 0 0 0 0 0 0.001430502 0 0 0 0 0 0 0.00145154 0 0 0 0 0 0 0.001424882 0 0 0 0 0 0 0.002011523
7 0.0001371559 0 0 0 0 0 0 0.0006559819 0 0 0 0 0 0 0.0008715946 0 0 0 0 0 0 0.001753051 0 0 0 0 0 0 0.001497759 0 0 0 0 0 0 0.00393644
8 0.0004934593 0 0 0 0 0 0 0.0002202198 0 0 0 0 0 0 0.0007976266 0 0 0 0 0 0 0.0002478371 0 0 0 0 0 0 0.001189016 0 0 0 0 0 0 0.000471317
9 0.0006146279 0 0 0 0 0 0 0.0005020902 0 0 0 0 0 0 0.0001621959 0 0 0 0 0 0 0.001340333 0 0 0 0 0 0 0.0008878323 0 0 0 0 0 0 0.0008660978
10 0.001333583 0 0 0 0 0 0 0.000403938 0 0 0 0 0 0 0.001918871 0 0 0 0 0 0 0.0005054151 0 0 0 0 0 0 0.0008920226 0 0 0 0 0 0 0.002225749
11 0.0004982687 0 0 0 0 0 0 0.0001019855 0 0 0 0 0 0 0.001491936 0 0 0 0 0 0 0.00153771 0 0 0 0 0 0 0.0003682364 0 0 0 0 0 0 0.002488882
12 0.000509931 0 0 0 0 0 0 4.192622e-05 0 0 0 0 0 0 0.000721694 0 0 0 0 0 0 0.001118903 0 0 0 0 0 0 0.0009286237 0 0 0 0 0 0 0.001792053
13 0.00110067 0 0 0 0 0 0 0.0001113501 0 0 0 0 0 0 5.418988e-05 0 0 0 0 0 0 0.002046683 0 0 0 0 0 0 0.0006342982 0 0 0 0 0 0 0.002713282
14 0.0005914995 0 0 0 0 0 0 0.0001863843 0 0 0 0 0 0 0.0002425924 0 0 0 0 0 0 0.000303567 0 0 0 0 0 0 0.0008182789 0 0 0 0 0 0 0.003966616
15 0.001683851 0 0 0 0 0 0 0.001004527 0 0 0 0 0 0 6.000955e-05 0 0 0 0 0 0 0.0030455 0 0 0 0 0 0 0.0008244239 0 0 0 0 0 0 0.001970475
16 0.0009694473 0 0 0 0 0 0 0.0001465421 0 0 0 0 0 0 0.001533981 0 0 0 0 0 0 0.002024121 0 0 0 0 0 0 0.002794905 0 0 0 0 0 0 0.002322452
17 0.0001436829 0 0 0 0 0 0 0.0005480702 0 0 0 0 0 0 0.001135433 0 0 0 0 0 0 0.00162877 0 0 0 0 0 0 0.00220215 0 0 0 0 0 0 0.001350397
18 0.000221647 0 0 0 0 0 0 0.0003494596 0 0 0 0 0 0 0.0009302844 0 0 0 0 0 0 0.0001618512 0 0 0 0 0 0 0.0002289416 0 0 0 0 0 0 0.0007086296
19 5.599151e-05 0 0 0 0 0 0 3.98263e-05 0 0 0 0 0 0 0.001419126 0 0 0 0 0 0 0.0006264288 0 0 0 0 0 0 0.003322537 0 0 0 0 0 0 0.001842299
20 0.0005486036 0 0 0 0 0 0 0.00098608 0 0 0 0 0 0 0.002172959 0 0 0 0 0 0 0.0006213824 0 0 0 0 0 0 0.0009446255 0 0 0 0 0 0 0.0002003335
21 0.0001239686 0 0 0 0 0 0 0.0007259018 0 0 0 0 0 0 0.0005163446 0 0 0 0 0 0 0.0004595555 0 0 0 0 0 0 7.090462e-05 0 0 0 0 0 0 0.004084206
22 0.001165623 0 0 0 0 0 0 0.0006797503 0 0 0 0 0 0 0.002961982 0 0 0 0 0 0 0.001761713 0 0 0 0 0 0 0.001778238 0 0 0 0 0 0 0.0004746461
23 0.0008060117 0 0 0 0 0 0 8.854865e-05 0 0 0 0 0 0 0.001054693 0 0 0 0 0 0 0.000211779 0 0 0 0 0 0 0.0003375891 0 0 0 0 0 0 5.308948e-05
24 0.0003758226 0 0 0 0 0 0 0.0005890254 0 0 0 0 0 0 0.0003287126 0 0 0 0 0 0 0.000334296 0 0 0 0 0 0 0.002564389 0 0 0 0 0 0 0.0001170352
25 0.00292049 0 0 0 0 0 0 0.0004112444 0 0 0 0 0 0 0.0002109344 0 0 0 0 0 0 0.001579259 0 0 0 0 0 0 0.003784247 0 0 0 0 0 0 0.002665804
26 0.00109285 0 0 0 0 0 0 2.039514e-05 0 0 0 0 0 0 0.0005447977 0 0 0 0 0 0 0.001033589 0 0 0 0 0 0 0.0004000524 0 0 0 0 0 0 7.752678e-05
27 0.0008837539 0 0 0 0 0 0 0.0001880726 0 0 0 0 0 0 3.529758e-05 0 0 0 0 0 0 0.0007107703 0 0 0 0 0 0 0.003065099 0 0 0 0 0 0 0.0008498405
28 0.001938047 0 0 0 0 0 0 0.000479688 0 0 0 0 0 0 0.0005005656 0 0 0 0 0 0 0.0009085915 0 0 0 0 0 0 0.005215606 0 0 0 0 0 0 0.0007642179
29 0.0003274797 0 0 0 0 0 0 0.0003339906 0 0 0 0 0 0 0.001254017 0 0 0 0 0 0 0.001875158 0 0 0 0 0 0 0.002546673 0 0 0 0 0 0 0.003844876
30 0.001068587 0 0 0 0 0 0 0.0003141858 0 0 0 0 0 0 0.0001215328 0 0 0 0 0 0 0.001736644 0 0 0 0 0 0 0.001859944 0 0 0 0 0 0 0.001880614
31 0.002074291 0 0 0 0 0 0 0.000436307 0 0 0 0 0 0 0.001257759 0 0 0 0 0 0 0.001238569 0 0 0 0 0 0 1.434117e-05 0 0 0 0 0 0 0.000562093
32 0.000261257 0 0 0 0 0 0 0.0006232134 0 0 0 0 0 0 0.00124802 0 0 0 0 0 0 0.0004794627 0 0 0 0 0 0 0.0008935489 0 0 0 0 0 0 0.0002773306
33 1.04908e-05 0 0 0 0 0 0 0.0008614939 0 0 0 0 0 0 0.0006573545 0 0 0 0 0 0 0.0009311672 0 0 0 0 0 0 0.003379575 0 0 0 0 0 0 0.002250982
34 0.0002108197 0 0 0 0 0 0 0.0005173486 0 0 0 0 0 0 0.0004730744 0 0 0 0 0 0 0.0007807402 0 0 0 0 0 0 0.00374939 0 0 0 0 0 0 0.0008202679
35 0.0001064986 0 0 0 0 0 0 0.0003827677 0 0 0 0 0 0 0.0009688984 0 0 0 0 0 0 0.0003837032 0 0 0 0 0 0 0.0007363696 0 0 0 0 0 0 0.00310936
36 0.001567375 0 0 0 0 0 0 0.0001042255 0 0 0 0 0 0 0.001410841 0 0 0 0 0 0 0.0001076302 0 0 0 0 0 0 0.002451214 0 0 0 0 0 0 0.003801605
37 0.001763752 0 0 0 0 0 0 0.0006614734 0 0 0 0 0 0 0.00254914 0 0 0 0 0 0 0.001247029 0 0 0 0 0 0 0.001198445 0 0 0 0 0 0 0.0009507491
38 0.0005146972 0 0 0 0 0 0 0.0004733589 0 0 0 0 0 0 0.001346636 0 0 0 0 0 0 5.009209e-05 0 0 0 0 0 0 0.00102325 0 0 0 0 0 0 0.001257311
39 0.001162615 0 0 0 0 0 0 6.414808e-05 0 0 0 0 0 0 0.001610804 0 0 0 0 0 0 0.0007165549 0 0 0 0 0 0 0.001097224 0 0 0 0 0 0 0.002319216
40 0.0007521679 0 0 0 0 0 0 0.0001230462 0 0 0 0 0 0 0.002059597 0 0 0 0 0 0 0.00283956 0 0 0 0 0 0 0.003532647 0 0 0 0 0 0 0.006592759
41 0.0009115447 0 0 0 0 0 0 0.0001589723 0 0 0 0 0 0 0.002875546 0 0 0 0 0 0 0.001742386 0 0 0 0 0 0 0.00102498 0 0 0 0 0 0 0.0003362859
42 0.0005888484 0 0 0 0 0 0 0.0006505607 0 0 0 0 0 0 0.001235019 0 0 0 0 0 0 0.00106491 0 0 0 0 0 0 7.803132e-05 0 0 0 0 0 0 0.000561363
43 0.0002957868 0 0 0 0 0 0 9.382276e-05 0 0 0 0 0 0 0.0005291258 0 0 0 0 0 0 0.001107297 0 0 0 0 0 0 0.002209072 0 0 0 0 0 0 0.0006829389
44 0.001350401 0 0 0 0 0 0 0.0001249085 0 0 0 0 0 0 0.001838424 0 0 0 0 0 0 0.0007225176 0 0 0 0 0 0 0.0005105549 0 0 0 0 0 0 0.004517309
45 0.0008280381 0 0 0 0 0 0 6.886239e-05 0 0 0 0 0 0 0.001218844 0 0 0 0 0 0 0.002883198 0 0 0 0 0 0 0.003356301 0 0 0 0 0 0 0.001437533
46 0.0002283833 0 0 0 0 0 0 0.0008350952 0 0 0 0 0 0 0.002353778 0 0 0 0 0 0 0.003800306 0 0 0 0 0 0 0.0007582365 0 0 0 0 0 0 0.0009831397
47 0.0002342981 0 0 0 0 0 0 8.221996e-05 0 0 0 0 0 0 0.0007830912 0 0 0 0 0 0 0.0003224861 0 0 0 0 0 0 0.0007493848 0 0 0 0 0 0 0.000685023
48 0.0002060284 0 0 0 0 0 0 3.170561e-05 0 0 0 0 0 0 8.837286e-05 0 0 0 0 0 0 0.001140715 0 0 0 0 0 0 0.0003120815 0 0 0 0 0 0 0.0009382005
49 0.002690018 0 0 0 0 0 0 4.005325e-05 0 0 0 0 0 0 0.001082318 0 0 0 0 0 0 0.001496038 0 0 0 0 0 0 0.0006698979 0 0 0 0 0 0 0.002182316
50 0.0003921867 0 0 0 0 0 0 0.0004682358 0 0 0 0 0 0 0.002489894 0 0 0 0 0 0 0.002026559 0 0 0 0 0 0 0.002279981 0 0 0 0 0 0 0.005149118
51 0.0002112056 0 0 0 0 0 0 0.0003898137 0 0 0 0 0 0 5.617343e-05 0 0 0 0 0 0 0.001828384 0 0 0 0 0 0 0.001453555 0 0 0 0 0 0 0.001215781
52 8.624277e-05 0 0 0 0 0 0 0.0005580861 0 0 0 0 0 0 0.001004564 0 0 0 0 0 0 0.0004353213 0 0 0 0 0 0 0.002221306 0 0 0 0 0 0 0.001830129
53 0.0009854155 0 0 0 0 0 0 0.0007614712 0 0 0 0 0 0 0.001779962 0 0 0 0 0 0 0.001235623 0 0 0 0 0 0 0.001310456 0 0 0 0 0 0 0.002582392
54 0.0004821065 0 0 0 0 0 0 2.957235e-05 0 0 0 0 0 0 1.748757e-05 0 0 0 0 0 0 0.001494599 0 0 0 0 0 0 0.001451209 0 0 0 0 0 0 0.003834362
55 0.001051549 0 0 0 0 0 0 0.0005431752 0 0 0 0 0 0 0.000134011 0 0 0 0 0 0 0.0004544659 0 0 0 0 0 0 0.002773546 0 0 0 0 0 0 0.0002275972
56 0.000234201 0 0 0 0 0 0 0.0003688381 0 0 0 0 0 0 0.0004743264 0 0 0 0 0 0 0.001759885 0 0 0 0 0 0 0.002356174 0 0 0 0 0 0 0.004154518
57 0.0005747188 0 0 0 0 0 0 0.0004658134 0 0 0 0 0 0 0.0006856476 0 0 0 0 0 0 0.002532762 0 0 0 0 0 0 0.001620683 0 0 0 0 0 0 0.002437487
58 0.0004192172 0 0 0 0 0 0 0.0003186292 0 0 0 0 0 0 0.001295738 0 0 0 0 0 0 0.001365153 0 0 0 0 0 0 0.001269626 0 0 0 0 0 0 0.001925797
59 0.001186864 0 0 0 0 0 0 1.491776e-05 0 0 0 0 0 0 0.001297073 0 0 0 0 0 0 0.001173234 0 0 0 0 0 0 0.001837957 0 0 0 0 0 0 0.002444963
60 0.0004623259 0 0 0 0 0 0 0.0007869962 0 0 0 0 0 0 0.0007997303 0 0 0 0 0 0 0.002318201 0 0 0 0 0 0 0.003562255 0 0 0 0 0 0 0.0005700603
61 0.0007516466 0 0 0 0 0 0 9.487572e-05 0 0 0 0 0 0 0.002549854 0 0 0 0 0 0 0.000473933 0 0 0 0 0 0 0.0002563271 0 0 0 0 0 0 0.004197087
62 0.0008512494 0 0 0 0 0 0 8.929895e-05 0 0 0 0 0 0 0.002688492 0 0 0 0 0 0 0.001161845 0 0 0 0 0 0 0.002588576 0 0 0 0 0 0 0.001375572
63 0.002078486 0 0 0 0 0 0 7.112577e-05 0 0 0 0 0 0 1.74664e-05 0 0 0 0 0 0 0.00188375 0 0 0 0 0 0 0.002300386 0 0 0 0 0 0 0.001395644
64 0.000119381 0 0 0 0 0 0 0.0005845119 0 0 0 0 0 0 3.952809e-05 0 0 0 0 0 0 0.0008464302 0 0 0 0 0 0 0.0009415609 0 0 0 0 0 0 0.001756625
65 0.001190335 0 0 0 0 0 0 0.0003548006 0 0 0 0 0 0 0.0008760734 0 0 0 0 0 0 0.0004156233 0 0 0 0 0 0 3.934132e-05 0 0 0 0 0 0 0.001410857
66 0.0007098146 0 0 0 0 0 0 0.0009477456 0 0 0 0 0 0 0.0007249986 0 0 0 0 0 0 0.0006444547 0 0 0 0 0 0 0.00491871 0 0 0 0 0 0 0.0008305759
67 0.0002399159 0 0 0 0 0 0 0.000296357 0 0 0 0 0 0 0.002036396 0 0 0 0 0 0 0.0006214541 0 0 0 0 0 0 0.001802862 0 0 0 0 0 0 0.005088026
68 0.0007457114 0 0 0 0 0 0 0.0004093218 0 0 0 0 0 0 0.002158801 0 0 0 0 0 0 0.001689808 0 0 0 0 0 0 0.002762886 0 0 0 0 0 0 0.0004501257
69 0.001535667 0 0 0 0 0 0 0.0002114854 0 0 0 0 0 0 2.425029e-05 0 0 0 0 0 0 0.001778257 0 0 0 0 0 0 0.001810881 0 0 0 0 0 0 0.0007797807
70 0.0007422934 0 0 0 0 0 0 0.0001947668 0 0 0 0 0 0 0.001514715 0 0 0 0 0 0 2.090362e-06 0 0 0 0 0 0 0.00171158 0 0 0 0 0 0 0.00356481
71 0.001340908 0 0 0 0 0 0 9.918058e-05 0 0 0 0 0 0 0.0007010318 0 0 0 0 0 0 0.0001001936 0 0 0 0 0 0 0.001537036 0 0 0 0 0 0 0.003204314
72 0.0002792083 0 0 0 0 0 0 0.0003053485 0 0 0 0 0 0 0.0007337627 0 0 0 0 0 0 0.0008738745 0 0 0 0 0 0 0.003893228 0 0 0 0 0 0 0.001005813
73 0.0006236675 0 0 0 0 0 0 0.0001175678 0 0 0 0 0 0 0.002880682 0 0 0 0 0 0 0.0008702677 0 0 0 0 0 0 0.0001727427 0 0 0 0 0 0 0.001349752
74 5.832392e-05 0 0 0 0 0 0 0.000447967 0 0 0 0 0 0 0.0003679051 0 0 0 0 0 0 0.002780252 0 0 0 0 0 0 0.0009224232 0 0 0 0 0 0 0.001048496
75 0.0002166183 0 0 0 0 0 0 0.0004647011 0 0 0 0 0 0 0.00218692 0 0 0 0 0 0 0.0001646537 0 0 0 0 0 0 0.0004462686 0 0 0 0 0 0 0.003028489
76 0.0006828191 0 0 0 0 0 0 0.001367579 0 0 0 0 0 0 0.0009371636 0 0 0 0 0 0 0.001734711 0 0 0 0 0 0 0.001935513 0 0 0 0 0 0 0.004255013
77 0.0002681186 0 0 0 0 0 0 0.0003991759 0 0 0 0 0 0 0.001326242 0 0 0 0 0 0 0.0009642216 0 0 0 0 0 0 4.43942e-05 0 0 0 0 0 0 0.002953949
78 0.002205586 0 0 0 0 0 0 0.0002909252 0 0 0 0 0 0 0.0002430996 0 0 0 0 0 0 0.0004411832 0 0 0 0 0 0 0.0007326317 0 0 0 0 0 0 0.00300058
79 2.56669e-05 0 0 0 0 0 0 0.0002524029 0 0 0 0 0 0 0.001104522 0 0 0 0 0 0 0.0007972467 0 0 0 0 0 0 0.0006515585 0 0 0 0 0 0 0.0002199526
80 0.001393827 0 0 0 0 0 0 8.751168e-05 0 0 0 0 0 0 0.002693659 0 0 0 0 0 0 0.0008740329 0 0 0 0 0 0 0.001302395 0 0 0 0 0 0 0.004090878
81 6.777254e-05 0 0 0 0 0 0 0.0001162789 0 0 0 0 0 0 0.0004841901 0 0 0 0 0 0 0.0009220861 0 0 0 0 0 0 0.0005392857 0 0 0 0 0 0 0.0007541047
82 0.0008222201 0 0 0 0 0 0 0.000159286 0 0 0 0 0 0 7.161506e-05 0 0 0 0 0 0 0.001018993 0 0 0 0 0 0 0.003398999 0 0 0 0 0 0 0.002135334
83 0.002611072 0 0 0 0 0 0 0.0003386563 0 0 0 0 0 0 0.0008446857 0 0 0 0 0 0 0.0005351411 0 0 0 0 0 0 0.001231895 0 0 0 0 0 0 0.001584115
84 0.001813927 0 0 0 0 0 0 0.0001796366 0 0 0 0 0 0 0.001876258 0 0 0 0 0 0 0.0007977589 0 0 0 0 0 0 0.0008776944 0 0 0 0 0 0 0.001386358
85 0.0001623754 0 0 0 0 0 0 0.0003726719 0 0 0 0 0 0 0.001146568 0 0 0 0 0 0 0.002184563 0 0 0 0 0 0 0.001783002 0 0 0 0 0 0 0.0009507048
86 0.0009192484 0 0 0 0 0 0 7.1448e-05 0 0 0 0 0 0 0.001427314 0 0 0 0 0 0 0.0008432031 0 0 0 0 0 0 0.002435516 0 0 0 0 0 0 0.002110289
87 0.001221412 0 0 0 0 0 0 7.185791e-05 0 0 0 0 0 0 0.0002402386 0 0 0 0 0 0 3.222561e-05 0 0 0 0 0 0 0.0006217774 0 0 0 0 0 0 0.0004030124
88 0.0008767158 0 0 0 0 0 0 0.0003520221 0 0 0 0 0 0 0.0002193764 0 0 0 0 0 0 0.0007258304 0 0 0 0 0 0 0.0003496093 0 0 0 0 0 0 0.0009919738
89 0.00189005 0 0 0 0 0 0 0.0005009797 0 0 0 0 0 0 0.0003623045 0 0 0 0 0 0 0.00108545 0 0 0 0 0 0 0.0005817905 0 0 0 0 0 0 0.0004035731
90 0.001927939 0 0 0 0 0 0 0.0002592824 0 0 0 0 0 0 0.0002882826 0 0 0 0 0 0 0.00253095 0 0 0 0 0 0 0.001538087 0 0 0 0 0 0 0.001210832
91 0.002592726 0 0 0 0 0 0 0.0003187147 0 0 0 0 0 0 0.001920277 0 0 0 0 0 0 0.0002881883 0 0 0 0 0 0 0.002430881 0 0 0 0 0 0 0.001928584
92 0.0004588446 0 0 0 0 0 0 0.0007370436 0 0 0 0 0 0 0.001525565 0 0 0 0 0 0 0.0009847488 0 0 0 0 0 0 0.003439564 0 0 0 0 0 0 0.002036534
93 0.0004211183 0 0 0 0 0 0 0.0001107661 0 0 0 0 0 0 0.0009497952 0 0 0 0 0 0 0.001882925 0 0 0 0 0 0 0.001677506 0 0 0 0 0 0 0.002094236
94 0.001264638 0 0 0 0 0 0 0.0004695938 0 0 0 0 0 0 0.0005850781 0 0 0 0 0 0 0.0001976711 0 0 0 0 0 0 0.0004731884 0 0 0 0 0 0 0.002350834
95 0.001087618 0 0 0 0 0 0 1.508714e-05 0 0 0 0 0 0 0.000581277 0 0 0 0 0 0 0.001451182 0 0 0 0 0 0 0.001060277 0 0 0 0 0 0 0.0004108611
96 0.0002127242 0 0 0 0 0 0 0.00036923 0 0 0 0 0 0 0.001952519 0 0 0 0 0 0 0.0006080268 0 0 0 0 0 0 0.002176394 0 0 0 0 0 0 0.006681316
97 0.001347223 0 0 0 0 0 0 0.000512716 0 0 0 0 0 0 0.001612139 0 0 0 0 0 0 0.0003514331 0 0 0 0 0 0 0.001014578 0 0 0 0 0 0 0.00347579
98 0.001426446 0 0 0 0 0 0 0.0005592194 0 0 0 0 0 0 0.0008688681 0 0 0 0 0 0 0.001199858 0 0 0 0 0 0 0.0006129771 0 0 0 0 0 0 0.0006251049
99 0.002056539 0 0 0 0 0 0 9.020304e-05 0 0 0 0 0 0 0.001633082 0 0 0 0 0 0 0.0004370097 0 0 0 0 0 0 0.001741529 0 0 0 0 0 0 0.001209576
100 7.759868e-06 0 0 0 0 0 0 0.0002661181 0 0 0 0 0 0 0.0002327847 0 0 0 0 0 0 0.002395078 0 0 0 0 0 0 0.0007358345 0 0 0 0 0 0 0.003515229
