1 0.3629806 0.6859352 1.000823
2 0.2128764 11.34662 0.2395674
3 0.1873072 1.860081 0.4167672
4 4.93167 0.839901 0.09323033
5 1.103246 1.85188 0.2178527
6 2.095998 1.429651 0.6936733
7 1.848204 2.250591 0.04620598
8 0.805494 1.116497 0.9510047
9 1.867588 3.149797 0.5069932
10 0.767959 6.005856 0.05831747
11 0.2504437 0.7973892 0.03509701
12 0.9823753 10.27733 0.6668613
13 1.271849 3.628924 0.6254413
14 0.6684528 1.998653 0.09464586
15 2.271111 3.643035 0.6659307
16 0.757668 0.5537393 0.01909788
17 2.136787 1.032869 0.2178394
18 1.310023 1.726209 0.7839992
19 1.185424 8.974549 1.480307
20 0.009441222 2.888463 0.5626612
21 1.901672 1.495616 0.9070284
22 1.384778 2.154363 2.536213
23 0.5500401 4.13396 0.3416177
24 1.185614 0.6266941 0.7822191
25 1.97159 3.236552 0.7494243
26 0.02142075 11.19849 0.1594481
27 1.464101 2.954539 0.7176391
28 0.6337917 0.7794896 0.3468913
29 1.37996 0.9565227 0.467507
30 1.743164 3.854499 1.016647
31 0.4130041 6.897937 0.6860677
32 2.936769 1.718203 0.3103228
33 1.665725 1.499167 0.510381
34 2.742254 1.608843 0.2560224
35 0.5349973 2.876295 0.9009661
36 1.493397 6.684774 0.435589
37 5.567835 10.30394 4.306786
38 0.8313159 1.75256 0.4950923
39 1.17339 3.209227 0.6708918
40 7.176221 4.212963 0.5351727
41 1.694855 0.2715972 0.3478111
42 1.814408 1.811855 0.7486462
43 1.368797 2.494045 0.5568433
44 2.384456 3.723477 0.7235555
45 1.191375 0.3027053 0.05223522
46 0.2253006 1.82228 0.6914086
47 2.605205 5.564917 0.646737
48 0.6445061 3.409811 0.7003702
49 3.420398 3.555109 0.1694085
50 1.054491 0.1615609 0.2808003
51 1.746598 3.644759 0.4285861
52 0.2201317 1.39584 0.3988241
53 5.230893 0.2495835 3.751703
54 1.631318 0.03867174 0.07147802
55 2.791338 5.79381 1.102984
56 1.989398 3.258898 0.3137869
57 0.7122323 3.646662 0.4645995
58 1.144124 3.78921 0.2527669
59 1.059962 2.686698 0.2503916
60 0.07353945 2.389736 1.592772
61 0.01163273 2.215566 0.6195827
62 0.06023528 2.002603 0.517706
63 0.8990973 0.378393 0.1175583
64 0.7535986 4.035074 0.7438925
65 1.176549 1.355015 1.307785
66 0.9610465 1.96768 0.1570311
67 0.1713222 3.709554 1.278058
68 1.701339 0.07669309 0.3290997
69 1.647518 1.044841 2.23076
70 1.608366 2.683558 0.3724458
71 1.546626 0.4955004 1.014906
72 0.7829505 3.159143 0.1981119
73 0.130647 6.226312 0.5477655
74 0.2182467 1.095198 0.05832288
75 0.1724852 2.183441 0.3609169
76 1.14966 0.9637154 0.01914105
77 0.3902908 2.695297 0.3783391
78 1.783835 2.0448 3.668909
79 2.303532 4.587423 0.2331547
80 1.545854 1.667261 0.269939
81 0.2772044 2.485158 0.2380553
82 1.838338 4.261032 0.3812159
83 1.848461 0.0315532 0.6464392
84 0.1117892 0.6234179 0.6438148
85 0.2555466 2.380406 1.127006
86 0.3076592 0.3241247 0.3795082
87 6.904379 1.613768 0.7369124
88 0.744148 2.045425 0.420424
89 0.5258865 4.737894 0.0416295
90 1.61126 1.418537 0.3716021
91 0.6960581 2.881954 0.598362
92 2.282328 1.404459 0.1055987
93 1.491472 0.5584688 0.1343162
94 1.252957 1.23175 1.380759
95 1.196228 1.883667 0.2160365
96 0.4711402 1.520746 0.8334038
97 1.032148 1.2651 0.09177636
98 1.421298 0.7257795 0.2502835
99 0.4543797 1.293774 5.139388
100 0.5764204 2.637871 0.4178126
