1 0.001370625 2.384945e-05 0.001346775
2 0.001477971 1.202091e-05 0.001489992
3 0.002392747 0.0002401557 0.002632903
4 0.0003187273 1.971148e-05 0.0003384388
5 0.004696753 0.000984462 0.005681215
6 0.0007068861 5.636467e-07 0.0007063224
7 0.0006814472 1.097129e-06 0.0006825443
8 0.003410944 7.699084e-06 0.003418643
9 0.003307679 2.831266e-05 0.003279366
10 0.001900293 2.404174e-06 0.001897889
11 0.00112566 1.094863e-05 0.001114711
12 0.0009150773 1.666068e-05 0.0008984166
13 0.00160143 2.002274e-06 0.001599427
14 0.000973406 0.0003135954 0.0006598106
15 0.004959334 0.0002613588 0.005220693
16 0.0007921169 0.000144558 0.0009366748
17 0.0004946679 0.0008999588 0.001394627
18 0.00549983 2.967487e-05 0.005470156
19 0.0009215171 6.432222e-05 0.0009858393
20 0.004701605 5.059749e-05 0.004752202
21 0.002822795 0.00108412 0.001738674
22 0.0006261736 0.0008417099 0.0002155363
23 0.0023459 0.0001098603 0.002236039
24 0.001126528 7.416928e-05 0.001200697
25 0.002135738 0.0001950183 0.002330756
26 0.00369467 0.0001231971 0.003571472
27 0.005518943 3.657312e-05 0.00548237
28 0.003504406 1.37119e-06 0.003503035
29 0.0005418135 8.037385e-06 0.0005498509
30 0.001627652 0.0007850193 0.0008426324
31 0.0004024598 1.697483e-05 0.0003854849
32 0.00181796 1.882169e-06 0.001819842
33 0.0009631028 7.723333e-05 0.0008858695
34 0.001332944 1.452647e-05 0.00134747
35 0.0009693464 2.464103e-05 0.0009939874
36 0.002117138 0.0001214178 0.002238556
37 0.002926968 5.802553e-06 0.002921166
38 0.001843247 4.816531e-05 0.001795081
39 0.001710564 8.831276e-06 0.001719395
40 0.004005593 4.787354e-05 0.00395772
41 0.001740468 0.0001408323 0.0018813
42 0.001006091 4.374137e-05 0.0009623493
43 0.002941357 3.377859e-05 0.002907579
44 0.007108529 2.383661e-06 0.007110913
45 0.0006781366 1.535996e-05 0.0006627766
46 0.003031548 2.391396e-05 0.003055462
47 7.31086e-05 0.000867452 0.0007943434
48 0.00274993 0.0009432152 0.001806714
49 0.005566063 0.0001828467 0.00574891
50 0.002249184 0.0002325784 0.002481763
51 0.0005513442 1.361034e-05 0.0005377339
52 0.007237272 0.0004928334 0.007730105
53 0.002347977 0.0003974905 0.002745467
54 0.002211162 6.002292e-06 0.002217164
55 0.004070691 0.0006504614 0.004721153
56 0.003146075 0.0004257325 0.002720342
57 0.00211073 2.121201e-08 0.002110709
58 0.001356832 8.227698e-07 0.001357655
59 0.001578163 0.0002423257 0.001820489
60 0.000460908 2.48807e-05 0.0004857887
61 0.00133068 0.0002879642 0.001618645
62 0.002714578 8.515365e-06 0.002706063
63 0.0003713331 0.0009703976 0.0005990645
64 0.001688177 1.855643e-05 0.001706734
65 0.001287029 6.468627e-05 0.001351715
66 0.000608581 1.157947e-05 0.0005970015
67 0.001449996 2.836758e-06 0.001447159
68 0.006161963 4.91457e-05 0.006211108
69 0.001026766 7.6219e-05 0.0009505467
70 0.001786254 4.657349e-05 0.00173968
71 0.001934082 5.571271e-06 0.001939653
72 0.003664964 4.66978e-06 0.003660294
73 0.003533792 1.961466e-06 0.00353183
74 0.003273644 2.21162e-06 0.003275855
75 0.001303499 1.907094e-05 0.001284428
76 0.002737105 0.0002436562 0.002493449
77 0.0002884017 6.803839e-05 0.0002203633
78 0.00104304 0.000221463 0.001264503
79 0.004623914 9.471773e-05 0.004718632
80 0.0004948175 2.828514e-05 0.0005231026
81 0.001710791 1.515919e-07 0.001710639
82 0.002632399 2.845845e-05 0.00260394
83 0.003708436 4.640046e-05 0.003754837
84 0.0008284436 8.323014e-06 0.0008367666
85 0.006539773 4.324117e-05 0.006583015
86 0.002788647 1.400866e-06 0.002787246
87 0.001546985 0.000422228 0.001124757
88 0.001924264 6.770268e-05 0.001991967
89 0.003652816 5.742963e-05 0.003710246
90 3.361426e-05 0.0001497421 0.0001833564
91 0.001792165 3.229686e-06 0.001795395
92 0.003838235 5.308864e-06 0.003843544
93 0.002915582 9.269164e-05 0.002822891
94 0.00265935 1.948517e-05 0.002639865
95 0.003799015 8.366038e-06 0.003807381
96 0.002827892 0.0006222177 0.00345011
97 0.002967909 2.526526e-05 0.002942644
98 0.0002223264 2.315139e-05 0.0002454778
99 0.0003336851 0.001078895 0.0007452098
100 0.005608829 4.281029e-05 0.005566019
