1 0.1620635 0.08688164 0.246908 0.3668472 0.01871769 0.2791455
2 0.05994918 0.07703365 0.3027888 0.2598757 0.3762964 0.2353617
3 0.1851561 0.2098888 0.2599599 0.2984439 0.4095982 0.1050494
4 0.06631552 0.002160453 0.2719671 0.2245911 0.2375376 0.2192317
5 0.06324042 0.1271242 0.4017445 0.05710577 0.04021294 0.04774444
6 0.1579342 0.02295541 0.2247829 0.1411026 0.0712024 0.0299672
7 0.1334952 0.01254551 0.2885229 0.07458646 0.1765599 0.1432519
8 0.04995623 0.2908595 0.1965745 0.6210254 0.0009319807 0.2057829
9 0.111885 0.02841445 0.2490772 0.5819049 0.5474581 0.4789572
10 0.031859 0.2037107 0.01792293 0.1144857 0.2002187 0.4331848
11 0.07882342 0.01997219 0.3177923 0.1931572 0.267122 0.3147043
12 0.05823645 0.002948322 0.2098911 0.2505773 0.01422712 0.0412971
13 0.1728598 0.2228272 0.1133962 0.2537385 0.1197874 0.2353502
14 0.2597513 0.1674253 0.3103816 0.5411335 0.3703283 0.1678338
15 0.08769309 0.08115115 0.02584832 0.2454202 0.00755616 0.06282599
16 0.02333451 0.006557967 0.06074527 0.1467362 0.1171533 0.2142653
17 0.126687 0.04585318 0.1369459 0.01974818 0.01501071 0.1930897
18 0.08599101 0.04043466 0.3595191 0.4637403 0.0283444 0.2229824
19 0.237929 0.003492542 0.5237036 0.4137254 0.1084462 0.1819796
20 0.001717483 0.2802521 0.1059388 0.2219656 0.2573849 0.1163324
21 0.02619151 0.005910608 0.1080965 0.09728395 0.1676886 0.344149
22 0.1863176 0.1773102 0.3333227 0.2206367 0.005905359 0.05441883
23 0.2402988 0.09627618 0.6141873 0.2609471 0.2181511 0.1537553
24 0.1477743 0.1265264 0.05671802 0.1784118 0.1064649 0.07048094
25 0.1373074 0.158827 0.03140192 0.1802987 0.07910632 0.2384973
26 0.03231717 0.2187154 0.3168652 0.1110835 0.2813436 0.3078811
27 0.077146 0.01680411 0.5977637 0.2697258 0.3928391 0.2784099
28 0.139411 0.07267562 0.2915278 0.6196007 0.07143886 0.3591017
29 0.006558145 0.02463989 0.3060267 0.0425781 0.2632632 0.01682712
30 0.08008531 0.00337197 0.04607969 0.1537516 0.08248258 0.05421955
31 0.002752138 0.01452779 0.07698154 0.2729339 0.1429994 0.2383342
32 0.09301384 0.09989357 0.1654335 0.5552805 0.1783252 0.094365
33 0.000320448 0.05448443 0.2031186 0.3236688 0.007111556 0.1028373
34 0.1464146 0.06705646 0.0771727 0.06377752 0.4324062 0.1552002
35 0.2099048 0.005625172 0.3009352 0.219408 0.2495617 0.4135278
36 0.1039094 0.229575 0.0164591 0.2238154 0.3027355 0.07068356
37 0.01826606 0.1124757 0.002030655 0.09288522 0.03089191 0.05884793
38 0.1655791 0.04551539 0.1773335 0.0056907 0.00104198 0.1466964
39 0.1197709 0.3138861 0.04072564 0.1444195 0.4214629 0.4389007
40 0.003902785 0.1409534 0.6935189 0.6542894 0.318578 0.3273894
41 0.02309572 0.06878792 0.07770266 0.09532556 0.2078687 0.2165693
42 0.2489455 0.02442061 0.2782367 0.5339956 0.3358561 0.2934493
43 0.1882074 0.08114335 0.3751575 0.4162314 0.1979529 0.07385048
44 0.06035503 0.1149828 0.09011199 0.0322494 0.2133925 0.02906492
45 0.02839517 0.1377957 0.1779234 0.4024377 0.1778987 0.1462714
46 0.004230697 0.04065787 0.4996603 0.55485 0.1127402 0.2137038
47 0.06618398 0.3694781 0.3483662 0.4799749 0.1091718 0.3907373
48 0.2781213 0.2505193 0.2341909 0.09789145 0.2780324 0.4053558
49 0.02382033 0.1105914 0.1882452 0.2383413 0.1581048 0.1218318
50 0.05008309 0.1883497 0.009579656 0.1799212 0.03389873 0.03790539
51 0.09031424 0.2395349 0.2038839 0.3773094 0.01564047 0.05179265
52 0.07110811 0.2644056 0.3297631 0.2696791 0.164903 0.005041139
53 0.08207706 0.02832558 0.2557866 0.2419446 0.179713 0.1820694
54 0.06510844 0.06527539 0.2658508 0.1682955 0.08975223 0.1053921
55 0.1218911 0.0235418 0.549804 0.3032329 0.2363501 0.2353283
56 0.1407716 0.02323675 0.3853886 0.1633347 0.1724176 0.1310386
57 0.1849725 0.1280513 0.3340524 0.1065185 0.3993567 0.05291945
58 0.08874365 0.3001514 0.5010964 0.6848407 0.1169042 0.01687415
59 0.2281055 0.1008675 0.3857343 0.3030606 0.4032773 0.627791
60 0.04143678 0.2247786 0.2524273 2.146774e-05 0.1423331 0.1454196
61 0.004999951 0.2103479 0.2243017 0.1929753 0.02139652 0.04822287
62 0.2503355 0.06305852 0.2325511 0.07174113 0.05590209 0.2312938
63 0.1138437 0.058375 0.4358394 0.3772909 0.0121955 0.245996
64 0.197361 0.1409545 0.1723919 0.179073 0.2424916 0.1670988
65 0.07149976 0.05474761 0.1465923 0.02162411 0.3922921 0.2243238
66 0.2155323 0.2188469 0.06972575 0.03507619 0.09609572 0.1115988
67 0.03165228 0.2013912 0.3100106 0.1544258 0.194963 0.1582328
68 0.1248057 0.04090156 0.1166629 0.1790308 0.3863798 0.2312676
69 0.1272188 0.0322438 0.05464695 0.07972709 0.2123714 0.2817938
70 0.2722403 0.07371345 0.1020942 0.157327 0.1477583 0.1073788
71 0.03151131 0.08629858 8.237655e-05 0.1540966 0.04216694 0.09113437
72 0.04794951 0.1422394 0.2364922 0.2919179 0.05020628 0.08359783
73 0.2647549 0.2735092 0.1626339 0.00243378 0.01159176 0.01940503
74 0.1462719 0.02583424 0.305416 0.008308585 0.07252695 0.1443908
75 0.2623793 0.1208124 0.2298213 0.1218549 0.30412 0.07068603
76 0.04986337 0.1363777 0.5408661 0.1697636 0.1287144 0.3054873
77 0.1028274 0.2666569 0.02294068 0.1275496 0.2802672 0.1602772
78 0.09413444 0.1059955 0.3256889 0.1528271 0.186398 0.1221144
79 0.344505 0.09157032 0.2072932 0.3087289 0.2705225 0.197227
80 0.1358435 0.04996747 0.2790489 0.1583871 0.1246856 0.201184
81 0.1024603 0.07361891 0.1274192 0.03533381 0.09402518 0.1103475
82 0.001000781 0.007783438 0.2525678 0.4252665 0.2608363 0.2804959
83 0.0262791 0.1603824 0.2202159 0.4022212 0.2576215 0.1013756
84 0.2892074 0.009087777 0.07496774 0.03913279 0.3875666 0.3018364
85 0.1288725 0.04998928 0.08466932 0.004887855 0.1497349 0.140521
86 0.03688561 0.2777139 0.2743138 0.4318787 0.4213437 0.290045
87 0.0061234 0.1531851 0.015479 0.05802423 0.3713039 0.216816
88 0.09057326 0.02719723 0.1254234 0.1627387 0.0563985 0.09298379
89 0.01031397 0.08622046 0.2847012 0.1415988 0.1681095 0.1044165
90 0.1078098 0.1312123 0.0441429 0.1066412 0.0164582 0.04900009
91 0.02699724 0.1239052 0.5513491 0.5301177 0.3874703 0.3893249
92 0.1280173 0.258005 0.1145869 0.01956654 0.4444828 0.290736
93 0.2416762 0.06784419 0.440405 0.3784439 0.04317096 0.04210211
94 0.1882678 0.2427756 0.251273 0.2496833 0.03290929 0.2290067
95 0.1139618 0.02290813 0.1329055 0.2497093 0.1350469 0.008405949
96 0.1631417 0.2005648 0.3631451 0.1963357 0.0223279 0.2215367
97 0.02672066 0.01759253 0.2070846 0.479061 0.2567173 0.5524109
98 0.07190183 0.1388071 0.3939735 0.2232579 0.1891745 0.3050463
99 0.005944422 0.253016 0.07786627 0.130788 0.2372704 0.522261
100 0.004935325 0.06486667 0.1282896 0.1574651 0.05252261 0.00869988
