1 0.1129985 0.141426 0.6966566 1.41475 0.1528087 0.2495615
2 0.7824522 0.6121529 0.7407955 0.427255 0.6100109 0.535912
3 0.5428562 0.5527071 1.280162 1.0265 1.097488 0.9981922
4 0.1802964 0.3487692 0.02798439 0.03990377 0.3869307 0.3274519
5 0.2205775 0.06736248 0.6488539 0.3582086 0.5773544 0.4611484
6 0.498642 0.1481607 0.06618164 0.0723817 0.519949 0.2196845
7 0.02044567 0.3649487 0.6533311 0.5105572 0.3855126 0.4846232
8 0.2388932 0.3963988 0.02778524 0.5988484 0.3829815 0.4588503
9 0.08574971 0.873355 0.2465701 0.8344929 0.4254224 0.518839
10 0.1006567 0.1456644 0.3727603 1.232476 0.2345481 0.1478276
11 0.3266648 0.2827426 0.135023 0.1726895 0.3645159 0.3839914
12 0.1742753 0.08742883 0.238028 0.4018164 0.04203896 0.01609167
13 0.1373036 0.4640167 0.1017178 0.04292699 0.07193322 0.3968622
14 0.2919446 0.5181923 1.032816 0.3001384 0.5157135 0.8252074
15 0.7024976 0.3240326 0.6888019 1.062423 0.3335331 0.1953814
16 0.09635206 0.2290016 0.0421987 0.3959159 0.4719897 0.4377507
17 0.5822435 0.271298 0.9431138 1.412248 1.05076 1.020461
18 0.2369299 0.1724778 0.8807144 1.11088 0.3421517 0.3018549
19 0.06288986 0.2094686 0.2435402 0.04078408 0.1555337 0.003193835
20 0.2093422 0.3267457 0.9869001 0.5877078 0.583596 0.9070333
21 0.7360471 0.2907561 1.755787 1.354889 1.419607 1.555105
22 0.3364859 0.4297032 0.7779227 0.927742 0.4540826 0.9235188
23 0.4122675 0.06257382 0.3999845 0.09755306 0.7426724 0.4248218
24 0.349633 0.1753265 0.03851593 0.1347547 0.6726606 0.45592
25 0.3978005 0.00232312 0.35851 0.8063432 0.2039022 0.5012458
26 0.2126521 0.2238885 1.557965 1.436222 0.1853147 0.02166666
27 0.6611748 0.4890814 0.9300813 1.316295 0.8573622 0.9105016
28 0.448824 0.1322166 0.2169921 0.02591724 0.8639034 0.4858082
29 0.3442213 0.05880897 1.316396 1.664878 0.3004568 0.1566282
30 0.164704 0.6223507 1.165624 0.5344044 0.1053107 0.4919145
31 0.1405955 0.1989046 0.7265228 0.7475438 0.587848 0.6030771
32 0.6814194 0.9763839 0.8802569 0.7193679 0.8614363 1.385792
33 0.01977045 0.06318718 0.621336 0.4487226 0.4839031 0.2925589
34 0.1716729 0.4107579 0.03937759 0.2915691 0.4762571 0.4699144
35 0.2590492 0.6977063 0.2897329 0.7137975 0.1373478 0.5376563
36 0.4001984 0.02166921 0.7307799 0.5082136 0.2068964 0.5927481
37 0.2199026 0.3119925 0.1399785 0.01444312 0.4971692 0.1181889
38 0.2383442 0.07365306 0.8840405 1.176537 0.136318 0.1964923
39 0.1500109 0.02312113 0.751751 0.7096439 0.4029653 0.08348446
40 0.2980731 0.1660694 0.5559101 0.4529941 0.0740746 0.5474249
41 0.1273722 0.1905715 0.2329648 0.1735572 0.1228748 0.2996199
42 0.1423324 0.1055774 0.1157114 0.1206375 0.309069 0.1269737
43 0.4584305 0.2903743 1.284727 1.247649 0.9661939 0.7742102
44 0.3163994 0.3068635 0.0007110935 0.0008875374 0.4282593 0.535888
45 0.1696498 0.53525 0.5087397 0.04409284 0.1206111 0.5322178
46 0.04292896 0.2197955 0.5169764 0.1112676 0.02484287 0.4224777
47 0.3345411 0.205504 0.3132142 0.2978321 0.07526612 0.06061431
48 0.1498727 0.165812 0.01058975 0.04452403 0.2190191 0.05477429
49 0.1007516 0.1834445 0.08114112 0.5809571 0.5656968 0.1221781
50 0.1856797 0.05829271 0.2233409 0.02753426 0.2332217 0.2231534
51 0.4250572 0.1067498 0.183503 0.001290471 0.2725199 0.2174478
52 0.04385331 0.5829719 0.6849334 0.1931795 0.5309605 0.1567552
53 0.01225182 0.1125245 0.5413182 0.03983904 0.1906234 0.06595866
54 0.8542012 0.3656651 1.194895 0.9503616 0.6782068 0.4006847
55 0.0610348 0.3394316 0.2833243 0.03299422 0.0272473 0.390229
56 0.2036968 0.4888304 0.06044654 0.5807269 0.0660093 0.625457
57 0.536798 0.2658829 0.2775203 0.7811751 0.5146367 0.1980022
58 0.8114618 0.1398526 0.3136428 0.4671424 1.214731 0.5527461
59 0.4170688 0.3849885 0.1054966 0.06339075 0.4670565 0.4031995
60 0.04427319 0.09557309 0.9066317 0.9102585 0.3282672 0.3713884
61 0.365704 0.7485657 1.417989 1.106224 0.9859016 1.128267
62 0.09164803 0.2660269 1.224264 1.361261 0.2123189 0.4281977
63 0.754877 0.689867 0.7801934 0.8431222 1.026482 0.7155664
64 0.7403908 0.4327088 0.5898642 0.7772044 0.6259769 0.3767146
65 0.4122203 0.4760979 0.393997 0.03763669 0.5994203 0.4918242
66 0.3141985 0.5477116 1.154937 1.106432 0.6505985 1.087342
67 0.5090559 0.2943514 0.596644 1.421602 0.759533 0.1374494
68 0.4881792 0.5443789 0.7309775 0.9177166 0.6737341 0.8037526
69 0.1960862 0.01452376 0.3737422 1.050893 0.3585013 0.1804107
70 0.05139515 0.6120861 1.586177 0.780528 0.2168964 0.8825601
71 0.1022729 0.3790726 1.478513 1.057535 0.5484508 0.0375373
72 0.3473151 0.1683583 0.4792232 0.8043879 0.2958524 0.1400721
73 0.8681714 0.3166605 1.032144 0.2360636 0.7936204 0.5129909
74 0.2606476 1.1276 0.6606939 0.9664853 0.8427136 0.8921291
75 0.2442934 0.1914394 0.9152559 1.058922 0.77441 0.5785005
76 0.4973055 0.4315559 1.117706 1.13933 0.6958532 0.4584794
77 0.7202811 0.5163232 1.069993 1.874127 1.193021 0.3171593
78 0.18168 0.7361101 0.2837692 0.7611883 0.3060009 0.619692
79 0.5950735 0.1963711 1.263014 1.353049 0.6768256 0.7234712
80 0.5109394 0.2381602 0.09245686 0.4579061 0.8716077 0.7589244
81 0.1700025 0.07720555 0.01183947 0.1525061 0.3138712 0.1018425
82 0.3434313 0.08725202 0.4830995 0.5073703 0.1290537 0.1123158
83 0.2445069 0.143728 0.6308155 0.2467682 0.7114307 0.4069368
84 0.1796757 0.05728509 0.06542493 0.4327664 0.03042318 0.2699286
85 0.2652069 0.07899991 0.6767087 0.0008933392 0.573796 0.258927
86 0.03217006 0.3253193 1.422124 0.8341961 0.3065115 0.6739443
87 0.4676315 0.5449335 1.455107 1.115069 0.1395188 0.3598659
88 0.5709987 0.04437362 0.6445741 1.019283 0.8968619 0.1769675
89 0.09091194 0.3028864 0.8714897 0.2260832 0.1638065 0.5584633
90 0.02475621 0.0700179 0.4780281 0.407285 0.1818712 0.1253127
91 0.03236463 0.1177963 0.2433335 0.3701172 0.05722037 0.3273175
92 0.04585863 0.7694386 0.1664964 0.1594253 0.005966119 1.030939
93 0.2127617 0.3175712 0.1452342 0.05976519 0.6708783 0.5406368
94 0.5290527 0.2395966 0.8345691 1.20438 1.007333 0.8032949
95 0.7123858 0.008221419 0.3790744 1.388995 0.8816866 0.2465258
96 0.1864012 0.01312037 0.9190273 0.5131579 0.4072061 0.3601381
97 0.06529883 0.1069188 0.4127943 0.05831451 0.05544834 0.09458902
98 0.2049673 0.5125338 0.6161737 0.4327544 0.1267386 0.2364527
99 0.05960387 0.09222703 0.2007326 0.5920335 0.2304984 0.1881749
100 0.136672 0.4222006 0.8540516 0.09847828 0.3471717 0.7733862
