1 0.003278976 1.107346e-05 0.003267902
2 0.0008161107 2.017734e-06 0.0008181284
3 0.004735386 1.209937e-05 0.004723287
4 0.02066225 2.768808e-05 0.02063456
5 0.006885203 0.003353551 0.003531652
6 0.003207487 2.50901e-05 0.003182397
7 0.004464948 3.992399e-05 0.004504872
8 0.00481468 0.0009596516 0.005774332
9 0.003890719 1.431447e-05 0.003905034
10 0.0006072563 1.193904e-06 0.0006060624
11 0.001614201 3.94184e-06 0.001610259
12 0.001987613 1.53427e-05 0.00197227
13 0.001645915 3.83301e-06 0.001642082
14 0.001746633 0.00046725 0.002213883
15 0.00819357 1.75089e-05 0.008176061
16 0.001727343 9.380419e-07 0.001726405
17 0.004398468 0.0001437777 0.004542246
18 0.003015503 8.82672e-07 0.003016386
19 0.005346939 4.389145e-07 0.0053465
20 0.0119009 8.979236e-07 0.0119
21 0.002667539 8.765628e-06 0.002658774
22 0.01006861 6.841705e-06 0.01007545
23 0.002652911 2.826169e-06 0.002655737
24 0.000312461 0.003393613 0.003706074
25 0.004372927 3.316236e-06 0.004369611
26 0.0009074196 0.003249387 0.002341968
27 0.01061821 2.058781e-06 0.01061615
28 0.002909986 2.213305e-07 0.002910207
29 0.008402573 1.638064e-05 0.008386192
30 0.001233387 7.783414e-06 0.001241171
31 0.003380296 0.003326163 0.00670646
32 0.001906741 0.0001080231 0.002014764
33 0.001869709 1.515234e-07 0.001869861
34 0.001388102 0.0003379356 0.001050167
35 0.005254432 0.001368718 0.003885713
36 0.001954467 2.174567e-05 0.001932721
37 0.003367874 2.500406e-08 0.003367899
38 0.001398666 4.520252e-05 0.001353464
39 0.003705474 0.0002396441 0.003945118
40 0.01033369 0.002396271 0.007937416
41 0.00483128 2.613432e-05 0.004857414
42 0.002174475 3.277547e-08 0.002174442
43 0.007540134 3.882533e-05 0.007578959
44 0.0009479348 1.170127e-05 0.0009596361
45 0.001187498 3.231892e-06 0.00119073
46 0.001825417 1.946059e-08 0.001825397
47 0.002497746 7.694109e-05 0.002420805
48 0.008181634 2.894388e-05 0.008210578
49 0.003347297 3.714153e-06 0.003343583
50 0.003336588 2.428555e-05 0.003312303
51 0.00709146 1.512531e-05 0.007076334
52 0.0007392501 0.0008461038 0.0001068537
53 0.001959718 1.006882e-06 0.001960725
54 0.002917995 0.0001906375 0.003108633
55 0.003827641 1.45215e-05 0.003813119
56 0.01074432 3.911047e-05 0.01070521
57 0.001267952 3.362985e-05 0.001234322
58 0.007650834 4.949953e-06 0.007645884
59 0.001790416 4.036531e-06 0.001786379
60 0.009169079 0.0001642972 0.009004782
61 0.0009264496 2.35714e-05 0.000950021
62 0.006665139 2.38034e-05 0.006641335
63 0.002988001 1.8884e-06 0.00298989
64 0.001653531 0.002636209 0.00428974
65 0.01114287 5.249589e-05 0.01119536
66 5.581317e-05 0.002542507 0.00259832
67 0.006296914 0.002945186 0.0092421
68 0.005093078 0.0004369691 0.004656109
69 0.000688924 3.09279e-06 0.0006858313
70 0.002807344 3.955353e-07 0.002806948
71 0.01023799 0.003235475 0.01347346
72 0.001570701 0.001145038 0.0004256626
73 0.001035237 2.072626e-06 0.001037309
74 0.002596437 0.003327018 0.005923455
75 0.005766527 2.945063e-05 0.005737076
76 0.001494572 4.835425e-06 0.001499407
77 0.004092469 1.183727e-05 0.004104307
78 0.003153516 5.369159e-06 0.003148147
79 0.004909038 0.003309602 0.00821864
80 0.006970651 4.015706e-05 0.006930494
81 0.0003765352 1.631454e-05 0.0003928497
82 0.00687361 7.843275e-06 0.006865767
83 0.0006331074 5.887252e-06 0.0006389946
84 0.0014312 1.545727e-05 0.001446657
85 0.002084463 1.279727e-05 0.002071665
86 0.01245223 3.349827e-07 0.01245189
87 0.009260502 0.0005536565 0.009814159
88 0.001811422 7.39599e-06 0.001804026
89 0.00428613 0.0002803821 0.004005748
90 0.0005125855 0.0002846787 0.0002279068
91 0.0001572413 4.90346e-06 0.0001523378
92 0.002545325 8.741886e-07 0.002546199
93 1.282114e-05 5.372995e-07 1.228384e-05
94 0.01174804 4.90239e-06 0.01174314
95 0.0066338 1.111127e-05 0.006644911
96 0.006982509 0.0006272305 0.006355279
97 0.0001792483 7.852498e-07 0.000178463
98 0.01630192 0.0002101392 0.01651206
99 0.005870002 3.275571e-05 0.005902757
100 0.005854547 2.825244e-05 0.005882799
