1 0.01836015 0.01850332 0.08598931 0.1215754 0.1988925 0.1791858 0.158573 0.1570829 0.2047176 0.2038379 0.380159 0.3940328 0.2367697 0.2306721 0.05748825 0.005549974 0.2546288 0.5498485 0.04596128 0.5200424 0.1822758 0.03743477 0.1367167 0.000527697 0.0003158481 0.0005578654 0.0008342844 0.0009531275 0.001028836 0.972191 1.489483 0.004530639 0.0007759057 0.002457211 0.001020342 0.00453086 0.0007589395 0.004414899 0.003321783 0.0005035202 0.00199153 0.003905976 0.004726879 0.00565275
2 0.01852289 0.01849768 0.08073783 0.09855067 0.2063632 0.1750241 0.17864 0.1783488 0.1646559 0.1799514 0.4216639 0.3780062 0.1979178 0.1933235 0.07793086 0.0009720454 0.1076402 0.416516 0.02795744 0.2517354 0.3346881 0.186838 0.2671037 0.0005673287 0.0003654777 0.0004997553 0.0008634292 0.001113281 0.001144411 1.742514 2.391177 0.00454386 0.000633718 0.002600719 0.00102763 0.004820295 0.0003140335 0.004770407 0.003510479 0.0005503305 0.00193053 0.004144314 0.004873034 0.005974658
3 0.01921656 0.01790657 0.1009395 0.1267787 0.1688296 0.169266 0.1663128 0.1711788 0.1623233 0.2016169 0.3817647 0.357596 0.2342502 0.2405965 0.1478235 0.02948942 0.2861853 0.2446863 0.04093095 0.2954558 0.2713765 0.1836896 0.2367467 0.0004556722 0.0002667176 0.0004825481 0.0005874953 0.000829852 0.0008580502 0.2113848 1.438964 0.04579118 0.0008182253 0.002590063 0.001039297 0.004731121 0.001025032 0.004656117 0.003621846 0.0006054662 0.001888649 0.004068589 0.005095453 0.006006867
4 0.01852417 0.01859753 0.100008 0.1208842 0.2357049 0.2445363 0.1557053 0.1670694 0.1773242 0.1778893 0.4016208 0.3586173 0.2021088 0.2112927 0.1506184 0.01521028 0.1989127 0.5328969 0.4242733 0.6165227 0.2386684 0.2227502 0.2350353 0.0004806674 0.0003701468 0.0005959004 0.0009349068 0.0008781532 0.001309585 1.621369 2.065356 0.004560906 0.0007978217 0.002836439 0.001184437 0.005268592 0.0007664269 0.005162891 0.003802122 0.0006584369 0.002131287 0.004520677 0.005359098 0.006661899
5 0.01384587 0.01826157 0.08491815 0.1096921 0.1760891 0.1779385 0.1488123 0.1602746 0.1417656 0.1552328 0.4295692 0.4099858 0.2900093 0.3057706 0.06086948 0.003486752 0.1621167 0.4196097 0.01404442 0.4114503 0.1962848 0.05948633 0.3710772 0.0003653322 0.0002794915 0.0006235347 0.000884186 0.0006986632 0.001240076 0.0054729 1.61568 0.2961256 0.0005436822 0.002684043 0.001037134 0.004997432 0.0004445335 0.004857923 0.003465288 0.0005142751 0.00197831 0.004266777 0.005055801 0.006130804
6 0.01923669 0.01751252 0.101596 0.1097564 0.1431161 0.1420491 0.1275995 0.1417251 0.180192 0.1921025 0.3938558 0.3935143 0.2776095 0.2913965 0.1320061 0.01009071 0.1811566 0.3389281 0.007286169 0.3512438 0.1754693 0.133497 0.3072983 0.0004444335 0.0002720125 0.0006794144 0.0007007583 0.0007231738 0.0009750111 0.05677054 1.566006 0.04371072 0.0006978177 0.002524179 0.001004162 0.004654084 0.000429214 0.004539209 0.003453108 0.0005554166 0.001862246 0.003973333 0.004823792 0.00580985
7 0.01857249 0.01845985 0.09248313 0.09636358 0.1806453 0.179841 0.1677619 0.1807746 0.1991806 0.1956857 0.4046205 0.3810352 0.2181793 0.2197459 0.1644843 0.005285936 0.2023931 0.5300843 0.202032 0.4298522 0.141123 0.1970779 0.3323816 0.0005078679 0.0003189199 0.000568046 0.0008130419 0.0008499211 0.0009403956 1.36565 2.435034 0.004649585 0.0007072961 0.002597491 0.001055347 0.00481586 0.0007039668 0.004627079 0.003420207 0.0005030691 0.00201927 0.004147082 0.004890249 0.005869218
8 0.01833252 0.01849958 0.09382464 0.1098966 0.2512742 0.2462137 0.1447989 0.1458393 0.1826503 0.1847023 0.4242683 0.4293114 0.2302374 0.2172571 0.09617679 0.01250333 0.1589516 0.5330839 0.02818835 0.558769 0.1992505 0.01913649 0.1366155 0.0004297664 0.0003070891 0.000541083 0.0008833288 0.0007618015 0.001366524 1.011127 2.073814 0.004550471 0.0006809751 0.002788971 0.001104028 0.005191927 0.0005395048 0.005026425 0.003663424 0.0005898649 0.002042451 0.004445565 0.005210314 0.006383924
9 0.0182148 0.01823609 0.129254 0.1243133 0.1891111 0.168673 0.1879853 0.1680025 0.2079511 0.2047014 0.4907364 0.4532827 0.2450864 0.2283385 0.253734 0.1042573 0.2272027 0.5652695 0.07680174 0.323049 0.370175 0.2153907 0.2736634 0.0005846899 0.0003220914 0.0005572229 0.0008833389 0.0008886576 0.00113566 1.358176 1.948366 0.004521554 0.0009755389 0.002796187 0.001097494 0.005107351 0.001320047 0.004967792 0.003919082 0.000777859 0.00211491 0.004385811 0.005431688 0.006429349
10 0.01833632 0.01878236 0.1091648 0.1196884 0.2178018 0.2074037 0.1392639 0.1461814 0.1793618 0.1740523 0.3520392 0.3334293 0.2164847 0.2329969 0.1627798 0.07176607 0.2129357 0.6115297 0.1033173 0.5618318 0.2151851 0.07354691 0.2124658 0.0004669657 0.0004276715 0.000609776 0.001029754 0.0009147578 0.001248478 0.8284986 3.688714 0.004598984 0.0008585285 0.002781719 0.001099808 0.005099249 0.0009577797 0.00497366 0.003835563 0.0007369116 0.002106864 0.004382946 0.005420659 0.006388245
11 0.01831423 0.01814328 0.1030829 0.09660667 0.1513839 0.1551677 0.1930884 0.181791 0.1803627 0.2040598 0.4003626 0.3990437 0.2137432 0.2120448 0.1004736 0.00608298 0.1350845 0.3516425 0.03348821 0.3975633 0.3600548 0.2710932 0.255543 0.0005531126 0.0003345246 0.0004786782 0.0008364975 0.0009460056 0.00111543 0.9920144 2.981865 0.004633244 0.0006493909 0.002495396 0.0009804729 0.004591513 0.0007401578 0.004489852 0.003244638 0.0005408935 0.001793399 0.003935416 0.0046572 0.005677133
12 0.0182385 0.01845442 0.100978 0.1091911 0.1923389 0.1903845 0.1661138 0.1905626 0.1932146 0.1885849 0.3819872 0.4061736 0.2074987 0.2294826 0.1470556 0.009184204 0.1697065 0.5150092 0.04412477 0.4516077 0.1415005 0.2115777 0.3422886 0.0005964288 0.0003220297 0.0005225739 0.000964377 0.0008312423 0.001136791 0.9193201 2.141374 0.004591001 0.0007284162 0.002722804 0.001057108 0.005019369 0.0007180725 0.004906612 0.003644516 0.0005808504 0.002023173 0.004305444 0.005122094 0.006213211
13 0.01820422 0.01826474 0.1040688 0.1260625 0.1957161 0.1793689 0.2322299 0.2201255 0.1802336 0.1922569 0.4230344 0.4130482 0.217115 0.2164252 0.1555135 0.04385447 0.2216922 0.6261731 0.06267896 0.4644377 0.2790276 0.1199101 0.1649767 0.0005847309 0.0003807619 0.0005176428 0.0009698286 0.001038897 0.001405295 1.29441 3.945599 0.004722724 0.000771976 0.002791177 0.001054957 0.005185142 0.0007851057 0.005009901 0.003902499 0.000674675 0.002070265 0.004494199 0.005624997 0.006561133
14 0.0182206 0.01851542 0.07651692 0.1006783 0.2265644 0.2178958 0.1811386 0.1796228 0.1943506 0.194621 0.3837209 0.3788417 0.1980519 0.1946958 0.1109661 0.003466483 0.2250728 0.5228936 0.1947022 0.3795159 0.3166954 0.313077 0.230829 0.0005204213 0.0003837719 0.0006265794 0.001057495 0.001008297 0.001456162 0.6547356 2.723738 0.004653431 0.0007073995 0.002669065 0.001041819 0.004911963 0.0006898792 0.004809836 0.003582138 0.000547517 0.002001754 0.004231879 0.005192989 0.006033257
15 0.01819496 0.01849198 0.09093295 0.1039632 0.2270007 0.2212923 0.1589807 0.1672846 0.1673836 0.175982 0.4017862 0.4130622 0.220594 0.2258422 0.09582821 0.01882239 0.1217863 0.4034451 0.1439244 0.2673391 0.2748324 0.1731201 0.2509219 0.0006167719 0.0003754224 0.0005422518 0.0009436688 0.001091231 0.001176251 0.8054366 2.091127 0.004652902 0.0007920954 0.002525753 0.001043178 0.00461523 0.0008934695 0.004486801 0.003311335 0.0005319351 0.00195922 0.003929944 0.004770025 0.00571661
16 0.01805365 0.01854532 0.09187846 0.1013906 0.2070533 0.2045442 0.143844 0.1526298 0.1300505 0.1530906 0.4633318 0.4778676 0.2063624 0.2011298 0.1280012 0.03069757 0.1656728 0.4436655 0.07361259 0.4906519 0.2454919 0.04728443 0.3483804 0.0004604157 0.000303216 0.0005680343 0.0007196897 0.000853706 0.001112845 0.830653 2.080722 0.005884909 0.0008707827 0.002460389 0.001050235 0.004552627 0.0008267333 0.00445562 0.003330327 0.0004773164 0.00187333 0.003917942 0.004539999 0.005722275
17 0.01858362 0.0184519 0.08805352 0.1120075 0.217756 0.2244815 0.170693 0.1694225 0.1799004 0.1987618 0.399215 0.4039886 0.2163331 0.2057822 0.09978035 0.008891163 0.2615553 0.44496 0.1776905 0.4367524 0.1856719 0.1791381 0.244126 0.0006191859 0.0003786244 0.0006490133 0.0008036916 0.0009968455 0.001152482 1.076001 2.654812 0.004601667 0.0007110231 0.002727201 0.001106498 0.005059706 0.0008102474 0.004957423 0.003828021 0.0008837698 0.002027192 0.004322215 0.005480552 0.006335976
18 0.02025292 0.01747362 0.09870289 0.1097938 0.2030371 0.1940114 0.1781385 0.1744582 0.1731502 0.1951668 0.4061928 0.4242532 0.2752463 0.2670717 0.150215 0.04517962 0.1565875 0.4567526 0.07186823 0.366764 0.3234342 0.1178569 0.3246186 0.0005362997 0.0003301369 0.0004411232 0.0008300016 0.000898172 0.001083308 0.1166025 2.015689 0.06031243 0.0007259076 0.002541047 0.001018777 0.004680816 0.0009564461 0.004592377 0.003392529 0.0005776361 0.001870268 0.004012705 0.004764308 0.005832851
19 0.01830029 0.01848874 0.1165281 0.1409741 0.1832405 0.1556581 0.1618707 0.1638474 0.1746605 0.1742128 0.4217063 0.4137621 0.2145696 0.2198275 0.1513981 0.01391208 0.3129008 0.4727168 0.009051123 0.3219426 0.3083721 0.2159553 0.2803528 0.0005176511 0.0003409229 0.000603485 0.0008565894 0.001034672 0.001225377 1.194408 1.386927 0.004663956 0.0006192588 0.002736757 0.001103501 0.005051492 0.0006161281 0.004943773 0.00368015 0.0005367545 0.002083903 0.004334498 0.005248619 0.006302966
20 0.0184568 0.01806545 0.08706509 0.1035601 0.2010351 0.1811187 0.1670392 0.1556118 0.1547173 0.1771486 0.3380781 0.3312417 0.224023 0.2160462 0.07775638 0.005178876 0.2285612 0.5927395 0.03403639 0.4973244 0.3173013 0.2079864 0.2395682 0.0005013268 0.0003214371 0.0006810848 0.0008297553 0.00077788 0.001127436 0.1713142 3.067188 0.01720029 0.0006475867 0.002719004 0.001104749 0.005037694 0.0005847801 0.004900543 0.003672144 0.0007212775 0.002004111 0.004314775 0.005279805 0.006204948
21 0.01867547 0.01860393 0.09229221 0.1082514 0.2106733 0.200907 0.1645575 0.1582912 0.177898 0.1906843 0.4272443 0.4274895 0.2176053 0.2132663 0.1359423 0.004360853 0.2234511 0.5689596 0.06343636 0.4487282 0.3304175 0.1453573 0.2614183 0.0005218393 0.000314364 0.0005257045 0.0008033548 0.0008816241 0.001103036 0.9261183 1.110316 0.004573176 0.000880188 0.002692651 0.001098294 0.004975553 0.0009329046 0.004845848 0.003553542 0.0005355353 0.002044114 0.004283203 0.005078214 0.006189183
22 0.01826618 0.01839087 0.08608004 0.09420133 0.186006 0.1812048 0.2572687 0.2280911 0.1898215 0.2089338 0.397461 0.3688323 0.2297275 0.2319005 0.1361646 0.002840784 0.1919689 0.4322953 0.152469 0.4369585 0.4750252 0.3358838 0.3661314 0.0005939311 0.0003687151 0.0006792303 0.0009074821 0.0009771435 0.001203891 1.129064 2.224792 0.004581912 0.0006983028 0.00270239 0.001075932 0.004978827 0.0006528619 0.004865987 0.003746804 0.00055432 0.002125188 0.004286519 0.00511203 0.00619422
23 0.01975032 0.01778181 0.1018043 0.1185453 0.1775098 0.177912 0.1284876 0.1373386 0.1861031 0.1863888 0.3761264 0.3642061 0.2507492 0.2476246 0.1125717 0.01421813 0.16424 0.3741567 0.03043412 0.4055454 0.1868975 0.1067734 0.28698 0.0004527785 0.0003421993 0.0005576765 0.0008624181 0.0009357028 0.001109215 0.1038775 1.467477 0.03900408 0.000779689 0.002606145 0.001084388 0.004831325 0.0008130172 0.004727679 0.003597559 0.0005608246 0.002051838 0.004177371 0.00497814 0.006106154
24 0.01886624 0.01853677 0.08688386 0.1155728 0.1620426 0.1541642 0.1767206 0.1879864 0.1915169 0.1858463 0.4360497 0.4667972 0.2393894 0.2370133 0.06775962 0.00258373 0.2938317 0.5459288 0.01422668 0.4780671 0.3131739 0.2485427 0.3476178 0.0004894109 0.000378952 0.0005513514 0.001018805 0.001039422 0.001476186 1.481703 1.344388 0.00453755 0.0006551124 0.002736231 0.001106334 0.005105495 0.000527332 0.004959955 0.003720028 0.0005633354 0.002088359 0.004390757 0.005218909 0.006275541
25 0.01832216 0.0185505 0.08229097 0.1105168 0.1792558 0.1802592 0.1593865 0.1702561 0.1655384 0.1937649 0.3742428 0.3745932 0.1893187 0.2011945 0.0900568 0.007100901 0.262863 0.2774873 0.08596136 0.2651854 0.1426183 0.1792632 0.2855735 0.0004176445 0.0002884711 0.0005378834 0.0007902823 0.0008393154 0.0009549683 0.928665 1.60384 0.004695504 0.0006971845 0.002639554 0.001094353 0.004850238 0.0005869239 0.004811309 0.003477136 0.0006147211 0.001970573 0.004121749 0.004920174 0.006058892
26 0.01853751 0.01895698 0.0990111 0.1128566 0.2092629 0.2090391 0.1582516 0.146952 0.1468634 0.161168 0.4668805 0.457688 0.199894 0.1924575 0.1156484 0.01235263 0.2206855 0.4782667 0.1710504 0.4815302 0.2055973 0.09311133 0.24648 0.0004912344 0.0003370436 0.000504154 0.0008717182 0.0009763759 0.001373186 0.9115345 2.632609 0.004547533 0.0008857676 0.002793076 0.001138345 0.00515904 0.0009251906 0.005086022 0.003727957 0.0006597927 0.002082149 0.004402968 0.005254434 0.00645603
27 0.01820693 0.01838626 0.1155192 0.1216874 0.2011021 0.1862246 0.1752634 0.1767836 0.1627325 0.1514327 0.3753454 0.3925771 0.2182899 0.2097204 0.1529803 0.0594174 0.2485179 0.4716898 0.07403671 0.3439239 0.2917338 0.2075511 0.3230118 0.0004619538 0.0003128485 0.0005572154 0.0006690697 0.0009420157 0.00112141 0.9501475 1.099313 0.00456548 0.0008028311 0.002756834 0.001069478 0.005082227 0.0006903967 0.004976513 0.003710268 0.000591365 0.002030445 0.004339333 0.005288956 0.006330347
28 0.01853769 0.01869342 0.1069694 0.1343137 0.1880237 0.1753954 0.1138426 0.1252061 0.2172927 0.2407904 0.451794 0.4727437 0.2416029 0.2331049 0.1611624 0.09682955 0.2503321 0.4568658 0.01163219 0.348092 0.1716262 0.0578809 0.2497183 0.0005197513 0.0002999078 0.0004444164 0.0007751594 0.0008240421 0.0009360749 0.7962259 2.035401 0.004571137 0.0006689529 0.002578917 0.001020967 0.004723084 0.0008567405 0.004610433 0.003375018 0.0005028077 0.001899804 0.004053664 0.004782795 0.005895231
29 0.01857302 0.01857538 0.1075405 0.1207479 0.1763478 0.1473201 0.1655469 0.1526421 0.1797474 0.1806191 0.4765644 0.4628958 0.217211 0.2201801 0.157273 0.01964493 0.2077797 0.4348742 0.03445492 0.2634292 0.2467476 0.1370661 0.1632037 0.0005289523 0.0003017301 0.0004857095 0.0007385239 0.000882366 0.000885217 0.8622837 3.996802 0.00461158 0.0007284215 0.002551362 0.0009603411 0.004720494 0.0006739184 0.004643066 0.003375022 0.0005348827 0.001891593 0.004049773 0.004797768 0.005915093
30 0.01846472 0.01847493 0.1145641 0.1225083 0.241324 0.2381291 0.1915334 0.1915949 0.1801658 0.1976473 0.3764445 0.4023049 0.2174616 0.213097 0.2021151 0.08686107 0.2492935 0.5241291 0.114546 0.5528535 0.3491931 0.07075016 0.3831395 0.0004807842 0.0003009517 0.0005482834 0.0007448821 0.0008030926 0.0009320998 1.148932 2.034314 0.004748754 0.0006195774 0.002750641 0.001063612 0.005120998 0.0008762323 0.005007776 0.003935597 0.0008324727 0.002075718 0.004411949 0.005689958 0.006514947
31 0.01818338 0.01815921 0.1211203 0.1281775 0.20016 0.1840043 0.1570027 0.1561839 0.2029087 0.1953859 0.3834932 0.3742203 0.2232745 0.2220445 0.1959628 0.05641296 0.2180418 0.5632685 0.09154286 0.3835481 0.3302485 0.2787066 0.2681237 0.0004280715 0.0003645597 0.0006071982 0.0009978955 0.0008598512 0.001322328 0.6656942 3.18421 0.004696721 0.0007356308 0.002581766 0.001040178 0.004792888 0.0008952429 0.004719945 0.003572714 0.0006881864 0.00193016 0.004111684 0.004995296 0.00608223
32 0.01761922 0.01788666 0.1024623 0.1146909 0.2270041 0.2099131 0.1910541 0.2032176 0.1986898 0.1997496 0.3434593 0.3255992 0.2148407 0.2241503 0.1624678 0.04564272 0.1892026 0.5185307 0.04713988 0.4185641 0.1780975 0.02298207 0.3078691 0.0005651808 0.0003300945 0.0005610679 0.0008014092 0.0009837275 0.001104718 1.551332 2.607448 0.004859483 0.0006188169 0.002661877 0.001066366 0.004850018 0.0007427785 0.004810609 0.003521178 0.0005189235 0.001991531 0.0041098 0.004913214 0.006134851
33 0.01848304 0.01839753 0.1142751 0.1168058 0.1832591 0.2032726 0.2053355 0.1758583 0.1810472 0.2023463 0.4224751 0.4207015 0.2256767 0.1994597 0.2252929 0.01676672 0.2428609 0.3232078 0.07077385 0.4663531 0.3697507 0.2729281 0.1482625 0.0005219971 0.0004758944 0.0006408667 0.001374258 0.0009706601 0.001738506 0.9160748 1.051523 0.004636807 0.0006482026 0.002710865 0.001048801 0.005081902 0.0004757566 0.004970621 0.003713935 0.0005922998 0.001982255 0.004360916 0.005189882 0.006274571
34 0.01839669 0.01843881 0.09836403 0.1148684 0.2275949 0.2157003 0.1741809 0.1782421 0.1710544 0.2060113 0.4254014 0.4079761 0.2002524 0.2000792 0.1462534 0.0602901 0.2241803 0.444873 0.2174639 0.46074 0.2658476 0.4418497 0.4725284 0.000522377 0.0003257387 0.0005599425 0.0009826106 0.0007988282 0.001172684 1.126888 2.059025 0.004652716 0.001132806 0.002742294 0.001039044 0.004895552 0.001440596 0.004812329 0.003607228 0.0006779522 0.002008804 0.004188381 0.005052269 0.006176317
35 0.0184833 0.01855781 0.1101954 0.1252924 0.213428 0.2094259 0.1545234 0.1490562 0.1726774 0.1833089 0.3769142 0.3944768 0.2165435 0.2135858 0.1763258 0.01288293 0.1343303 0.5433653 0.1841205 0.5094406 0.2394045 0.1199315 0.1529621 0.0005028464 0.0003162004 0.000607686 0.0008084105 0.0009135379 0.001063296 0.9471431 1.433264 0.004623851 0.0009060606 0.002625085 0.001055249 0.004790709 0.0009614871 0.004737915 0.003679703 0.0006609959 0.001968177 0.004117102 0.005172788 0.006094353
36 0.01833407 0.01840342 0.08636643 0.1050634 0.2447674 0.2468086 0.1289282 0.1271441 0.1813478 0.184442 0.4997702 0.4979976 0.2105451 0.2178162 0.06811531 0.002769308 0.215824 0.5453846 0.1709503 0.61684 0.1493651 0.08475704 0.2218952 0.0005417777 0.0003841885 0.0007554893 0.000933664 0.0009329715 0.001261367 1.117483 5.014154 0.004580933 0.0006785316 0.002904628 0.001076068 0.005320405 0.0004940311 0.005195423 0.003848595 0.0005917854 0.002063943 0.004520792 0.005416667 0.006650137
37 0.0181595 0.01821237 0.1183978 0.1298579 0.1671323 0.1516235 0.1608672 0.1723268 0.1708504 0.1654763 0.398407 0.3978156 0.1784194 0.1827246 0.1626029 0.1894165 0.2457666 0.3579146 0.02633616 0.2763994 0.240477 0.2572511 0.3159742 0.0004078011 0.0002672973 0.0004836778 0.0006537713 0.0008159705 0.0009723302 0.8193691 2.509924 0.00465174 0.0006118019 0.00272094 0.001047517 0.005076197 0.0005411753 0.004923495 0.003657564 0.0005522251 0.002091688 0.00434043 0.005207896 0.006332114
38 0.01823606 0.01826941 0.08179217 0.09417706 0.1941509 0.1781273 0.1674488 0.165783 0.1767534 0.1743935 0.3739302 0.3893764 0.2171729 0.2157519 0.08884674 0.005756434 0.2309725 0.6071217 0.05324012 0.4468657 0.302051 0.288892 0.2574792 0.0005646365 0.0003737292 0.0004770423 0.0008527827 0.001098091 0.001219105 1.632744 1.998075 0.004675272 0.0007014542 0.002729773 0.001061899 0.005100702 0.0006381979 0.004951258 0.003683851 0.0005561557 0.002014701 0.004391221 0.005184076 0.006291038
39 0.01831955 0.01866434 0.08856532 0.09434357 0.2473767 0.2299331 0.1668499 0.1685205 0.1773038 0.1798498 0.4357042 0.4086904 0.2183715 0.2295949 0.1440118 0.009737413 0.1940375 0.5386775 0.1998332 0.382307 0.3436503 0.2604546 0.2694574 0.0004240798 0.0002912538 0.0004597216 0.0006857335 0.0008998668 0.0008873076 2.223573 7.021246 0.004590481 0.0007895532 0.002712278 0.001009396 0.004956064 0.0007645326 0.00477502 0.003618862 0.0005818368 0.001934684 0.004221765 0.005067996 0.006071143
40 0.0183084 0.01826728 0.1157807 0.1212368 0.1809292 0.1909471 0.1770295 0.1794439 0.2035567 0.2136509 0.4446352 0.4798599 0.222371 0.2298453 0.1818903 0.04166992 0.2527735 0.5063022 0.04592927 0.5349629 0.3087188 0.2360683 0.3269046 0.0004942584 0.0003397746 0.0005986833 0.0009258288 0.0008712683 0.00125783 1.401626 1.384483 0.004694551 0.0007825281 0.002569199 0.001046611 0.004669909 0.0007570636 0.004641666 0.003643539 0.0005951887 0.002002142 0.004020778 0.005049551 0.006000221
41 0.01890916 0.01882673 0.1023948 0.1147043 0.2991919 0.3103465 0.1938596 0.1769704 0.1601951 0.178747 0.4065661 0.4183338 0.2125641 0.2031083 0.1351833 0.03597563 0.1877052 0.7143857 0.1548211 0.7345152 0.3623918 0.2256425 0.329036 0.0004285967 0.000293504 0.0005716683 0.000831534 0.0008546745 0.001193758 1.214655 4.038052 0.004505511 0.0009438695 0.002960467 0.001141797 0.005459712 0.001134878 0.005318553 0.003818483 0.0007199825 0.002195632 0.004649452 0.005501008 0.006600282
42 0.01812178 0.01808049 0.1069099 0.1152127 0.1968985 0.1702264 0.1690205 0.1632852 0.1753617 0.1862739 0.3730071 0.3461763 0.2191076 0.2154334 0.172492 0.03511981 0.1847757 0.4650673 0.04895051 0.3419569 0.2633093 0.09797876 0.3121321 0.0006876288 0.0004091257 0.0006308875 0.0009932762 0.001157821 0.001379463 1.2837 1.714313 0.00485267 0.0005846473 0.002608126 0.001075338 0.004817067 0.0005511838 0.004749159 0.003536086 0.0007116116 0.001951756 0.004120704 0.004991164 0.005965357
43 0.01834748 0.01846154 0.1013239 0.1087599 0.1967294 0.2003689 0.1624751 0.1564759 0.1876127 0.1943369 0.3904936 0.3855319 0.2164055 0.2063235 0.164607 0.02503748 0.2428558 0.4729461 0.03560233 0.4604776 0.2230533 0.2022035 0.2730164 0.0004875066 0.0002946623 0.0005215664 0.0007330061 0.0008613467 0.001009142 1.241149 2.77102 0.004544586 0.0006811793 0.002668798 0.001089971 0.004952712 0.0004935242 0.004821579 0.003625347 0.000571447 0.002029202 0.004247072 0.005103938 0.006155565
44 0.01826831 0.01857354 0.08259047 0.1043169 0.2371088 0.2151992 0.1331659 0.1597425 0.179664 0.1971607 0.4741717 0.4520595 0.2204989 0.2365937 0.115139 0.01008313 0.235476 0.622946 0.04187388 0.5007185 0.04890342 0.04837801 0.242561 0.0004207663 0.000294452 0.0005827532 0.000777044 0.0007099833 0.0008881581 0.8550628 2.017115 0.004658476 0.0005422641 0.002657923 0.001077235 0.004946649 0.0003753408 0.00483875 0.003622678 0.0005394386 0.002057877 0.004260896 0.005073074 0.006039773
45 0.01806018 0.01821179 0.0933179 0.1111652 0.1963645 0.1940503 0.1656354 0.1722188 0.1828916 0.1835439 0.4614478 0.4478523 0.2156876 0.2191267 0.1449073 0.02604935 0.2519549 0.4125251 0.01426009 0.4152651 0.2523333 0.2051164 0.2801521 0.000447831 0.0002997919 0.0004819734 0.0006900826 0.0008962175 0.001053493 1.232485 1.887687 0.00475161 0.0006525348 0.002574686 0.001048291 0.004737947 0.0009770904 0.004691521 0.003474509 0.0005455187 0.001931826 0.004090429 0.004907029 0.005885032
46 0.01858268 0.01881193 0.09315983 0.09877881 0.2070795 0.1859865 0.15366 0.1195143 0.2173618 0.2184562 0.3836979 0.3977391 0.2075057 0.2023765 0.1489564 0.003612662 0.2766661 0.4256173 0.01546025 0.2915246 0.2206388 0.06842488 0.0560143 0.0004370794 0.0003122044 0.0006708894 0.000877659 0.0009309202 0.001095126 0.9596586 2.861662 0.004579164 0.0006770933 0.002681127 0.001102124 0.004980807 0.0003814101 0.0048902 0.003423096 0.0005349952 0.002052832 0.004282548 0.005014919 0.006139376
47 0.01828766 0.0182029 0.1036708 0.1241435 0.1849622 0.178046 0.1305628 0.1302341 0.1574701 0.1831214 0.4125095 0.4335037 0.2211849 0.2223001 0.1417599 0.02770857 0.2335262 0.3957855 0.07049352 0.3784317 0.17977 0.004671918 0.1244218 0.0004910417 0.0003543847 0.0005396549 0.000979474 0.0008399383 0.001298396 1.358725 2.601975 0.004628897 0.0005100571 0.002617975 0.001066023 0.004857372 0.0002540329 0.004768852 0.003563388 0.0006066098 0.001990976 0.004134591 0.004995064 0.006156664
48 0.01848211 0.0187329 0.09354218 0.1158266 0.2105217 0.1989193 0.1683312 0.162772 0.174494 0.194485 0.4060999 0.3658432 0.2377292 0.2283738 0.1044804 0.02808532 0.24905 0.5224194 0.2227951 0.4985439 0.1779181 0.04744243 0.1594613 0.0004323915 0.0002793482 0.0005682569 0.0007770261 0.0007562994 0.001052344 1.568286 4.460635 0.00454876 0.0007095199 0.00276306 0.001092179 0.005080808 0.0008181382 0.004978749 0.00377767 0.0007814074 0.002035818 0.00431504 0.005477378 0.00637307
49 0.0183451 0.01851871 0.111618 0.1231138 0.1832925 0.1595029 0.174426 0.166159 0.2023877 0.2037377 0.4724558 0.4519575 0.2271271 0.2074477 0.1611127 0.08538689 0.2129331 0.4096102 0.02992997 0.2204072 0.3864372 0.2621235 0.238755 0.0006377693 0.000393012 0.0005235541 0.0008959847 0.001199933 0.001348393 1.50101 1.810469 0.004719675 0.0008259141 0.002644029 0.00103391 0.004859905 0.0005848905 0.004774764 0.003536147 0.0006245892 0.001966588 0.004191548 0.005063901 0.006005174
50 0.01858875 0.01823236 0.1015971 0.1197812 0.2192414 0.1953869 0.1463983 0.1463367 0.1674884 0.1886274 0.4194764 0.4071482 0.2348065 0.2517545 0.1810395 0.01397118 0.2643722 0.49135 0.03012566 0.190953 0.1923317 0.1001936 0.2139362 0.0005101992 0.0003073293 0.0004520423 0.0008115556 0.0009227008 0.0009553015 0.2933136 1.825478 0.02396001 0.0006672497 0.002591681 0.001034827 0.004795856 0.0007309401 0.004714692 0.003538111 0.0005017946 0.001897601 0.004121188 0.005018912 0.006020976
51 0.01813461 0.01825187 0.1022191 0.121794 0.2130659 0.2069416 0.1627488 0.1863602 0.1765591 0.166592 0.4465334 0.4639916 0.2283403 0.2443144 0.1184166 0.01675774 0.2656893 0.3339509 0.006460384 0.4340981 0.1500833 0.1692699 0.3457232 0.0005751133 0.0003675424 0.0004781664 0.000897515 0.000971807 0.001200901 1.00992 1.445228 0.004621875 0.0007610011 0.002594328 0.001018891 0.004787692 0.0009115414 0.004656726 0.003443937 0.0005121748 0.001891919 0.004109632 0.004938467 0.005867118
52 0.01811325 0.01825802 0.1188349 0.1363953 0.1646153 0.1596396 0.1770496 0.174547 0.1963125 0.1977654 0.4495129 0.4394543 0.2388026 0.2231078 0.1479533 0.02557858 0.2935716 0.5121743 0.0351026 0.4336098 0.3726266 0.3873235 0.2651194 0.0005953072 0.0003507769 0.0005439053 0.0008439178 0.00116038 0.001154129 1.000621 1.815261 0.004737045 0.0006848311 0.002861664 0.001101021 0.005255819 0.000704824 0.005196002 0.003815252 0.0005648014 0.002066926 0.004535024 0.005397452 0.00657129
53 0.0188221 0.018993 0.09030704 0.1264027 0.2149387 0.1890958 0.2069631 0.2085388 0.2296678 0.2422173 0.5060788 0.5045659 0.2026193 0.2103941 0.06556032 0.004370064 0.3216916 0.4356268 0.1164429 0.3902703 0.2003198 0.1118499 0.2313749 0.0004899402 0.0003240751 0.0005435788 0.0008551271 0.0007923776 0.001018623 1.096044 1.687424 0.004383377 0.000880189 0.002782089 0.001161469 0.005178685 0.0007346579 0.005106896 0.00372621 0.0005496403 0.002069616 0.004493381 0.005220915 0.006467028
54 0.0181494 0.0183112 0.1157856 0.1243011 0.1724774 0.1618477 0.176137 0.1815936 0.1725253 0.1768565 0.4355369 0.4310962 0.2182776 0.2262879 0.1919433 0.04943246 0.2406469 0.3809095 0.04407319 0.2892563 0.2936143 0.2162771 0.2505061 0.0005488172 0.0003797518 0.0005443939 0.0009135632 0.0009669413 0.001326146 1.220419 1.925122 0.004648223 0.0008041696 0.002599386 0.001022516 0.004780378 0.0009574369 0.004675842 0.003407024 0.000600448 0.001936737 0.004105026 0.004811091 0.005917675
55 0.01829748 0.01830688 0.09292397 0.110267 0.188164 0.1723067 0.1247103 0.1425707 0.1952919 0.2048768 0.4882058 0.5022692 0.2079546 0.2249717 0.1132569 0.008705256 0.2117717 0.4533953 0.04228723 0.3049529 0.07336766 0.01914605 0.1757628 0.0004856475 0.0002913451 0.0005479528 0.0009443644 0.0007451606 0.001351348 1.14632 3.941785 0.004788331 0.0006249647 0.002687417 0.001023155 0.005022594 0.0005505463 0.004933878 0.003590715 0.0005244244 0.002054857 0.004304446 0.005050439 0.006271092
56 0.01826125 0.01836176 0.08847557 0.1129451 0.1928816 0.1755555 0.1340599 0.1546556 0.1734679 0.1985177 0.4075266 0.4051722 0.2237931 0.2346721 0.1378672 0.01560043 0.2817058 0.3927613 0.03453047 0.3892182 0.1553645 0.07986189 0.2938063 0.000489448 0.0002785247 0.0005265136 0.0007177798 0.0008610594 0.0008836652 1.353901 3.206599 0.00462008 0.0006740695 0.002711427 0.001123675 0.005106718 0.0006594214 0.005039591 0.003667761 0.0005444734 0.002090943 0.004418361 0.005152604 0.006325648
57 0.01838208 0.01841043 0.1133469 0.1166176 0.1936779 0.1812163 0.1496829 0.1776057 0.1930466 0.2182326 0.4173756 0.4426648 0.1998334 0.2096345 0.1850117 0.02552948 0.2287873 0.5645552 0.06390387 0.484426 0.1794099 0.2063233 0.3309188 0.0004975689 0.0002936906 0.0004949158 0.0007542874 0.000813273 0.001238275 1.399525 2.288665 0.004672101 0.0006847046 0.002614722 0.001023114 0.004839609 0.0006334275 0.004725834 0.00358174 0.0006983392 0.001931275 0.004119296 0.00508279 0.006022678
58 0.01799861 0.01811957 0.09701209 0.115005 0.2032203 0.1901804 0.1611876 0.1636135 0.1503515 0.1543286 0.3888033 0.3817987 0.1977858 0.1938772 0.1424087 0.02751647 0.2478487 0.5435457 0.2285731 0.4455376 0.2741446 0.1883696 0.2840116 0.0006372274 0.0003522077 0.000491379 0.0008603959 0.001039223 0.001118087 1.244465 2.545488 0.004748515 0.001021277 0.002846132 0.001096168 0.005174955 0.001265636 0.005039753 0.003788609 0.0006267224 0.002055014 0.004427998 0.00525194 0.006465743
59 0.01834021 0.01823981 0.1189902 0.1245048 0.2195643 0.2119547 0.1712046 0.1777714 0.1818033 0.1862503 0.3037061 0.3048077 0.1783763 0.1924926 0.1868921 0.02811395 0.2089611 0.3997648 0.06815154 0.4304278 0.2999937 0.3961522 0.299926 0.0004833099 0.000288794 0.0005650901 0.0007077899 0.0008893376 0.0009826243 0.8599587 2.397847 0.004633011 0.0006164976 0.002505323 0.001002593 0.004696173 0.0005767569 0.004579946 0.003374898 0.0006324323 0.00184128 0.004022729 0.004814082 0.005759919
60 0.01845603 0.01852121 0.1225032 0.1437203 0.2350528 0.217035 0.1977515 0.1958831 0.1738978 0.199962 0.3969013 0.3665524 0.2412842 0.2311362 0.1636731 0.07945943 0.271255 0.664059 0.1010684 0.4991493 0.3267291 0.2841727 0.3259749 0.0005653079 0.0003530591 0.0006778847 0.0008047509 0.0008213596 0.001246011 1.034987 2.378199 0.004600092 0.0006380133 0.002677688 0.001074606 0.004945319 0.0006019475 0.004820297 0.0040531 0.001041206 0.002141705 0.00423204 0.005891121 0.006413357
61 0.01873556 0.01879186 0.1067651 0.1147906 0.2286205 0.2237358 0.1769139 0.1740842 0.2046803 0.2148632 0.3607031 0.381608 0.2142319 0.2174416 0.1912189 0.04180228 0.2529888 0.3818168 0.1723424 0.3953562 0.3155011 0.1993844 0.3231418 0.0004981627 0.0003056909 0.0004666798 0.0007093198 0.000967491 0.0009431115 1.417913 2.529206 0.004601649 0.0006827689 0.002747424 0.00106678 0.004997268 0.0006628733 0.004926047 0.003725042 0.0006482199 0.001985615 0.004265844 0.005302429 0.006374491
62 0.0185417 0.01875023 0.0713839 0.09772217 0.1741477 0.1658938 0.1595866 0.1759016 0.1940909 0.1981414 0.4092669 0.4042808 0.1938243 0.2148734 0.08635842 0.001345555 0.1509355 0.3462643 0.01635705 0.2562992 0.1822692 0.08794786 0.2330115 0.0006130432 0.0003559496 0.0004687499 0.0008841025 0.0008739197 0.001377742 0.9610125 1.897881 0.004501205 0.0005682172 0.002646293 0.001050821 0.004880579 0.0003574052 0.004839558 0.003550795 0.0005227368 0.001896948 0.004150856 0.004939477 0.006136701
63 0.01975335 0.01780431 0.1142067 0.1215285 0.2067747 0.1938692 0.1964217 0.195276 0.1562764 0.1631894 0.4195752 0.4024087 0.2624923 0.2511095 0.1390532 0.06115559 0.205138 0.4346517 0.04269325 0.3182862 0.5410846 0.4926731 0.2790588 0.0004464297 0.0003604483 0.0004867739 0.0008946875 0.0008523346 0.001183581 0.08758782 1.583864 0.04370656 0.001287153 0.002569216 0.00114102 0.004554974 0.001791032 0.004516209 0.003415201 0.0006012874 0.002004026 0.003962471 0.004889242 0.005844186
64 0.01883453 0.01881536 0.123567 0.1457157 0.1928284 0.1964262 0.1301241 0.1457597 0.1998975 0.1891902 0.4197705 0.411601 0.2136599 0.1877221 0.1838372 0.04285198 0.2558154 0.4206762 0.04272481 0.4351622 0.1020996 0.06152662 0.2630876 0.0006016383 0.0003586959 0.0005637381 0.0007925955 0.0008784051 0.001003985 0.8878053 2.506689 0.004545424 0.0008002187 0.00269856 0.001088379 0.005050389 0.0007384485 0.004920101 0.003750117 0.0006472133 0.002012949 0.004334971 0.005326029 0.006312685
65 0.01825307 0.01809654 0.1173656 0.1281674 0.2212578 0.2136298 0.2096849 0.2187796 0.1887109 0.2178106 0.4232434 0.4000311 0.2253046 0.2246323 0.1562585 0.03749006 0.2582204 0.5544205 0.4242349 0.4826538 0.3232853 0.181676 0.3641696 0.0005649857 0.0003479987 0.0006478684 0.0009666686 0.0009465351 0.001334416 1.070778 1.569045 0.004650653 0.00107287 0.002784167 0.001070913 0.005093297 0.001268379 0.005008547 0.003770286 0.0006234794 0.002089737 0.004383495 0.00523312 0.006466018
66 0.01838902 0.01866265 0.1068806 0.1359611 0.209735 0.2088192 0.1761838 0.1842595 0.2095856 0.2239831 0.4964523 0.4898505 0.2347144 0.2272324 0.1085582 0.07907834 0.2766354 0.6567164 0.03110828 0.6746601 0.2602249 0.2049833 0.2682147 0.0004919873 0.0003257386 0.0006519239 0.0009640907 0.0009851824 0.001250826 1.575995 2.625865 0.004664849 0.0009680402 0.002604154 0.001082465 0.004779692 0.001267194 0.004684931 0.003423205 0.0005287257 0.001991207 0.004114311 0.004827486 0.005869598
67 0.01798313 0.0179743 0.09234137 0.1130511 0.210681 0.205999 0.1312083 0.1429976 0.1525842 0.1632804 0.3588536 0.3650288 0.2125162 0.2239176 0.1597734 0.1128328 0.2294421 0.4294792 0.05062861 0.2664225 0.1912139 0.08101806 0.1995704 0.0005253813 0.0002736212 0.0005022845 0.0007222582 0.0008090075 0.000964782 1.155962 2.863983 0.004784449 0.0009359678 0.002644129 0.001054636 0.004772338 0.001379906 0.004708442 0.003537786 0.0005611232 0.00188962 0.004103062 0.004931312 0.006075446
68 0.01845115 0.01858999 0.1171366 0.1276103 0.2145269 0.2008119 0.2094026 0.1967484 0.1853911 0.2081722 0.4630034 0.4908312 0.2306066 0.2489464 0.2224425 0.01282645 0.2817445 0.4838919 0.1107605 0.4151004 0.2897737 0.1944813 0.2179421 0.0005344555 0.0003550109 0.0007177532 0.0009369799 0.0009589144 0.001369905 1.331478 2.680506 0.0045732 0.0006880488 0.002681434 0.001038532 0.004943847 0.0008116862 0.004886622 0.003526295 0.0005429795 0.002013536 0.004222603 0.005063799 0.006236842
69 0.01839682 0.01850782 0.09698797 0.1085651 0.2042652 0.2100081 0.1666686 0.1666864 0.2223669 0.2248851 0.4500883 0.4525419 0.2097438 0.219503 0.164276 0.001508647 0.1546764 0.5290441 0.1725047 0.7025943 0.2814473 0.2060979 0.2238499 0.0005775872 0.0003092329 0.0004978032 0.0006983805 0.0009475969 0.001002667 0.9904955 2.198327 0.004655206 0.0006171775 0.002787804 0.001023099 0.005194754 0.0002740762 0.005103326 0.003706824 0.0005473263 0.002001089 0.004451423 0.005223244 0.006413864
70 0.01929367 0.018933 0.135357 0.1369278 0.1700254 0.1751192 0.1252504 0.1157526 0.2198159 0.2309114 0.3958996 0.4219839 0.2302997 0.2230867 0.2539009 0.03267084 0.2572551 0.3641935 0.02832639 0.314946 0.202472 0.0297457 0.07158115 0.0004574194 0.0003308183 0.0005167521 0.0009485723 0.0006422043 0.001232628 1.268458 1.482437 0.004450351 0.0006926872 0.002561993 0.001071158 0.004716822 0.0005872489 0.004652873 0.003417229 0.0005628845 0.001979131 0.004044231 0.004752438 0.00588004
71 0.01843659 0.01867499 0.1147558 0.1090736 0.2037715 0.1967509 0.1368043 0.1506595 0.1690247 0.1863413 0.3909413 0.3835407 0.1911505 0.2010727 0.2025752 0.0185396 0.167707 0.5795279 0.06558708 0.4775615 0.1660182 0.1630247 0.3052242 0.0004511801 0.00033612 0.0006217353 0.0009133888 0.0008551296 0.001406127 1.328376 1.468022 0.004596391 0.0006759563 0.002689172 0.001069935 0.004928628 0.000584706 0.004873813 0.00374796 0.0007201183 0.002048904 0.004188496 0.005251356 0.006228428
72 0.01840689 0.01847582 0.09279188 0.1077457 0.184415 0.1959992 0.170631 0.1663615 0.1959195 0.2133124 0.3834426 0.3729902 0.2049134 0.2121054 0.2217951 0.005870704 0.2845067 0.4325867 0.2307944 0.4876843 0.3148395 0.3031242 0.2263197 0.0004677245 0.0002949038 0.0005040398 0.0007016268 0.0008990204 0.001093228 0.782077 1.086051 0.004562762 0.0006378419 0.002576553 0.001016015 0.00477994 0.000372686 0.004702016 0.003497022 0.0005697317 0.001954293 0.004112566 0.004885677 0.005851903
73 0.01871005 0.01865709 0.1019945 0.1168075 0.1835395 0.1683878 0.1920727 0.206005 0.1940535 0.2086213 0.4667825 0.4634632 0.2298541 0.2271973 0.2728292 0.004735219 0.2715714 0.4206506 0.03245021 0.2296359 0.2772173 0.1819995 0.301504 0.0005411151 0.0003440681 0.0007297786 0.0009079721 0.0009197179 0.001132026 0.9946008 2.139048 0.004563654 0.0006680358 0.002650265 0.001073837 0.004900533 0.0006202348 0.004802625 0.003483357 0.0005423389 0.0020443 0.004215834 0.004944095 0.006066204
74 0.01868763 0.01886569 0.116631 0.1406676 0.2283565 0.2130442 0.182911 0.1828232 0.1848568 0.181976 0.4075731 0.3998005 0.2358466 0.237149 0.2322324 0.1004783 0.3640277 0.5129273 0.1833061 0.5025807 0.2209491 0.2214929 0.3311867 0.0005075812 0.0003249691 0.0005757012 0.0009464009 0.0008851874 0.001248278 0.9514171 2.820917 0.004584503 0.001302508 0.002808663 0.001107886 0.005070124 0.00175686 0.005012965 0.004119125 0.0007447185 0.002105955 0.004482134 0.005718691 0.006755244
75 0.01832767 0.01838535 0.1066686 0.1283816 0.2043166 0.1862142 0.1543128 0.1435326 0.2129556 0.2196967 0.4127563 0.4016862 0.1962534 0.1994923 0.09615876 0.01851367 0.2170583 0.5445595 0.1489315 0.3476697 0.3165119 0.2623393 0.1460683 0.0004718958 0.0002917358 0.0004805531 0.0007531372 0.0007996285 0.001017957 1.077457 2.215231 0.004537164 0.001136823 0.002832003 0.001088846 0.005158899 0.001347006 0.005049831 0.003601866 0.0006232743 0.001987077 0.00440167 0.005142848 0.0065145
76 0.01840419 0.01828567 0.1129171 0.1253377 0.2424599 0.2427395 0.1999385 0.2098214 0.1755247 0.1846827 0.3895284 0.4226024 0.2057612 0.2043734 0.2270661 0.1404732 0.2623789 0.5105691 0.384005 0.5666831 0.5286923 0.9438028 0.5578873 0.0005143527 0.0002800342 0.0006580475 0.0007173565 0.0009559236 0.0009454498 0.9604746 2.443284 0.004596621 0.001222225 0.002553012 0.001083986 0.004664169 0.001810103 0.004561113 0.003441938 0.0005764443 0.001990472 0.00401944 0.004899386 0.00577601
77 0.01817224 0.01860307 0.08327008 0.1116718 0.2115857 0.2296387 0.1572622 0.152225 0.1644524 0.1609427 0.3836187 0.3828197 0.2056124 0.2080126 0.08025723 0.003921191 0.2329881 0.4175853 0.1533229 0.4381567 0.2974912 0.2014295 0.2807458 0.000467453 0.0003618559 0.0005784948 0.0008039195 0.0009704842 0.001190853 1.326962 2.082785 0.004608221 0.0006519119 0.002735385 0.001129372 0.00509092 0.0004709633 0.005034824 0.003816556 0.0005511401 0.002085288 0.00437115 0.005390204 0.006292263
78 0.01863564 0.01872742 0.1177453 0.1247403 0.1996042 0.1814529 0.1894517 0.1569053 0.1727219 0.1854163 0.4565777 0.4680053 0.2267013 0.2047658 0.2435698 0.02827469 0.257694 0.465125 0.1018612 0.5058016 0.2342545 0.1066793 0.09518594 0.00035676 0.0002793984 0.0004619099 0.0008590693 0.0006819833 0.001025774 1.201741 1.729739 0.004516176 0.0008727227 0.002786898 0.0011057 0.005042914 0.001118657 0.004966273 0.003700826 0.0006972489 0.002022503 0.004300998 0.005319639 0.006389742
79 0.01851386 0.01855074 0.09464237 0.118384 0.1751751 0.1838793 0.1708953 0.1675982 0.2144113 0.2179969 0.3885834 0.4001725 0.212408 0.1984712 0.1323202 0.002657293 0.2324913 0.4967427 0.02465312 0.5667708 0.3226035 0.2105603 0.2292831 0.0006005551 0.0004062717 0.00064125 0.0008988598 0.001145563 0.00121344 1.027072 2.41265 0.004585264 0.0006347271 0.002553036 0.001051352 0.004739557 0.0004732345 0.004575957 0.003407718 0.0005028963 0.001924295 0.004059116 0.004819296 0.005815436
80 0.01837037 0.01838999 0.100437 0.1221779 0.2538106 0.2543868 0.1705203 0.1660823 0.1860114 0.1904788 0.4334253 0.4158071 0.2298864 0.2130769 0.1741207 0.008863606 0.2446631 0.4859951 0.1336104 0.5636539 0.2851671 0.145238 0.2739767 0.0006766276 0.0004345415 0.0006417478 0.001113146 0.001258354 0.001423492 0.7365864 2.494813 0.004679145 0.0008829416 0.002896319 0.001105901 0.005348443 0.0009115744 0.005250244 0.003923717 0.0006149613 0.002149648 0.004612967 0.005405671 0.006611662
81 0.01845242 0.01829448 0.0980556 0.1190779 0.1852802 0.1928706 0.172052 0.1799525 0.1802726 0.1933928 0.3766451 0.3661002 0.2270659 0.2206487 0.1066561 0.003917394 0.1497221 0.4714574 0.1005993 0.5390136 0.2698804 0.09385673 0.3502894 0.0006336768 0.0003342925 0.0005768524 0.0007869805 0.0008814238 0.001147088 1.409901 1.750005 0.004561921 0.00063048 0.002888351 0.001073561 0.005350083 0.0005427637 0.005248804 0.003798069 0.0005754704 0.00210051 0.004584848 0.005397487 0.006612501
82 0.01819383 0.01824972 0.1106303 0.1232804 0.2019743 0.1888075 0.1839753 0.1954448 0.1824612 0.1922797 0.4106233 0.4308673 0.2173587 0.2086148 0.1559553 0.06560267 0.1932635 0.5592609 0.0644853 0.3792642 0.4184508 0.6033919 0.4563095 0.0005083624 0.0003178506 0.0005306618 0.0007630728 0.0009949262 0.001323781 1.348215 1.90109 0.004727708 0.0006522816 0.002550323 0.001028422 0.004738504 0.0005035405 0.004630826 0.003421262 0.0005523496 0.001920411 0.004064821 0.004854599 0.005866113
83 0.01810954 0.01836212 0.1008832 0.1082404 0.2438105 0.2248438 0.1801281 0.1800864 0.1805963 0.1951096 0.4849462 0.4540253 0.1948804 0.1967328 0.1338436 0.007714262 0.1395858 0.7445825 0.4896553 0.4713791 0.3011733 0.2072867 0.2675628 0.0004731583 0.0003623661 0.0005401846 0.0008705773 0.001151762 0.001262788 1.52089 6.667453 0.00462622 0.0007617455 0.00252816 0.001021334 0.004655259 0.0008454352 0.004564503 0.003434256 0.0005700658 0.00203615 0.004001368 0.004906797 0.005860276
84 0.01862594 0.01844117 0.1049014 0.1261266 0.2628486 0.2552096 0.1958879 0.1950924 0.185941 0.1909693 0.4522547 0.4120752 0.2027784 0.2094207 0.108254 0.04418859 0.2239945 0.7430514 0.1091609 0.6255592 0.3234146 0.3905915 0.3768359 0.0004672429 0.0003593061 0.000501953 0.0009728964 0.001046017 0.001218715 1.163076 1.634343 0.004605819 0.001072608 0.002607677 0.001079742 0.004775106 0.001288896 0.004661839 0.003616327 0.000634145 0.002004878 0.004187622 0.005199384 0.006132921
85 0.01868273 0.01854911 0.09721572 0.1153461 0.1932937 0.1683976 0.122125 0.1318521 0.2085485 0.217535 0.4072338 0.4105445 0.2184881 0.2445641 0.169682 0.01551655 0.2006473 0.4477655 0.04043421 0.2702617 0.225928 0.03136258 0.3074148 0.0004427053 0.0002596254 0.0004520288 0.0007395419 0.0007239785 0.0009840688 1.282274 2.655522 0.004581826 0.0007269589 0.002768127 0.001028294 0.005107747 0.0007888802 0.005027125 0.003713847 0.0005494229 0.001979977 0.004384437 0.005281697 0.006364121
86 0.01863535 0.01849875 0.1219108 0.1312012 0.1925073 0.1716064 0.1488899 0.1476672 0.1870707 0.1994833 0.410041 0.4361375 0.2101305 0.2069598 0.2708242 0.0919766 0.3223442 0.4755566 0.05507187 0.2699221 0.2432177 0.04892369 0.1202988 0.0005297796 0.0003689857 0.0005697365 0.0009648554 0.0009787402 0.001249697 0.9450365 2.582644 0.004619982 0.0009581912 0.002776444 0.00111356 0.005056869 0.001176034 0.004963892 0.003786236 0.0006473011 0.002086377 0.004355317 0.005416238 0.006386573
87 0.01799222 0.01793211 0.09741459 0.1225637 0.1973127 0.1924254 0.1667162 0.1717434 0.1606229 0.1863375 0.3263399 0.3324092 0.2264858 0.224025 0.1224171 0.01176712 0.2639333 0.4386709 0.09324471 0.4272066 0.2275597 0.16725 0.3526174 0.0006624124 0.000312951 0.0005285583 0.0007101465 0.0009585752 0.0008925679 1.021988 4.275449 0.004743225 0.0007594453 0.002665019 0.001015384 0.004897517 0.0008806502 0.004776911 0.003640625 0.0006999106 0.001960673 0.004172296 0.005149246 0.006149888
88 0.01816028 0.01813319 0.09248652 0.1055068 0.2281026 0.1958262 0.1288428 0.1238557 0.2064294 0.2141197 0.3390655 0.3399474 0.2408387 0.2298422 0.0968705 0.005120184 0.1960862 0.5878801 0.3005119 0.4381055 0.1666389 0.01674844 0.1077107 0.0004523034 0.000282272 0.0005327017 0.0007773572 0.0006964265 0.001017873 2.991976 2.315222 0.004666827 0.0006506023 0.002712186 0.001043948 0.00505687 0.0005839443 0.004961156 0.003617903 0.0005637123 0.001975454 0.004331356 0.005102833 0.006252704
89 0.01882303 0.01884598 0.1083523 0.1156822 0.1795495 0.1887186 0.1580935 0.1655912 0.1975957 0.2189391 0.3718165 0.3853872 0.2121282 0.2047874 0.1423653 0.007528089 0.1658209 0.4003675 0.0670989 0.4253986 0.2854116 0.2763703 0.2402684 0.0004483239 0.000365651 0.0007802721 0.000841092 0.0009482728 0.001188667 1.306538 2.281434 0.004430286 0.0007314353 0.002686669 0.00111085 0.005005947 0.0006443516 0.004893302 0.003587843 0.0005986141 0.002045251 0.004303618 0.005074844 0.006305317
90 0.01864915 0.01866469 0.1139734 0.125985 0.1911147 0.1891992 0.1144783 0.07524707 0.1843534 0.2038717 0.3720055 0.3913658 0.2258777 0.2364051 0.1669655 0.06276797 0.2182812 0.339923 0.0560614 0.3699165 0.1583422 0.0003222169 0.01708982 0.0004142264 0.0002271236 0.0005670637 0.000702334 0.0004364815 0.0009391373 0.7847705 1.92699 0.004518623 0.0005598325 0.002665291 0.001043004 0.004889239 0.0005652992 0.004809844 0.003577234 0.0005513708 0.002018661 0.004177185 0.005025691 0.006069918
91 0.01833856 0.01831936 0.09291467 0.1099829 0.2063411 0.2034582 0.1805147 0.1801121 0.2111233 0.2259264 0.3332919 0.3303699 0.2134919 0.2242557 0.1329367 0.01276514 0.2031681 0.6010386 0.1044277 0.4369448 0.1987934 0.1460467 0.2646305 0.0005934356 0.0003660154 0.0006274358 0.0008434823 0.00105992 0.001105679 1.345571 3.784461 0.004747315 0.0007047041 0.002525312 0.001024774 0.004636804 0.0004810457 0.004618697 0.003455471 0.000558849 0.001972918 0.00395816 0.004815846 0.005803498
92 0.01790123 0.01802794 0.09853299 0.1074226 0.1751595 0.1508387 0.1632404 0.1685961 0.1762905 0.170072 0.3866016 0.3635519 0.2197565 0.2225974 0.09708185 0.02394643 0.2031033 0.5591443 0.01836986 0.3730801 0.2278404 0.1106244 0.4139564 0.000633338 0.0003594352 0.0004661826 0.0009084997 0.001037191 0.001275611 1.597669 1.529211 0.004814847 0.000781861 0.002596502 0.001002783 0.004820429 0.0008127558 0.004783411 0.003439772 0.0005035924 0.001890738 0.004153161 0.004946047 0.006036849
93 0.01824495 0.01846209 0.09985567 0.1222131 0.1870077 0.188699 0.1611343 0.1610578 0.1925704 0.1964656 0.3778096 0.3762043 0.2136173 0.2127579 0.1299082 0.01391656 0.2953572 0.3125906 0.1175513 0.4512779 0.2467032 0.1948773 0.2109893 0.0005727886 0.0003548386 0.000510737 0.000971281 0.0009161962 0.001290178 0.9213205 2.097197 0.004674047 0.0007758382 0.00273303 0.001038251 0.005103516 0.0007268575 0.005058083 0.003808721 0.0005850426 0.002013694 0.004456162 0.005404974 0.00653649
94 0.01835417 0.01840018 0.08663034 0.1012793 0.1571484 0.1575599 0.1723504 0.1767414 0.1925637 0.2083931 0.4024187 0.394645 0.2290457 0.2286106 0.1498273 0.01313961 0.2284168 0.296129 0.05302166 0.3965505 0.2959499 0.2846697 0.3229304 0.000413134 0.0002929576 0.0005946022 0.0007149202 0.0008101581 0.001023121 0.7587266 2.93358 0.004627032 0.0008323524 0.002796181 0.001080988 0.005107591 0.001046813 0.004997464 0.003625814 0.0005993678 0.002035395 0.004372825 0.005213046 0.006334387
95 0.01822164 0.01844367 0.09162254 0.1148238 0.2354981 0.2144676 0.1551929 0.1517685 0.1936628 0.2040554 0.4070889 0.4106675 0.2254385 0.2181389 0.1293402 0.01596424 0.2535834 0.6542025 0.02490392 0.5323593 0.1742201 0.1036598 0.2801679 0.000468295 0.0003488974 0.0005267979 0.000933048 0.000822692 0.001201919 1.076989 1.418615 0.004649669 0.0005899174 0.002792017 0.001066967 0.005145068 0.0005303274 0.005049895 0.003644622 0.00056124 0.002027606 0.004396555 0.005252842 0.0063944
96 0.01855508 0.01857888 0.1046397 0.1314577 0.1769615 0.1906876 0.1664222 0.1612032 0.1932137 0.2030472 0.3843218 0.3971824 0.2242154 0.2076123 0.1691557 0.02734436 0.2452852 0.3260726 0.1079904 0.406517 0.2841702 0.2428737 0.2229031 0.0004637136 0.0002677904 0.0005390945 0.0006915423 0.0008244114 0.0009197209 0.8508889 2.499886 0.00466912 0.0007546699 0.002633988 0.001039012 0.004876416 0.000845707 0.004789087 0.003544077 0.0005510097 0.001939575 0.004169712 0.005018989 0.006055112
97 0.01875848 0.01860615 0.1170982 0.1251166 0.1978664 0.2056425 0.1558608 0.1488139 0.172356 0.1945366 0.4318013 0.4793498 0.2231382 0.2076117 0.1662551 0.06043411 0.2532345 0.4201086 0.0741499 0.5051867 0.2590104 0.1639313 0.258643 0.0004119146 0.000271236 0.0005996328 0.0007343763 0.0008132382 0.0009258148 1.213145 1.878979 0.004501373 0.0008072966 0.002727306 0.001190507 0.005043456 0.0009111004 0.004974061 0.003636134 0.0005926392 0.002145953 0.00428136 0.005189729 0.006426065
98 0.01819661 0.01842984 0.1149039 0.1242125 0.2145103 0.1958549 0.1791175 0.1725047 0.182047 0.2009834 0.4171697 0.4150143 0.2385468 0.2279048 0.2274458 0.02430935 0.3184078 0.4851201 0.1025146 0.4133008 0.3423747 0.1791086 0.220564 0.0004863161 0.0003224231 0.0005133399 0.0007075883 0.0009159037 0.00100725 1.555688 1.54143 0.004675926 0.0006789608 0.002800435 0.001065177 0.005183755 0.0006862375 0.00511954 0.0037505 0.0006205178 0.001992402 0.004450417 0.005338763 0.006412941
99 0.01818317 0.01835361 0.09172197 0.1130612 0.2027283 0.1963611 0.1740617 0.1693972 0.1703935 0.1813319 0.3543748 0.3540907 0.1849133 0.1835442 0.1353676 0.02872234 0.2292793 0.5489211 0.1047523 0.5314976 0.3468078 0.3591577 0.2660702 0.0008468952 0.0004141345 0.0006912651 0.0008427852 0.001208052 0.001191559 0.8512378 3.686359 0.004629116 0.001135789 0.002763302 0.001085215 0.00504226 0.001416372 0.005014371 0.003770086 0.0006129515 0.002095837 0.004386332 0.005365553 0.006478464
100 0.01857085 0.01862423 0.1300081 0.1406899 0.2048333 0.1897793 0.1600338 0.1634856 0.1779852 0.2055849 0.3848111 0.3858618 0.2045579 0.206487 0.1708744 0.1048378 0.2355134 0.5840928 0.02691534 0.3380536 0.2659023 0.2322311 0.2511738 0.0004727407 0.0003968941 0.0005788302 0.0008642143 0.001002952 0.001300997 1.425001 2.061152 0.004560839 0.0008007971 0.002638856 0.001085567 0.004867511 0.0007158592 0.004716765 0.00369907 0.0007086727 0.002020622 0.004197435 0.005083973 0.0059997
