1 0.03041899 0.03112866 0.1920955 0.1801159 0.8743851 0.9437058 0.3179602 0.3102994 0.3496726 0.3414867 0.7993227 0.8785765 0.4250287 0.3813995 0.4973002 0.1047097 0.2757896 1.270801 0.006414957 1.233435 0.8479334 0.8851909 0.6087861 0.00111589 0.000622939 0.000837453 0.001484675 0.002020022 0.001716128 2.026513 3.54988 0.008308144 0.0009212881 0.004141649 0.001668002 0.007713407 0.0004406834 0.007553749 0.005571655 0.0007840962 0.003132096 0.00662891 0.007656737 0.009561504
2 0.03050234 0.03062055 0.195434 0.2244795 0.2762111 0.2781821 0.3652382 0.3671803 0.2691171 0.2617899 0.5780275 0.6496655 0.3657211 0.3581462 0.3933046 0.4195343 0.3987346 0.4717091 0.1200298 0.5005604 0.9139571 1.464385 0.7877724 0.001015527 0.0005936246 0.0008932648 0.001621315 0.002021506 0.00188234 2.356647 14.39095 0.008561842 0.002611815 0.003871698 0.001601162 0.006417124 0.00416396 0.006268167 0.005210344 0.0007451128 0.003071915 0.006037886 0.007659881 0.00845045
3 0.03064824 0.03068213 0.1583926 0.1741062 0.2673434 0.2822284 0.4785237 0.4219256 0.4235301 0.443463 0.6978639 0.7396475 0.5160834 0.5091675 0.2618494 0.01211877 0.257278 0.4721974 0.008434672 0.782649 0.3468774 0.09303179 0.196379 0.0006627394 0.0004248153 0.001223894 0.001176934 0.001472486 0.001540506 1.611652 2.575526 0.00823546 0.001159265 0.004583828 0.002001752 0.008578571 0.0009125439 0.008253234 0.005970577 0.0009125442 0.003490918 0.007351501 0.008658787 0.01052544
4 0.03050668 0.03116752 0.1517117 0.197437 0.3555803 0.2938681 0.3608194 0.4719592 0.2489641 0.2627323 0.6920069 0.6354488 0.3389213 0.4203285 0.1898603 0.01375657 0.4317308 0.8733516 0.2904463 0.6316141 0.2436617 0.1216971 0.7734457 0.001263126 0.0005638722 0.001434924 0.00151371 0.002139582 0.001993581 4.753313 3.191634 0.008238296 0.001770407 0.004514704 0.001970808 0.008313343 0.001696366 0.008168478 0.006230176 0.0008816359 0.003695097 0.00715032 0.008336859 0.01042876
5 0.03100497 0.03071817 0.1690655 0.1486778 0.2111651 0.2110797 0.3864696 0.3773024 0.2596003 0.3363446 0.6016057 0.5955591 0.3133673 0.3439882 0.3647646 1.423015e-05 0.2826051 0.3478192 0.005982827 0.3582479 0.5411812 0.2919286 0.4489298 0.0008777213 0.0006545309 0.0009575854 0.001566663 0.001443174 0.003259923 1.20596 2.234491 0.008357902 0.0006901108 0.004238336 0.001765619 0.007858558 0.000256508 0.007630045 0.005634795 0.0008794975 0.003196644 0.006701838 0.008117326 0.00957273
6 0.03078785 0.03155612 0.1975389 0.178859 0.4349981 0.3847777 0.3267806 0.3076653 0.3141088 0.3258225 0.8356433 0.8331268 0.4118087 0.3626219 0.3675363 0.105267 0.2170901 0.9872973 0.3542458 0.7145685 0.3814354 0.06065189 0.3086511 0.001339155 0.0005760838 0.001227732 0.001582524 0.002177882 0.001922994 3.107183 6.290937 0.008245892 0.00115136 0.004853388 0.001780255 0.008806096 0.002425842 0.008467445 0.006352278 0.0009246734 0.003494164 0.007541403 0.008789033 0.01072231
7 0.03120066 0.03162169 0.1353044 0.1828627 0.3581769 0.3561072 0.3142785 0.2945582 0.2487006 0.2834811 0.6931198 0.7057183 0.3999692 0.337911 0.2669218 0.00811581 0.5235854 0.8520738 1.015421 0.7881539 0.3799005 0.2827003 0.4580885 0.0009844815 0.0005374056 0.0009033533 0.001308524 0.00183909 0.001660589 2.85812 4.467025 0.00810147 0.00175072 0.004484597 0.001831092 0.00833253 0.001564976 0.008168203 0.006067902 0.0009346088 0.003348879 0.007181186 0.008651809 0.01046677
8 0.03140697 0.03198499 0.2199255 0.2625754 0.6131146 0.5223285 0.4497843 0.5375304 0.3305574 0.3874022 0.6721257 0.7345692 0.3731588 0.4145726 0.3456555 0.2008295 0.5411811 1.940446 0.04017271 1.53197 1.222102 0.5507036 1.248952 0.0008984493 0.001052329 0.001021678 0.002079864 0.002008989 0.003063382 2.35211 4.467632 0.008210143 0.001343912 0.005306853 0.001959239 0.009817027 0.0009262918 0.009647272 0.007113702 0.001163828 0.003570786 0.008399245 0.01001189 0.01223501
9 0.03154932 0.0316906 0.1525262 0.2121368 0.4118243 0.4103808 0.300206 0.3647675 0.316392 0.2975371 0.7513922 0.6600203 0.3416922 0.3792728 0.1988254 0.07032812 0.4590272 1.294697 0.3402408 1.047815 0.3068614 0.4868033 0.7596846 0.000843133 0.0006675102 0.001619439 0.001659618 0.001877579 0.002135293 1.084593 2.975498 0.008325878 0.001713258 0.005133249 0.002008188 0.009422132 0.0017759 0.009195466 0.006947833 0.001586431 0.003988106 0.007941656 0.009884847 0.0117138
10 0.03041892 0.03065131 0.151907 0.1803266 0.3559884 0.3675899 0.2220748 0.2568957 0.3603091 0.4010697 0.6738333 0.6106167 0.3899838 0.4144438 0.351442 0.03524942 0.426853 0.8480994 1.002608 0.9210142 0.5062852 0.3078716 0.5301048 0.001095683 0.0006783409 0.001157222 0.001977629 0.002068714 0.002551811 1.645744 8.681908 0.008478134 0.001889719 0.004235499 0.001649052 0.007775167 0.002113101 0.007681762 0.005939252 0.0008722158 0.003432406 0.006741246 0.00831114 0.009941761
11 0.03134849 0.0317848 0.1771376 0.1565029 0.2969258 0.3426716 0.2485733 0.2010612 0.2842415 0.2609727 0.6494006 0.6702306 0.3588703 0.3253457 0.504959 0.01337572 0.2909133 0.4462647 0.1090382 0.6289244 0.5345496 0.4141213 0.1499501 0.001033322 0.0006665042 0.0009122618 0.001694653 0.001621062 0.002353973 2.020329 3.6898 0.008202527 0.001504905 0.0042148 0.001757576 0.007973761 0.001278095 0.007666885 0.006479182 0.001344495 0.003395142 0.006798123 0.008739193 0.01003136
12 0.03117868 0.03153742 0.1528436 0.2021238 0.3638379 0.3147754 0.3154156 0.3786119 0.3088535 0.3657022 0.8070909 0.7227762 0.3876088 0.424587 0.2031058 0.018746 0.522529 1.107842 0.1717248 0.8984668 0.2776439 0.2604833 0.6320666 0.00108612 0.0006629981 0.00107976 0.001619695 0.001722719 0.003167544 2.673044 7.673908 0.008154563 0.001310344 0.004894784 0.001940868 0.009312863 0.0009322158 0.009019755 0.006775753 0.001309126 0.003769051 0.007957909 0.009719024 0.01156197
13 0.03051388 0.03127385 0.1369116 0.1195804 0.19022 0.2134835 0.2190988 0.2184625 0.3120302 0.3336581 0.7576079 0.753124 0.4206578 0.4331627 0.3341817 0.0002152732 0.1643215 0.3933967 0.006011559 0.9829597 0.2781112 0.0005055617 0.03134601 0.0009474611 0.0004888689 0.001068134 0.001474327 0.000558144 0.002444503 0.8918054 1.412165 0.008681058 0.0007370923 0.004466475 0.001706257 0.008294624 0.0002803385 0.007973189 0.005805789 0.00090465 0.003054077 0.007078706 0.008253185 0.01007074
14 0.03123414 0.031312 0.1781084 0.1768938 0.2332618 0.1231452 0.2574381 0.234734 0.2747508 0.2956595 0.6619005 0.6538234 0.3393649 0.2976832 0.3910642 0.02270517 0.4090799 0.7049599 0.0001576341 0.09843803 0.4113549 0.1681132 0.3370739 0.0009792401 0.0006265465 0.0008795758 0.001627327 0.001621488 0.002514987 1.204494 3.50243 0.008349536 0.0007328067 0.004320916 0.00169815 0.007837052 0.0002213885 0.007419744 0.005883751 0.0008630984 0.003134778 0.006683126 0.007761139 0.00925969
15 0.03119299 0.0301147 0.2010143 0.2308628 0.2959834 0.2784477 0.2586952 0.2197882 0.3121083 0.3294709 0.6059149 0.5955039 0.4149045 0.4414627 0.4237131 0.26037 0.5904001 0.5846129 0.306234 0.6593381 0.371398 0.03915122 0.05392186 0.001035877 0.0005332745 0.000908013 0.00118418 0.001476541 0.001581484 0.4686053 1.919463 0.01458945 0.003481315 0.004991515 0.001941126 0.008113863 0.005108059 0.008043719 0.005986978 0.000993612 0.003235202 0.006905713 0.008362926 0.01022607
16 0.03049506 0.03067738 0.1553704 0.1891642 0.3833073 0.3591787 0.5908704 0.6010897 0.2965468 0.2852205 0.7247903 0.718233 0.4415847 0.4549813 0.2654526 0.04642241 0.451055 1.216988 0.036981 1.2883 0.4347883 0.04266091 0.9071395 0.0008616295 0.0004721706 0.001166827 0.001056073 0.001341479 0.001870104 1.762106 4.376805 0.008363114 0.001109875 0.004719083 0.001876121 0.008741563 0.0007838829 0.00870313 0.006356034 0.001017813 0.003647362 0.007506699 0.008744466 0.01069124
17 0.02405729 0.03139402 0.1556126 0.1910264 0.4655893 0.5000621 0.3175015 0.3365325 0.2551912 0.2746789 0.9341919 0.8298995 0.6492865 0.5954401 0.07497811 0.006399926 0.4020463 1.04303 0.1526967 1.195337 0.7316473 0.1441915 0.8476153 0.000724205 0.0005787635 0.00117817 0.001541736 0.001552613 0.001814013 0.01241499 5.121427 0.9195331 0.001259753 0.005083481 0.002013625 0.009627725 0.001038586 0.009615578 0.00690685 0.001096823 0.003825754 0.008304397 0.009840952 0.01218949
18 0.03222977 0.03189594 0.2177076 0.2292105 0.3349319 0.2807246 0.4240952 0.4262292 0.3155844 0.3416621 0.7695562 0.679152 0.3504911 0.3857913 0.3588141 0.009204181 0.4131058 0.8884768 0.0322746 0.4439882 0.519998 0.1414091 0.3170199 0.0009705025 0.0005819495 0.0009544026 0.001376501 0.001369829 0.001962472 1.173753 3.741805 0.008089444 0.001174348 0.004850888 0.002074455 0.009011091 0.000691705 0.009208323 0.006217223 0.001017777 0.003669369 0.007753681 0.008837594 0.01116514
19 0.02340153 0.03229227 0.1541963 0.1640337 0.3810013 0.3961891 0.340989 0.3165998 0.2482803 0.2749866 0.8310208 0.835297 0.6244246 0.6111534 0.2180862 0.02051808 0.2775254 1.05196 0.5489131 1.108192 0.8405132 0.7392081 0.4756243 0.0007621674 0.0004938258 0.0008024071 0.001540216 0.0009668292 0.00213431 0.008153355 15.5713 1.716333 0.001882626 0.004447936 0.001762501 0.007817961 0.002763175 0.007721922 0.005663789 0.0009987612 0.00312998 0.006624968 0.008182501 0.0100599
20 0.03185077 0.03174835 0.1507802 0.2026907 0.2552544 0.2491402 0.3123348 0.2939419 0.4129709 0.4778518 0.5031711 0.6246138 0.3391239 0.2920051 0.1153379 0.01584327 0.3189388 0.5964292 0.008929236 0.5701312 0.320594 0.1382804 0.4539346 0.000661069 0.0004949108 0.0008972195 0.001331413 0.001206618 0.001665913 3.112119 3.032646 0.007798531 0.00107093 0.004350266 0.001891428 0.008101424 0.0008448729 0.007981432 0.006246598 0.0009313633 0.003185551 0.006990882 0.008632541 0.01016545
21 0.03126826 0.03125927 0.1887913 0.209014 0.4832173 0.4656987 0.2660659 0.2580333 0.2427681 0.2784858 0.5764607 0.5470186 0.2757575 0.2880043 0.3132253 0.0862376 0.3737775 1.206813 1.510721 1.050931 0.3702841 0.6439043 0.5324678 0.001334833 0.0006511862 0.00124365 0.00155473 0.001882862 0.002472803 2.908072 3.637508 0.008479391 0.001703079 0.004110808 0.001827538 0.007405183 0.001913527 0.007303692 0.007261986 0.001855261 0.003626109 0.006606653 0.009992942 0.01026853
22 0.02377184 0.0317376 0.1590025 0.1685733 0.3749734 0.3421706 0.3146597 0.3036088 0.2244104 0.2159509 0.7024764 0.7013086 0.5412345 0.5665254 0.2069654 0.09406722 0.2532466 1.351678 0.08492474 1.154904 0.661152 0.9210076 0.5913674 0.0008236933 0.0004163791 0.0007070503 0.001004471 0.001255298 0.00109724 0.008170825 2.784967 2.925202 0.001558294 0.004381205 0.001704142 0.008086595 0.00133869 0.007863954 0.006216682 0.0009047298 0.00327592 0.006915894 0.008367586 0.01001948
23 0.03107836 0.03050216 0.1320955 0.147857 0.2825387 0.2727568 0.4646201 0.4190771 0.3718998 0.3447564 0.7777937 0.7852849 0.4040029 0.3747951 0.2368224 0.000298723 0.2740928 0.575863 0.1187307 0.4131847 0.8694111 0.8381024 0.3816658 0.0006921948 0.0005064636 0.001285288 0.001333691 0.001422731 0.001846639 3.642153 7.228462 0.008027946 0.0008952394 0.00457939 0.001711726 0.00838093 0.000755502 0.008384766 0.006130144 0.0008694121 0.003359473 0.007180968 0.008795804 0.01065817
24 0.03103364 0.03064412 0.1431417 0.1769621 0.2527246 0.3033022 0.3028722 0.2533297 0.293881 0.3000066 0.7015048 0.6606374 0.46681 0.4033931 0.3694144 0.01126209 0.5984146 0.5810019 0.04470663 0.8175511 0.7762237 0.4655771 0.4345376 0.0007851569 0.0005921994 0.0007325296 0.001428678 0.001496175 0.001962918 2.871849 3.403024 0.00843589 0.001031458 0.004830206 0.001924786 0.008887779 0.0004462359 0.008729581 0.006601689 0.0011863 0.003560291 0.007616621 0.00959606 0.01098755
25 0.0310664 0.03096957 0.1978286 0.1825426 0.2326333 0.2891803 0.1978896 0.2430566 0.3075119 0.3142577 0.6300496 0.6352868 0.4066446 0.3676446 0.4534824 0.1252652 0.3253438 0.3441503 0.009441576 0.9775527 0.2538802 0.221906 0.4445771 0.0008210568 0.0005909653 0.001033708 0.001616989 0.001224935 0.003001064 1.697603 2.045481 0.008280838 0.0009814968 0.004521757 0.0019579 0.008379912 0.000265305 0.008512266 0.005882709 0.0009312146 0.003637232 0.007170406 0.00845709 0.01108227
26 0.03136457 0.03111893 0.2089836 0.1840963 0.2996314 0.3147184 0.3880238 0.3827577 0.3439763 0.3598009 0.8040757 0.7072738 0.4221549 0.4280016 0.3153058 0.09883518 0.3008033 0.9339138 0.06978146 1.274219 0.8476471 0.6572499 0.8902918 0.001020938 0.0005768473 0.001090761 0.001519628 0.002271918 0.001894993 2.106253 14.24665 0.008377221 0.001873951 0.005448828 0.001946053 0.009498721 0.00289032 0.00916344 0.006887233 0.001030262 0.003960327 0.007975116 0.009653276 0.01176477
27 0.03119922 0.03188533 0.172287 0.1942436 0.5044919 0.51671 0.2784576 0.294143 0.2737918 0.2765795 0.5311683 0.5478077 0.3072083 0.3984355 0.3333672 0.0194829 0.4822347 1.04643 0.1674485 0.9931062 0.3109279 0.2265492 0.5409339 0.001104179 0.0005959308 0.001249684 0.001742673 0.00232084 0.001967709 1.438914 1.815013 0.008337909 0.001544996 0.00484393 0.001987618 0.008990763 0.002041154 0.008891407 0.006511523 0.0009625079 0.003551132 0.007783738 0.009242629 0.01126277
28 0.03120161 0.03293912 0.1696423 0.2057799 0.4671335 0.4617439 0.2837725 0.3637611 0.296627 0.3243204 1.037389 0.9815205 0.4483406 0.4289219 0.213933 0.06764787 0.4394038 1.566067 1.663006 1.845769 0.449143 0.5458531 0.7463432 0.0008891256 0.0006179885 0.001436493 0.001577599 0.001636097 0.00199064 1.303853 5.339564 0.008102257 0.001594282 0.005104154 0.001831202 0.00926959 0.002125631 0.008998706 0.007211195 0.001892678 0.003613905 0.00789659 0.01064163 0.01168133
29 0.03208221 0.03192533 0.162265 0.2009699 0.3833587 0.3595954 0.2420125 0.2955599 0.3708026 0.4019916 0.4644788 0.4485662 0.3638507 0.3524682 0.3261019 0.02872187 0.3409971 0.9234855 1.02981 0.8122062 0.3253622 0.2409366 0.4836859 0.0007384785 0.0005000289 0.001015433 0.001048445 0.001384247 0.001432817 1.315488 3.808353 0.008018945 0.001472346 0.004669143 0.002072126 0.008814908 0.001404503 0.008640096 0.006105766 0.001044307 0.003926283 0.007613612 0.009051283 0.01110316
30 0.03047391 0.03025397 0.1935848 0.179983 0.2904553 0.2506784 0.2612273 0.2516873 0.2676858 0.2673524 0.6772487 0.7527208 0.3540812 0.3657495 0.3251101 0.02218834 0.3379851 0.6755845 0.01724804 0.3018177 0.2710056 0.08093344 0.4224945 0.0008312959 0.0004793341 0.0008526721 0.001402263 0.001696424 0.002159076 1.342531 2.028877 0.008715803 0.0009009517 0.004321643 0.001670679 0.00803219 0.000831098 0.007636714 0.005794627 0.0008384751 0.003191581 0.00682968 0.008258563 0.009794505
31 0.03084013 0.03215009 0.1675189 0.2074277 0.4432142 0.3761477 0.2579145 0.2657615 0.300218 0.3237599 0.6884031 0.660197 0.3404544 0.3822386 0.1831416 0.05672254 0.3933452 1.044634 0.4813635 1.082932 0.3558177 0.5545603 0.5816066 0.001462482 0.0006349334 0.000931003 0.001349287 0.001939363 0.00214884 2.384263 9.404534 0.008232586 0.002051491 0.004681509 0.001989576 0.008596052 0.002554926 0.008672286 0.006345505 0.001086493 0.003710308 0.007366864 0.008856465 0.01087711
32 0.03119877 0.03080964 0.17979 0.2047066 0.3331911 0.2662239 0.2785757 0.2949421 0.3322134 0.3780984 0.7333568 0.6672312 0.4472637 0.5126364 0.2343726 0.01712957 0.3278348 0.6438709 0.03803266 0.3246598 0.3153071 0.2554403 0.4274819 0.001081881 0.0006758331 0.0006586182 0.001681149 0.002055441 0.002514906 3.651661 6.094845 0.008338465 0.001211741 0.004262904 0.001618007 0.007920956 0.0008356405 0.007666762 0.005765626 0.0008447311 0.003060833 0.006806689 0.008070104 0.009855306
33 0.03233274 0.03212619 0.2340396 0.2482193 0.2673518 0.2453696 0.1323357 0.2283422 0.36032 0.330855 0.5788468 0.6152554 0.3934305 0.444736 0.4891837 0.04461003 0.3517261 0.7673505 0.004539712 0.3087805 0.02885806 0.008073239 0.4531337 0.001362677 0.0006135711 0.001524364 0.001731772 0.001114699 0.003125008 1.192099 3.543342 0.008061674 0.001230882 0.004787938 0.002083245 0.008811984 0.0003661908 0.008547044 0.006368188 0.0009020365 0.003573358 0.007518925 0.008556931 0.01087342
34 0.03131926 0.03165244 0.1707066 0.1692562 0.3486727 0.3437135 0.218352 0.1799819 0.3043166 0.3886635 0.7545328 0.7377679 0.4181015 0.3906692 0.2268429 0.01247002 0.3381618 0.7280213 0.4602995 0.7809095 0.3867383 0.003048265 0.1275396 0.0007444608 0.0006271347 0.001150192 0.001719675 0.0008193647 0.002310994 4.564907 4.277103 0.008087795 0.0009960866 0.004257049 0.00169212 0.007887039 0.0005404875 0.007733865 0.005949667 0.0009950935 0.003338319 0.006710105 0.008291265 0.01006411
35 0.03125607 0.03097046 0.158919 0.1274169 0.5368325 0.5098777 0.345128 0.3150219 0.4132552 0.4928434 0.7539943 0.7574432 0.3808979 0.39795 0.5061751 0.001109706 0.2123009 1.279053 1.816901 1.423199 0.6548188 0.6579014 0.247635 0.0009291927 0.0005974382 0.001368568 0.001703947 0.001655096 0.002171829 1.79765 4.394047 0.008414485 0.001020698 0.004595931 0.002020393 0.008725766 0.0005759769 0.008435006 0.006006099 0.0009174816 0.003853591 0.007452315 0.008492262 0.01059995
36 0.03103922 0.03189776 0.2035456 0.2705168 0.4225543 0.3832852 0.3460631 0.3473523 0.2600158 0.3329467 0.648806 0.5999533 0.4397545 0.4862634 0.3229445 0.5479106 0.7291426 1.442691 0.2913316 1.127555 0.8326703 0.9014484 0.7399345 0.000938084 0.0005698586 0.001159908 0.001612146 0.001445527 0.001828676 2.298362 8.668843 0.008402861 0.00119163 0.004820197 0.001962112 0.008947315 0.001168147 0.008779346 0.006257683 0.001078266 0.003734357 0.007640723 0.00914876 0.01128292
37 0.0309028 0.0315958 0.1494538 0.1936733 0.3507809 0.3169449 0.2409729 0.2753067 0.2979075 0.2667643 0.704348 0.6562127 0.3834304 0.4145748 0.1565347 0.03712535 0.3714638 0.8116525 0.4810218 0.5183579 0.2750468 0.3051298 0.480291 0.0005218341 0.000346352 0.0008415708 0.0007322805 0.000992187 0.001116074 4.878802 10.23689 0.008405545 0.001209175 0.00416187 0.001723768 0.007636179 0.001583054 0.007454237 0.005992509 0.001204252 0.003280264 0.006580679 0.008642289 0.009623479
38 0.0311927 0.0317617 0.1671621 0.1838227 0.2884255 0.298076 0.314825 0.2929207 0.3261477 0.3863528 0.6771981 0.5646165 0.3726045 0.3720041 0.2254371 0.01353082 0.551979 0.4991183 0.4473821 0.8275261 0.6918171 0.4915129 0.6333963 0.000872325 0.0004837278 0.001135613 0.001483095 0.001234139 0.001668992 1.490902 4.226817 0.008172041 0.001606999 0.005203992 0.001980827 0.0095553 0.002166714 0.009259249 0.006861159 0.0009681902 0.003726687 0.00833392 0.009687601 0.01190146
39 0.03440735 0.03177514 0.1817315 0.2149988 0.4245389 0.3723349 0.2106869 0.264907 0.3368278 0.327581 0.5935879 0.5797519 0.395962 0.4574098 0.2481595 0.01144531 0.4623138 0.9419823 0.7843974 0.8378737 0.4667317 0.2490346 0.766312 0.0007633831 0.0007216714 0.001109065 0.001823927 0.001746528 0.002826276 0.1210286 7.663866 0.03241224 0.001484417 0.005099796 0.001973611 0.009440946 0.001865684 0.009154333 0.006664538 0.001266027 0.003757954 0.00819968 0.009619839 0.01148793
40 0.0321957 0.03243411 0.1873259 0.2609347 0.4687235 0.4348533 0.3353212 0.3325209 0.2881717 0.3610804 0.5520922 0.5574684 0.3839003 0.4012567 0.2688377 0.09820473 0.4443057 1.284221 0.223627 1.196306 0.4692558 0.8305911 0.5927789 0.000804371 0.0005481015 0.0008621189 0.001490222 0.00197935 0.001717406 6.750968 6.39658 0.007810148 0.001446597 0.004334047 0.001931974 0.008064232 0.001729178 0.007889463 0.006247777 0.001108662 0.00364538 0.006976525 0.009263582 0.01033089
41 0.03118055 0.03114535 0.1942463 0.2214808 0.3620979 0.3729564 0.2628591 0.312724 0.3948163 0.3376379 0.6433974 0.6388115 0.3856826 0.3901185 0.2773246 0.1654907 0.4210577 1.160691 0.3107978 1.019424 0.2919682 0.2027024 0.4519905 0.0008011053 0.0005709773 0.001242674 0.001276593 0.00177614 0.002202467 1.03067 2.654111 0.008323296 0.001463542 0.004410313 0.001674458 0.008030454 0.002015732 0.007864768 0.005991071 0.0009533159 0.003534816 0.006818445 0.008311526 0.01026627
42 0.03038706 0.03105817 0.1262341 0.1621877 0.3144447 0.2832178 0.3550989 0.3769174 0.3271469 0.3176851 0.7330489 0.7365499 0.4025343 0.3738002 0.1210106 0.006532462 0.2834471 0.7351813 0.08755643 0.6254556 0.280997 0.1158126 0.4984006 0.0006717689 0.0005155569 0.0009423004 0.001137367 0.001252491 0.001355266 2.203293 6.086939 0.008616944 0.001079054 0.003883377 0.001641242 0.007345637 0.001498189 0.007214113 0.005944779 0.001162404 0.003084133 0.00635228 0.008436905 0.009606994
43 0.03121848 0.0311076 0.2182005 0.219663 0.2896128 0.2726 0.2716402 0.2247959 0.2537409 0.2754183 0.523806 0.4837702 0.3428615 0.3123128 0.4224976 0.0152522 0.2805884 1.045548 0.1631472 1.027936 0.4397481 0.1898307 0.1870959 0.000840546 0.0005039076 0.001027104 0.001289709 0.002035723 0.001950122 1.315109 2.452877 0.008473384 0.001495368 0.004535687 0.001899507 0.008509391 0.001482645 0.00814768 0.005896343 0.0009073814 0.00353487 0.007148846 0.008108569 0.01035628
44 0.03007548 0.03140307 0.1688711 0.1590369 0.3175549 0.3270087 0.3095789 0.340575 0.3005652 0.3390508 0.6215583 0.6825573 0.3811948 0.4246483 0.2413251 0.05083924 0.2202208 0.7966694 0.7358329 0.9731606 0.3676924 0.3682157 0.464016 0.0008296138 0.0005269201 0.0009531437 0.001309732 0.001306936 0.002079447 3.560841 5.512718 0.008175471 0.002062434 0.004270208 0.001591346 0.00796641 0.002376005 0.007823637 0.006638419 0.002203989 0.00320256 0.007058713 0.009520999 0.01011417
45 0.0301876 0.02956432 0.1605496 0.1801235 0.3547884 0.3258431 0.2525534 0.2561375 0.3027794 0.3206319 0.6479895 0.6392993 0.4036489 0.4078788 0.2454728 0.01861546 0.4459522 0.6234723 0.0345741 0.584829 0.3534091 0.224492 0.3343016 0.0007691219 0.0006145562 0.001090222 0.001446091 0.001514802 0.001729214 2.777669 3.25617 0.008940048 0.001155953 0.00415206 0.001564776 0.007538876 0.001243024 0.00727481 0.005393031 0.0008980971 0.003256986 0.006440094 0.008011202 0.009228147
46 0.0308388 0.03092368 0.1953863 0.2338185 0.3538486 0.3505382 0.2700038 0.3032032 0.3031154 0.2941651 0.6909257 0.7482407 0.4165128 0.4013607 0.254311 0.1354912 0.4099266 1.063844 0.3443232 0.9142225 0.5522793 0.897581 0.6792055 0.0008028696 0.00058135 0.001424972 0.001595248 0.001718201 0.002146044 1.355255 4.592665 0.00859961 0.00146116 0.004033919 0.001972814 0.007671063 0.001941258 0.007501358 0.006586379 0.001243547 0.003632802 0.007003795 0.009548184 0.01013438
47 0.03334828 0.03122791 0.161618 0.1891873 0.2269718 0.2598971 0.3474035 0.3582353 0.3521125 0.3398318 0.813812 0.8367904 0.5130787 0.49151 0.3771283 0.06764376 0.4864346 0.328567 0.009975861 0.5859982 1.029271 1.581054 1.131116 0.0009187323 0.000573381 0.0009755271 0.00122032 0.001618103 0.00183449 0.08929982 1.847583 0.08002155 0.001638196 0.004665266 0.001958004 0.00854364 0.001645623 0.008482802 0.00623771 0.001158415 0.003541765 0.007324716 0.008666528 0.01069244
48 0.03156862 0.03056412 0.2149224 0.2491319 0.2857945 0.2786988 0.3574277 0.3387485 0.3132406 0.3192754 0.5997106 0.5734001 0.4453752 0.4488358 0.436502 0.3806721 0.6151332 0.91561 0.1733052 0.7326857 0.5719571 0.5550301 0.4645734 0.0006783712 0.000540825 0.001241603 0.001201242 0.002030794 0.00127969 1.587854 6.578978 0.008357165 0.001705467 0.005133355 0.00186961 0.00923338 0.002333072 0.00880946 0.006752582 0.001107782 0.003473067 0.007797756 0.009470947 0.01157456
49 0.03065258 0.03071766 0.1940221 0.1889785 0.3581916 0.3752905 0.2306531 0.2277903 0.3294812 0.2901915 0.6752394 0.6067078 0.332805 0.3621995 0.3330312 0.02270912 0.4364767 0.8086749 0.1588321 0.5627087 0.2786561 0.0998307 0.3029244 0.0009206148 0.0005952234 0.0008477349 0.00127067 0.002024021 0.001836132 4.67429 1.41183 0.008319448 0.001416498 0.004377199 0.001683031 0.008035295 0.001250532 0.00763772 0.006073938 0.001074775 0.003353335 0.006861967 0.008866897 0.009837468
50 0.03260986 0.03272459 0.1548032 0.1349111 0.4093905 0.4091937 0.1767458 0.1380528 0.2892281 0.3281708 0.9810387 1.007806 0.3385583 0.3544538 0.1237575 6.215199e-06 0.1036663 1.065362 1.086637 1.058432 0.1987454 1.931505e-05 0.02259553 0.0006948583 0.0003162168 0.0007733007 0.001386894 0.0004558159 0.00166235 1.361946 3.55672 0.007717914 0.001087192 0.004753322 0.001724607 0.00900182 0.000252915 0.008658364 0.006227002 0.0009166626 0.003133397 0.007681022 0.008683429 0.01080737
51 0.03063081 0.03149354 0.1754306 0.2043125 0.2670895 0.2523543 0.4115263 0.3994567 0.2696982 0.2915498 0.6764271 0.7350913 0.4296933 0.4183601 0.2564408 0.04248723 0.3927674 0.8523795 0.03921497 0.6239699 0.1888187 0.02602599 0.3995565 0.001127961 0.0005415969 0.0007785985 0.001075369 0.001349537 0.001848051 2.599718 1.616719 0.007999032 0.001186808 0.004311608 0.001676729 0.007770701 0.0008540297 0.00779537 0.006108649 0.00110732 0.00321939 0.006644432 0.008604403 0.009847592
52 0.03028726 0.030962 0.2056828 0.2343657 0.3382738 0.2881414 0.3712106 0.3394767 0.3156854 0.3060359 0.811351 0.8227052 0.3805319 0.3935334 0.4362746 0.6438876 0.6107876 0.7476797 0.06100045 0.6340042 1.062972 1.688516 0.8279674 0.0009187727 0.0005443216 0.0009773089 0.001454327 0.002017509 0.002013594 1.446723 2.608905 0.00839045 0.001372712 0.004458746 0.001692521 0.008047414 0.002200423 0.007672299 0.005736159 0.001026814 0.003164109 0.006968739 0.008597365 0.009755932
53 0.03024922 0.03141158 0.191826 0.2099013 0.3381393 0.3372413 0.2672258 0.2341134 0.2512889 0.3107137 0.6102146 0.6564221 0.4110196 0.3858627 0.3042771 0.07930806 0.2334894 0.6768092 0.06483602 0.5336138 0.4898328 0.3867445 0.3146374 0.0006829649 0.0003737143 0.0008905526 0.000946744 0.001096081 0.001378938 4.543269 6.692123 0.008568359 0.001828372 0.004198652 0.001885961 0.007596311 0.002603739 0.007442666 0.005787465 0.0009098332 0.003284305 0.006498577 0.00800109 0.009606454
54 0.03156624 0.03109803 0.2099131 0.1628478 0.3652001 0.3701754 0.3523513 0.2953532 0.2611593 0.2581349 0.725562 0.7588833 0.3505838 0.3005591 0.4843609 0.2291244 0.1634215 0.5311819 0.1044352 0.5428938 0.8012328 0.7412043 0.2578673 0.0005015533 0.0004532755 0.0008757332 0.001412876 0.001070652 0.001518338 0.8005595 3.745812 0.04418893 0.001934074 0.004291813 0.001723073 0.007613495 0.002419607 0.007411584 0.00589243 0.0009213472 0.003199249 0.006704757 0.008393445 0.009823862
55 0.03064635 0.03101697 0.2113328 0.2124466 0.3635246 0.39727 0.3440776 0.315529 0.3401427 0.3041992 0.679323 0.7812243 0.4363778 0.3426013 0.4299107 0.1430681 0.3946709 0.8859422 0.9102121 0.8132506 0.6046057 0.6951295 0.5810341 0.0007818798 0.0005552149 0.0007865405 0.001703586 0.001432554 0.001670965 3.422264 13.60196 0.008250499 0.002858747 0.004406709 0.001687593 0.007850969 0.004132214 0.007894466 0.006364795 0.0008027749 0.0034421 0.007204617 0.008697478 0.01019077
56 0.0316265 0.03072149 0.1369554 0.1714015 0.4115128 0.3911272 0.3190231 0.3222172 0.3390564 0.389652 0.9016083 0.7713824 0.4388133 0.4661297 0.1598355 0.01519933 0.2112944 0.9573229 0.07050582 0.8696514 0.3280882 0.000103499 0.2066042 0.0007030407 0.0002930001 0.001046633 0.001152128 0.001187236 0.001492387 0.06606724 2.144906 0.01207885 0.001149169 0.004736262 0.001831718 0.008639583 0.001104222 0.008353115 0.006080548 0.0008915731 0.003526588 0.007425572 0.00860511 0.01045904
57 0.0312995 0.03140716 0.1845527 0.2304505 0.33835 0.2992079 0.3777959 0.3652544 0.384692 0.4020868 0.8104023 0.9556133 0.4413901 0.4121681 0.1623123 0.02670651 0.4933054 1.389351 0.1471476 1.179035 0.475273 0.6036157 0.9634991 0.0006867306 0.0004723051 0.00113193 0.001760324 0.00116139 0.001771559 1.547238 2.129555 0.00800053 0.0009528018 0.004675317 0.001852732 0.008890368 0.0007685084 0.008549095 0.006216489 0.0009303848 0.003445606 0.007595674 0.008815579 0.01104996
58 0.03152843 0.03124709 0.2111743 0.2598222 0.3396089 0.3197399 0.392384 0.4191346 0.2294015 0.3090554 0.7261243 0.7360371 0.3270927 0.3484358 0.3605036 0.5477925 0.4963687 0.7317773 0.5301201 0.6602174 1.086028 2.063236 1.088769 0.001103902 0.0007183097 0.0009291095 0.001799701 0.00172218 0.002234169 1.885364 1.702047 0.008175647 0.001799638 0.004494496 0.001746591 0.008317786 0.002007692 0.008088217 0.00790334 0.003464664 0.003586894 0.006965692 0.01177755 0.01059009
59 0.03163578 0.03190078 0.1677749 0.165905 0.6524889 0.6824662 0.5875302 0.5587176 0.4081962 0.4104747 0.6700532 0.6315706 0.3918775 0.414914 0.461323 0.002485348 0.5242853 1.447513 0.5466968 1.614907 1.031449 0.7255824 0.8067348 0.001267579 0.0006825511 0.001085098 0.001277587 0.002340168 0.002014458 2.74741 7.468066 0.008218863 0.001231638 0.005098795 0.002217326 0.009530768 0.0008964615 0.009423913 0.006861427 0.001166572 0.00399926 0.008179665 0.009873187 0.01207469
60 0.03168404 0.03202454 0.1585337 0.1985747 0.5271239 0.4438057 0.3216231 0.3163416 0.2758552 0.3308464 0.909701 0.9191818 0.4398527 0.4187367 0.2428251 0.02707647 0.2871843 1.196619 0.0356688 0.9734726 0.5248355 0.304545 0.4116277 0.0006523321 0.0005242734 0.0009028954 0.001492622 0.001422439 0.002227628 1.244805 4.885827 0.04292085 0.001028299 0.004785743 0.001796733 0.00880394 0.0008881959 0.008683464 0.006171282 0.0009488942 0.003528585 0.007580483 0.008864041 0.01106947
61 0.03061888 0.03100195 0.1638964 0.1928691 0.4257862 0.3840607 0.2727772 0.2313341 0.3835183 0.4036515 0.6864108 0.6103701 0.4436392 0.4551001 0.2895098 0.01837628 0.3869328 1.560518 0.3923284 1.440601 0.6132719 0.2435389 0.3541671 0.0009019058 0.0006312427 0.001487082 0.001564077 0.00168941 0.001808961 1.694199 5.859441 0.008448306 0.001058613 0.005174486 0.002190819 0.009723606 0.001085975 0.00949611 0.00682368 0.001061671 0.003741631 0.008324493 0.009828518 0.01208366
62 0.03096481 0.031387 0.1683405 0.1958338 0.5435563 0.4833754 0.321097 0.327901 0.340248 0.3561025 0.5967176 0.6428519 0.3714628 0.4073627 0.2857478 0.1164546 0.4532981 1.463047 0.695572 1.359625 0.4541814 0.5774155 0.669653 0.00122754 0.0006135896 0.001225119 0.001707138 0.001546609 0.002196776 2.403703 4.64135 0.008375797 0.001427363 0.005091574 0.00191106 0.009665629 0.00128715 0.009278767 0.007191428 0.001561317 0.003640744 0.008316517 0.01011505 0.01184621
63 0.03195113 0.03237166 0.16939 0.1641884 0.3461556 0.3258637 0.3307146 0.3314173 0.2422601 0.2588099 0.8732721 0.8760064 0.3476566 0.349554 0.2527685 0.1076822 0.3046768 1.185234 0.9978278 0.7862057 0.5217317 0.5184216 0.47942 0.001010037 0.0006970209 0.001067425 0.001864828 0.001785213 0.002440062 1.233711 3.879478 0.007943092 0.001802471 0.004483704 0.001930733 0.008203122 0.002389125 0.007961378 0.007565297 0.002885681 0.003648764 0.006960841 0.01066403 0.01054754
64 0.03127176 0.03213261 0.2094756 0.2022491 0.3166663 0.240208 0.3266041 0.3325314 0.2386489 0.2773897 0.9627482 0.9214228 0.3897369 0.3369971 0.3727868 0.329251 0.3877403 0.7962285 0.04775387 0.4143624 0.481815 0.6602786 0.5182317 0.001065338 0.0003977237 0.0008299945 0.001107267 0.001331784 0.001229505 2.068458 2.833094 0.0129142 0.001532284 0.004816109 0.001838383 0.008806053 0.002129095 0.008456644 0.006533299 0.0009177217 0.0035103 0.007425605 0.009220164 0.0110146
65 0.0309739 0.03027421 0.1562491 0.1912806 0.241598 0.266285 0.2082678 0.1917848 0.2875059 0.348237 0.718157 0.6690515 0.3758643 0.4006843 0.2430207 0.02707274 0.283372 0.6095423 0.02522953 0.9359605 0.5386804 0.2020692 0.3634159 0.0009539465 0.0005445253 0.001298638 0.001568188 0.001433638 0.001877122 1.4993 2.628343 0.008641807 0.00111698 0.004721258 0.001840832 0.008951028 0.0004480568 0.008494481 0.00644572 0.000904896 0.003293901 0.007614217 0.009231725 0.01103004
66 0.03183736 0.03145203 0.1631369 0.1927106 0.455952 0.4328442 0.2160502 0.2599954 0.2657576 0.3314793 0.5736618 0.5526197 0.2988889 0.3555172 0.2280346 0.03879063 0.4551336 1.02366 1.292845 0.6792054 0.2726934 0.5380016 0.7236569 0.0009980965 0.0004793284 0.001475413 0.001269926 0.001902002 0.001711653 3.350946 2.174521 0.008320922 0.00224099 0.004983626 0.002057295 0.008903762 0.003246864 0.008594351 0.006247898 0.0009558214 0.003883132 0.007676927 0.009057737 0.01064175
67 0.03084712 0.03104845 0.1382674 0.1738848 0.2989295 0.3036925 0.3154601 0.3565467 0.2535825 0.2614829 0.7543527 0.7147331 0.3140222 0.3428744 0.1673407 0.003834759 0.4119534 0.4666483 0.2339237 0.6088393 0.2932705 0.0002509819 0.05346529 0.0007288902 0.0007488546 0.001268718 0.001475708 0.0007847566 0.002068761 2.006307 1.883429 0.008470816 0.0009975452 0.00426405 0.001754377 0.007934602 0.0003290092 0.007889165 0.005911117 0.0009213891 0.003527769 0.006807288 0.00847907 0.009781474
68 0.03002545 0.0304661 0.1438169 0.1497426 0.4338884 0.4179468 0.168588 0.1633392 0.330258 0.3301028 0.8784542 0.8759579 0.489986 0.4923736 0.3065731 8.631347e-06 0.4533089 1.109287 0.3988008 0.9489904 0.2152053 7.633234e-05 0.1804506 0.0009737438 0.0006369348 0.001156375 0.001481104 0.001233464 0.002328925 1.050856 3.643678 0.008788315 0.0007426518 0.004321025 0.001676394 0.007981435 0.000177114 0.007762024 0.006045116 0.0007613198 0.003350553 0.006802281 0.008026307 0.009797093
69 0.030937 0.0317988 0.1803031 0.213751 0.4286258 0.4219801 0.3256116 0.3627107 0.2454341 0.3507565 0.7852855 0.7042489 0.3745863 0.4102046 0.3787885 0.2639166 0.4836699 0.611568 0.3913288 0.8076329 0.760668 0.7070682 0.7216012 0.0009184693 0.0004298535 0.0004904384 0.0009632421 0.001411863 0.001107891 3.06855 4.15557 0.00830144 0.002178598 0.005023501 0.0017368 0.008958085 0.003143141 0.008642506 0.006673129 0.001084876 0.003311311 0.007813834 0.009798688 0.0112559
70 0.0302635 0.03109908 0.1453144 0.1486513 0.2789437 0.3125119 0.2423006 0.2340135 0.263243 0.243162 0.6699643 0.7756872 0.355724 0.3310431 0.1386339 0.02972888 0.2780241 0.7698158 0.1109606 0.7364256 0.3478836 0.1798166 0.4855137 0.0007183298 0.0004707264 0.001428621 0.001252766 0.001022569 0.001983817 2.771919 5.194787 0.008405861 0.001223346 0.00443634 0.001858948 0.008198139 0.0008806936 0.008272377 0.006333921 0.001512315 0.003362361 0.007023636 0.009152767 0.01060549
71 0.02394051 0.03143662 0.183857 0.2071853 0.5647467 0.4796555 0.1944824 0.1805658 0.2342859 0.2538234 0.7647045 0.7447959 0.6350234 0.5683549 0.217383 0.04782333 0.3776144 3.636092 5.964038 2.743945 0.6644061 0.1383891 0.4640703 0.0007844161 0.0004832259 0.001240144 0.001368941 0.001065847 0.001368226 0.008415769 4.963693 1.625905 0.001494671 0.005252179 0.002021256 0.009582906 0.001744189 0.009151829 0.007330891 0.001858122 0.003942324 0.008178767 0.01069005 0.01183393
72 0.0311248 0.03180344 0.2000566 0.1890188 0.3711725 0.3774124 0.328585 0.3143734 0.3503895 0.3399372 0.8699862 0.907123 0.4008033 0.3997489 0.338353 0.0151652 0.3571115 0.7521443 0.03196141 0.908466 0.8648736 0.8116313 0.5785443 0.001224709 0.000685083 0.0009862515 0.00147366 0.002087751 0.002890104 1.353165 2.389444 0.008342628 0.0009743357 0.004483111 0.00170084 0.008196525 0.001195362 0.007957018 0.005951441 0.001158807 0.003197882 0.006988545 0.00859222 0.009929933
73 0.03005726 0.03081434 0.1119622 0.124608 0.4019682 0.3626533 0.2185423 0.1676117 0.4040707 0.4114218 0.7484071 0.8248276 0.422369 0.4191791 0.1824457 1.886234e-05 0.3377967 0.9122883 0.775141 0.5819743 0.2125844 5.236041e-05 0.09113861 0.0008785568 0.0004950712 0.0009641037 0.001580298 0.000726745 0.002921385 1.809124 11.6526 0.008701843 0.000696172 0.004141611 0.001628184 0.007689686 0.0001584941 0.007278483 0.005719254 0.0007827085 0.003091666 0.006553098 0.00765061 0.009223716
74 0.03130757 0.03225232 0.1962289 0.2346574 0.2655577 0.3262898 0.3667653 0.345198 0.3091382 0.2817174 0.7465491 0.710946 0.367769 0.3532046 0.4366696 0.5570608 0.458403 0.4017496 0.06789008 1.188975 1.009449 1.629638 0.8505009 0.001095546 0.0006167539 0.0009063959 0.001498631 0.002166408 0.002228976 1.579866 4.086484 0.007903243 0.001833635 0.004942706 0.002291822 0.009286138 0.002227684 0.009446201 0.006936056 0.001000595 0.003826427 0.007950924 0.009655146 0.0120767
75 0.03042182 0.03076083 0.1629665 0.2074887 0.4155803 0.3792827 0.2215412 0.2702238 0.2670874 0.3179692 0.5450515 0.5081343 0.3352359 0.4019724 0.1751519 0.05367741 0.3595218 1.065661 0.1847394 1.048674 0.2947773 0.3570014 0.3969844 0.000851673 0.0005675669 0.0008937774 0.00159257 0.001664658 0.002367478 1.843817 2.96178 0.008033327 0.002167856 0.004184407 0.001833895 0.007637695 0.002812479 0.00774306 0.005993274 0.001522475 0.003360346 0.006650328 0.008688864 0.009748994
76 0.03133978 0.03124086 0.1717476 0.2072347 0.2997398 0.2260628 0.3904789 0.3931641 0.2700685 0.286983 0.6530049 0.5704823 0.3577602 0.3902241 0.1964102 0.06524301 0.3825369 1.049742 0.03662917 0.4432872 0.6413017 0.3882784 0.7500736 0.0007256206 0.000450242 0.0009750184 0.00105401 0.001397083 0.001521589 1.523769 5.152015 0.008246699 0.001381191 0.004617193 0.001850388 0.008399468 0.001759679 0.008140248 0.006234584 0.001166085 0.003466448 0.007162463 0.00895862 0.01029413
77 0.03097885 0.03083893 0.1982224 0.1948572 0.3718267 0.377009 0.3163781 0.3787466 0.274516 0.2636096 0.6322036 0.5325728 0.3320376 0.4011006 0.397695 0.1761007 0.2895234 0.6922147 1.157037 0.9945744 0.6504266 0.9369741 0.589609 0.0006625671 0.0004509207 0.0006818093 0.001220011 0.001199165 0.001475559 2.344753 1.783675 0.007995088 0.00299556 0.004881644 0.0019423 0.008411514 0.0044312 0.008372883 0.006330619 0.001119855 0.003398134 0.007413316 0.00929662 0.01109844
78 0.03288706 0.0302382 0.2038723 0.177284 0.371648 0.3420017 0.2776164 0.2398206 0.3483273 0.2593027 0.6575141 0.6894198 0.4335254 0.3908928 0.4482009 0.2678475 0.2803582 0.4818704 0.01057867 0.4978155 0.5954869 0.5666152 0.3292385 0.0006659311 0.0004206356 0.0006405252 0.001257241 0.0007922592 0.001595447 0.1824609 3.786888 0.08435864 0.001013823 0.004032151 0.001626133 0.007451039 0.0001669549 0.0074934 0.00595171 0.0008828787 0.003226587 0.006481341 0.008056318 0.009714098
79 0.02378407 0.03154363 0.1870359 0.1954885 0.3019321 0.2748874 0.3398854 0.3481397 0.217602 0.2559495 0.6542844 0.6435634 0.4576265 0.4940307 0.234213 0.01784559 0.09016351 0.6814196 0.2453948 0.4402945 0.9801005 1.782521 1.19321 0.00107518 0.0006580238 0.001021379 0.001606526 0.001518396 0.00171519 0.008253505 2.565222 0.7444357 0.001605787 0.00435312 0.001807608 0.007951916 0.001673548 0.007763444 0.006139238 0.001114247 0.003323197 0.006873707 0.009028123 0.01020217
80 0.03045265 0.03061417 0.1673463 0.2045709 0.2647068 0.2201114 0.2428627 0.2623545 0.3824033 0.3770829 0.7612166 0.8027032 0.4574348 0.4539914 0.2590015 0.02940544 0.4139562 0.7499042 0.003931145 0.3425191 0.5023178 0.02876238 0.6059316 0.0009430626 0.0006554537 0.00141559 0.001575893 0.001394796 0.002513684 1.274276 2.051367 0.008823957 0.0009837632 0.004547873 0.001873502 0.008266232 0.000700144 0.008024679 0.006085897 0.0008956326 0.003669576 0.007064538 0.008658115 0.01033421
81 0.03184718 0.03191259 0.1925072 0.2112285 0.2558335 0.1867848 0.3748383 0.3645659 0.3120156 0.3395601 0.7172521 0.6961216 0.3886558 0.3903153 0.2326107 0.02329075 0.3410582 0.684423 0.01475321 0.3530711 0.3045167 0.4348981 0.5735875 0.0008389018 0.000572349 0.00116632 0.001261829 0.001927932 0.002278306 2.186281 2.556579 0.008235958 0.001193816 0.00400531 0.001699431 0.007351872 0.0004849396 0.00732928 0.0052451 0.0009453973 0.003318145 0.006248794 0.007376185 0.009275869
82 0.03134091 0.03197781 0.1612206 0.1915438 0.2748493 0.2861616 0.4080892 0.3906717 0.2867699 0.2975574 0.8013285 0.7560846 0.3582888 0.3670311 0.2831144 0.05318819 0.4425418 0.8049165 0.02371346 0.7254071 0.5525927 0.2274039 0.5002664 0.001358372 0.0006652944 0.0008581297 0.001857387 0.001866898 0.003453958 1.519211 1.431569 0.009453953 0.001162749 0.004887141 0.00188628 0.009343154 0.0009449806 0.009257684 0.006388754 0.0009504002 0.003510981 0.007986569 0.00877927 0.01162869
83 0.0230715 0.03294917 0.1482549 0.1686492 0.5843256 0.5928256 0.266006 0.266476 0.1998769 0.2265404 0.8822229 0.8779976 0.470592 0.4945377 0.2475342 0.05144257 0.2790074 0.9860621 0.01178634 0.6389098 0.7118161 0.763713 0.6383334 0.001003058 0.0006357363 0.001022238 0.001497007 0.001924738 0.00195549 0.008721885 3.146894 1.391553 0.001183303 0.00427149 0.001822407 0.007770757 0.0006895979 0.007571608 0.005589078 0.000856928 0.003468689 0.006595037 0.007928309 0.009599235
84 0.03000592 0.03049929 0.205185 0.1824439 0.2118498 0.2201511 0.4159471 0.4070997 0.4232337 0.3673815 0.7001353 0.7847307 0.4157279 0.4539307 0.4683343 0.04687711 0.3358085 0.7982108 0.005732778 0.8635978 0.43152 0.1785172 0.1658865 0.001090347 0.0006813289 0.001028372 0.001843907 0.002108456 0.002292223 2.326823 2.902953 0.008554412 0.00145959 0.004781731 0.001729188 0.008632727 0.001899369 0.008315075 0.00602942 0.0009171666 0.003065454 0.007259473 0.008666617 0.01020837
85 0.03010476 0.03080586 0.1644731 0.1746019 0.406724 0.4396296 0.3958736 0.3568573 0.3515846 0.3229159 0.730597 0.7594449 0.43057 0.3978385 0.3481011 0.03042774 0.4231175 1.078908 1.511103 1.170907 0.5737119 0.2818313 0.5644198 0.0008929783 0.0005842322 0.001056813 0.001658494 0.001583625 0.002984155 1.611133 2.92943 0.008724186 0.001340945 0.004428402 0.001744015 0.00822437 0.001685132 0.008385236 0.006250891 0.0009485311 0.003386236 0.007192512 0.009083812 0.01081217
86 0.03210557 0.03217852 0.2033206 0.2324522 0.2801248 0.3331625 0.2734573 0.2559005 0.2861879 0.2848025 0.4363798 0.5450055 0.3359432 0.3011816 0.371353 0.03469659 0.5736865 0.5286908 0.2757888 0.8205625 0.4143925 0.3432109 0.3943116 0.0009505942 0.0006525401 0.0009382437 0.001624927 0.002010765 0.002265913 1.905058 6.463658 0.008389529 0.002261007 0.005044902 0.002082512 0.009272111 0.002668394 0.009258311 0.006906891 0.0009890084 0.003774879 0.007982798 0.009848791 0.01184427
87 0.03199112 0.03204722 0.1423696 0.1830884 0.4756488 0.3550978 0.3217098 0.3125958 0.2558699 0.398145 0.6573739 0.6063595 0.3950391 0.4402825 0.1854053 0.007467996 0.270907 2.197775 2.743473 0.8979105 0.4060037 0.1075998 0.3693349 0.0008848831 0.0007540966 0.0009982976 0.001633639 0.002533012 0.002942517 8.159018 2.832784 0.008128226 0.001309061 0.004982152 0.001931789 0.009141715 0.0007980789 0.008918089 0.006748545 0.00105081 0.003775917 0.007765328 0.009136804 0.01133698
88 0.03125943 0.03115455 0.1823385 0.2205895 0.2991191 0.2863795 0.2796533 0.3094899 0.3202848 0.2907245 0.8254945 0.8388578 0.4110623 0.39546 0.2483033 0.06876507 0.4815156 1.498233 0.04135066 1.615225 0.4152863 0.4815453 0.9054715 0.0008896964 0.0008015411 0.001072596 0.002008444 0.001829469 0.003710175 1.857818 2.702678 0.008077835 0.001321626 0.004498273 0.002030649 0.008588702 0.001361275 0.008279888 0.006230308 0.001397973 0.003638743 0.007193181 0.009066321 0.01126718
89 0.03076388 0.03058519 0.1771311 0.1949392 0.2829404 0.2845271 0.2506709 0.1898169 0.323813 0.3897662 0.7540445 0.7312476 0.4612254 0.4561637 0.3114677 0.04919218 0.2620532 0.6043648 0.09246145 0.6759338 0.3973646 0.0001508344 0.006960355 0.0007655964 0.0004993855 0.001041972 0.001648445 0.0008096116 0.002365716 1.769309 6.585085 0.00828625 0.001146046 0.004887533 0.001883602 0.008860834 0.0009262132 0.008633446 0.006864344 0.00106545 0.003528491 0.007570858 0.00907565 0.01082422
90 0.0317858 0.03246303 0.1274837 0.2022656 0.3813293 0.3129641 0.2653359 0.3268079 0.3498685 0.3582682 0.7973214 0.7789263 0.3842975 0.4073874 0.2260315 0.01960914 0.5620091 0.8131934 0.1949991 0.4135692 0.2622279 0.2716959 0.6289412 0.00124225 0.0006564093 0.0009567412 0.001376548 0.002371875 0.002394314 1.089774 2.816022 0.007898395 0.001664514 0.004580672 0.002000779 0.008506652 0.001831844 0.008343965 0.006242342 0.0008923476 0.003806085 0.007332449 0.009033333 0.01060215
91 0.03134842 0.0317789 0.1241898 0.1778565 0.4042069 0.3781311 0.1537887 0.2137293 0.2990413 0.2990507 0.9209174 0.866698 0.3889226 0.3684639 0.2131891 0.01264597 0.3715707 0.7195883 0.2466189 0.5243105 0.06160561 0.01772555 0.2863149 0.0004528433 0.0004383136 0.0008049264 0.001592843 0.001107957 0.002092408 1.303138 2.042976 0.00804699 0.001301733 0.00421985 0.001729023 0.007752152 0.001484085 0.00741993 0.005820707 0.0007971894 0.00348001 0.006965247 0.007891386 0.009633372
92 0.02512784 0.03104673 0.174949 0.2226394 0.328066 0.3649038 0.2733387 0.3001498 0.2194648 0.2760229 0.67593 0.7643526 0.5409851 0.4144748 0.1207442 0.04448221 0.4638043 0.9372587 0.28201 1.103839 0.5289987 0.1499088 0.6903763 0.0008583389 0.0006152272 0.00117503 0.001605799 0.001814989 0.001893473 0.05545273 2.828939 0.7292138 0.001365219 0.005249607 0.002063709 0.009836797 0.001285999 0.009418651 0.006991783 0.001263119 0.003793985 0.008333824 0.01002029 0.01210588
93 0.03121744 0.03084784 0.212326 0.2206337 0.3859383 0.4118335 0.3303091 0.2986371 0.3553005 0.3710286 0.5993952 0.6121068 0.4184196 0.3510231 0.4443352 0.373617 0.3978629 0.8758436 1.503134 1.262366 1.138932 1.716127 0.8030835 0.0007459104 0.0005469091 0.0006723172 0.001185484 0.001604567 0.002435553 1.033836 2.888779 0.02147631 0.002328406 0.00471856 0.001881764 0.008484206 0.003541325 0.00877041 0.007005313 0.002818286 0.003321641 0.007219042 0.01034742 0.01118354
94 0.03206044 0.03165417 0.1487161 0.1625674 0.3240101 0.3412331 0.1924504 0.1443675 0.2628757 0.3286323 0.6359502 0.5978417 0.3861437 0.3287623 0.5172385 4.56614e-05 0.6548221 0.7657817 1.038154 1.319595 0.278214 3.878467e-05 0.02747587 0.0007216904 0.0004853818 0.001126984 0.00176334 0.0006137336 0.00245988 1.607458 3.554569 0.007932156 0.0009421427 0.004851145 0.001759544 0.009081015 0.0003495952 0.008658315 0.006340596 0.0009320724 0.00340308 0.007739773 0.008774949 0.01088827
95 0.03114619 0.03233064 0.1929985 0.2194848 0.3239089 0.3240734 0.3098396 0.3317494 0.2685948 0.3349679 0.6001974 0.5198487 0.3521425 0.4072318 0.3837939 0.1834826 0.4576841 0.8923217 0.5799897 0.7689938 0.7241343 0.8927207 0.4533999 0.00119052 0.0006701651 0.0009540824 0.001672061 0.001535197 0.002411476 3.29023 3.829789 0.007910106 0.001806098 0.004804738 0.001812446 0.008956176 0.001876259 0.008961434 0.00748522 0.002363447 0.003746117 0.007688386 0.01069584 0.01142103
96 0.03128197 0.03183667 0.1501067 0.1696311 0.42031 0.3781108 0.2000206 0.2038087 0.3160539 0.3604405 0.7472138 0.7473979 0.3541822 0.3596911 0.2205577 0.004296683 0.4354389 0.6901645 0.02761624 0.5592265 0.295823 0.05553309 0.2020198 0.0007382212 0.0005203115 0.001146797 0.001620234 0.001361469 0.002013796 1.535491 3.747671 0.008493389 0.0009588617 0.004878633 0.001936572 0.009166194 0.0007086063 0.008688958 0.006363625 0.0009220441 0.003689018 0.007874196 0.009127089 0.01092524
97 0.03086581 0.03094941 0.1670527 0.1734397 0.3383878 0.3234364 0.2703539 0.2644671 0.3162414 0.3829307 0.7754119 0.7044554 0.3753498 0.3720423 0.2143999 0.01951702 0.3728746 0.4958175 0.4936517 0.5326381 0.517997 0.08925278 0.6886081 0.0009026429 0.000529266 0.001052061 0.001364183 0.002096293 0.001612096 2.004902 3.445877 0.00840652 0.001003506 0.004021507 0.001734698 0.007621563 0.000785387 0.007570535 0.005660012 0.0009636504 0.003369219 0.00666939 0.007947279 0.009442788
98 0.03193113 0.03198989 0.1756535 0.2204386 0.3771704 0.3730924 0.2740498 0.2685841 0.2662432 0.2877674 0.8730485 0.9045084 0.3694701 0.4125941 0.2660943 0.3074977 0.4364021 0.9774763 0.9514728 0.7359623 0.3878442 0.4159 0.4203176 0.0009670783 0.0005534001 0.0009741961 0.001209254 0.00157148 0.001899182 0.9018163 7.58445 0.03406653 0.002520173 0.005030784 0.002156351 0.009100168 0.003629051 0.009289437 0.007738306 0.002184601 0.004069293 0.00791592 0.0112886 0.01243353
99 0.02386156 0.03128763 0.1640788 0.1492178 0.3008574 0.2457949 0.2470583 0.2053662 0.2214266 0.2301118 0.750149 0.7719851 0.4688478 0.4906304 0.2288941 0.03051406 0.1369762 0.7899385 0.03452721 0.5374787 0.5294916 0.3012522 0.2258309 0.0008803723 0.0004630022 0.00114413 0.001095768 0.001229221 0.001338352 0.008472824 3.605928 4.154087 0.001246858 0.004071814 0.001751047 0.007331771 0.001246751 0.007392184 0.005358565 0.000926412 0.003125285 0.006352948 0.007370026 0.009228461
100 0.03019073 0.03028475 0.2091296 0.2017048 0.3731143 0.4001507 0.4020542 0.3494428 0.2450736 0.2450565 0.5919827 0.6130101 0.4116508 0.3838734 0.3887015 0.1636424 0.3775092 1.046748 0.09850492 0.7616907 0.8552977 0.8897081 0.6116912 0.0009205111 0.0005993592 0.00114088 0.001374796 0.002037883 0.00202737 1.85482 2.47706 0.008525668 0.0009445071 0.004676326 0.001955784 0.008601908 0.001933402 0.008696635 0.006303033 0.001157868 0.00371333 0.007355704 0.00912963 0.01106799
