1 0.01294279 0.01296588 0.07282472 0.08197861 0.1304374 0.1128814 0.1030098 0.107081 0.1278629 0.1339987 0.2829854 0.2856599 0.1513573 0.1617729 0.1117446 0.02916977 0.1348126 0.2997702 0.01462334 0.1900609 0.132184 0.04335448 0.09376237 0.0003317721 0.0002052711 0.0003774747 0.0005619467 0.0005767133 0.0008032709 0.9105859 1.226366 0.003253244 0.0004486655 0.001869286 0.0007289936 0.003437497 0.0003566182 0.003354886 0.002541723 0.0004673095 0.00137875 0.002938984 0.003576389 0.004245917
2 0.01315916 0.01318593 0.07435447 0.08190462 0.1545609 0.1469568 0.08662865 0.08542063 0.1401804 0.1497949 0.3013863 0.3000693 0.1483173 0.146455 0.1313424 0.01211989 0.1499197 0.4433 0.07846762 0.4178255 0.1044248 0.03752009 0.08407427 0.0003286917 0.0002249273 0.0004069116 0.000602928 0.0005167941 0.0008447474 0.7456531 1.074069 0.003176951 0.0004944634 0.001887852 0.000738349 0.003486948 0.0005341313 0.003413537 0.002619508 0.0005322063 0.001404548 0.002998493 0.003740271 0.004381926
3 0.01308098 0.01316009 0.07004465 0.08129546 0.1440952 0.1345695 0.1185224 0.1153152 0.1183262 0.1307338 0.3214484 0.3004256 0.1460552 0.1442419 0.1146326 0.02483665 0.1490876 0.3323087 0.04821068 0.2969388 0.1660868 0.1172657 0.1091001 0.0003668502 0.0002406693 0.0004778885 0.0006139687 0.0005777928 0.0009060587 0.6925018 1.086393 0.003221354 0.0004707268 0.00187357 0.0007481839 0.003470035 0.0004691282 0.003421049 0.002472347 0.0003992518 0.001379486 0.002964264 0.003509665 0.004337893
4 0.0131636 0.01319448 0.08617384 0.09183137 0.1609393 0.1407755 0.1430453 0.1427639 0.1400034 0.1427667 0.303747 0.299691 0.1515335 0.1453076 0.1601511 0.0367513 0.1653566 0.3594316 0.0526721 0.2589199 0.2531898 0.209154 0.160786 0.0003876523 0.0002273115 0.0003672402 0.0005805515 0.0006451721 0.000669331 0.7995982 1.265751 0.003241751 0.0007572136 0.001964093 0.0007419951 0.003556015 0.001009477 0.003491598 0.002669114 0.000515446 0.001409358 0.003091865 0.00380594 0.004506618
5 0.01312978 0.0131303 0.07643962 0.08835128 0.1310069 0.1201041 0.1142843 0.1145732 0.127475 0.1361035 0.2872372 0.3059745 0.152641 0.1533925 0.113441 0.0126924 0.1610576 0.3314714 0.02877899 0.1844874 0.176974 0.1055537 0.1848853 0.0003261133 0.0002401336 0.0003726826 0.0006840168 0.0006707021 0.0009339484 1.135588 1.165517 0.003254304 0.0005055017 0.001901632 0.0007429394 0.003529185 0.0005814191 0.003455297 0.002596164 0.0003744015 0.001427044 0.003024749 0.003640323 0.004426898
6 0.01328961 0.01315908 0.0705109 0.07614594 0.1376715 0.1303749 0.1296024 0.132604 0.1351989 0.1371566 0.2896021 0.2778233 0.1554389 0.1482277 0.1021724 0.003885941 0.1619424 0.3176393 0.01783509 0.2949179 0.1940651 0.1028523 0.2264559 0.0003064938 0.0002089874 0.0003816241 0.0005711675 0.0005544005 0.0006662097 0.6299675 1.787031 0.003167299 0.0004785945 0.001978108 0.0007741191 0.003635949 0.0004635594 0.003537587 0.002550598 0.0003915258 0.001394246 0.003110821 0.003657759 0.004507777
7 0.0130047 0.01311855 0.07002097 0.07486322 0.1611565 0.1531578 0.1153527 0.1203728 0.1314627 0.1374649 0.3019432 0.2845465 0.1553432 0.1599604 0.1114333 0.00836425 0.1000215 0.439829 0.1393087 0.3726213 0.1867486 0.1015521 0.223088 0.0003728541 0.0002482638 0.0003696923 0.0006811233 0.0006325201 0.001039783 0.9411985 2.312976 0.003233384 0.0005346153 0.001927076 0.0007702632 0.003565361 0.000593591 0.0035115 0.002532087 0.0004386291 0.00140815 0.003060117 0.003618558 0.004454076
8 0.01315898 0.01324675 0.08500023 0.09122214 0.1559361 0.1486262 0.1065541 0.1140873 0.1446426 0.137256 0.2727471 0.2630326 0.1488754 0.1481341 0.1552706 0.03376331 0.1721444 0.3036207 0.2416718 0.298361 0.1482345 0.09464616 0.1707546 0.0003257137 0.0002345532 0.0003809532 0.0005362633 0.0005848535 0.0007689346 0.6960949 1.59866 0.00320135 0.0007193045 0.001980336 0.0008380916 0.003685568 0.0007877807 0.003623707 0.002831669 0.0007471431 0.001585489 0.003178418 0.004128375 0.004689815
9 0.01309251 0.01306837 0.06742624 0.08403043 0.1532139 0.15531 0.1259917 0.130348 0.1288334 0.1460574 0.3050492 0.3155146 0.1684071 0.1628249 0.09413121 0.01422039 0.1917797 0.3529718 0.02391995 0.3066986 0.2180996 0.1116 0.2491167 0.0003765266 0.0002751607 0.0003619058 0.0005993354 0.0007818925 0.0009413294 0.8942647 1.256687 0.003217287 0.000535284 0.001872687 0.0007263736 0.003454504 0.0003685508 0.003385977 0.002524981 0.0004189401 0.00137564 0.002965322 0.003571369 0.004296099
10 0.0130014 0.01296356 0.0742878 0.08516697 0.131233 0.1259803 0.1100011 0.09537733 0.1258085 0.1251122 0.2700154 0.2670992 0.1657192 0.1599814 0.1221973 0.01703476 0.1626216 0.3948919 0.0427244 0.3398001 0.1355142 0.004131372 0.02029435 0.0003149486 0.0002059228 0.0003952478 0.0006057374 0.0004514043 0.0008611611 0.5559477 1.807075 0.003262664 0.0004489747 0.001914786 0.0007376827 0.003559785 0.0003310349 0.003508865 0.002602821 0.0004047571 0.001392411 0.003053492 0.003682502 0.004477093
11 0.01323345 0.01330781 0.06757346 0.08018882 0.1389095 0.1334596 0.1052702 0.09887964 0.1306912 0.1287809 0.29041 0.2908849 0.1526197 0.1516002 0.1251643 0.008229328 0.1621142 0.3143042 0.07908729 0.2733198 0.173082 0.09150821 0.1528341 0.000378132 0.0002647772 0.0003826811 0.0007309966 0.0007006314 0.001080423 0.9893432 1.494381 0.00321817 0.0005628726 0.001892725 0.0007375617 0.003489212 0.0006181152 0.003448657 0.002555868 0.0004264377 0.001413585 0.002993791 0.003662771 0.004364117
12 0.01313287 0.01323012 0.07884705 0.08799424 0.1385058 0.1361854 0.118089 0.1165631 0.1351502 0.1438811 0.2808225 0.2735887 0.1565571 0.1513364 0.1382597 0.02040704 0.176999 0.3394142 0.01771968 0.3091432 0.1825812 0.1044105 0.1499297 0.0003996934 0.0002354806 0.0003765666 0.0005806327 0.0006573675 0.0007841052 0.8214872 1.417592 0.00321338 0.0004743788 0.002043325 0.0007862904 0.003764689 0.0005227417 0.003649215 0.002676777 0.0004470129 0.001471915 0.003224569 0.003786553 0.004608657
13 0.01318436 0.01321503 0.07064678 0.07972538 0.1642048 0.1461658 0.1267505 0.1248071 0.1386043 0.1428699 0.2918161 0.2959726 0.1486732 0.1528982 0.1308586 0.0162748 0.1550089 0.4303371 0.1756459 0.3077865 0.2004506 0.1071022 0.1983853 0.0003436924 0.0002814164 0.000375196 0.0006696277 0.0006674826 0.0008742675 0.6410164 1.722329 0.003268633 0.0005878769 0.002030755 0.0008054401 0.003736724 0.0006643492 0.003642613 0.002699419 0.0004719137 0.001492497 0.003196194 0.003822786 0.004613353
14 0.01323256 0.01328846 0.07535672 0.07932897 0.1271233 0.124682 0.1236622 0.1244516 0.1248624 0.1293857 0.3009105 0.2942353 0.1445292 0.1442332 0.1248817 0.03220638 0.1389171 0.3032986 0.06721376 0.2855423 0.1916782 0.1588349 0.2019053 0.0003528908 0.0002573217 0.0004104095 0.0007169143 0.0006273549 0.0008890081 0.7354858 1.25421 0.003183009 0.0005999401 0.001895508 0.0007497983 0.00349225 0.0007163987 0.003460072 0.00262555 0.0004548561 0.001425153 0.003004104 0.003660774 0.004416707
15 0.01309277 0.0132077 0.06223652 0.07351938 0.1450268 0.1347122 0.1281023 0.1243837 0.1206163 0.1326692 0.2942586 0.2958574 0.1570743 0.1521707 0.0722848 0.01080601 0.1679224 0.3505933 0.02014493 0.2532211 0.2357697 0.1541511 0.1631011 0.000348242 0.0002062355 0.000391344 0.0004954826 0.0006763441 0.0007199438 0.8519615 1.232864 0.003208024 0.0005091499 0.001926241 0.000762437 0.003540821 0.0005098068 0.003501161 0.002606491 0.0004187737 0.001411674 0.003037811 0.003657475 0.004456535
16 0.0131601 0.01324107 0.0701374 0.07858846 0.1311675 0.1197211 0.1160596 0.1126525 0.1298333 0.1327907 0.298724 0.2798434 0.1471489 0.1495896 0.1068471 0.01503716 0.1680708 0.3324454 0.03238456 0.2387843 0.1442306 0.0450026 0.0800473 0.0003285583 0.0002266168 0.0003413477 0.000575354 0.0006582539 0.0008246295 0.9626588 1.197785 0.003195278 0.0005205891 0.001873293 0.0007516362 0.003460499 0.0004755326 0.003403046 0.002510743 0.0004082282 0.001397061 0.002959163 0.003561048 0.004302606
17 0.01302666 0.01302867 0.08608231 0.08494932 0.1392568 0.1389973 0.1106503 0.1149742 0.1299326 0.1288772 0.3054877 0.2820422 0.1526558 0.1487205 0.1291319 0.02680297 0.1418535 0.3203056 0.04830064 0.3009749 0.1669651 0.1288873 0.2043688 0.000378863 0.0002505529 0.0004412258 0.0005811903 0.0007849038 0.0007980053 1.00886 2.127293 0.003272219 0.0006689657 0.001972122 0.0007823406 0.00363977 0.0006900868 0.003536167 0.002708548 0.0005206767 0.001469566 0.00316262 0.003873674 0.004507331
18 0.01313062 0.01319151 0.08378419 0.08604042 0.1418193 0.1380864 0.1099345 0.1065352 0.1351103 0.1342279 0.3394353 0.3478263 0.1539098 0.1523233 0.1456402 0.0325767 0.170188 0.3743256 0.05327656 0.339634 0.1598745 0.07374239 0.1035713 0.0003281588 0.0002053083 0.0005123946 0.0005421801 0.0005708426 0.0006840087 0.9881067 1.100032 0.003178905 0.000711647 0.001933472 0.0007529028 0.003525762 0.0008952064 0.003493089 0.002622532 0.0004600992 0.001463863 0.003030655 0.003710741 0.004500096
19 0.01330876 0.01322336 0.07533605 0.07917866 0.1398802 0.1370888 0.1110586 0.1068428 0.135356 0.1491852 0.27895 0.2801955 0.152065 0.1405887 0.1572741 0.01471721 0.154759 0.3081329 0.04299366 0.2475435 0.1642833 0.09095204 0.140878 0.0003112775 0.0002008449 0.0003154838 0.000551187 0.0005266983 0.0007579499 0.6147575 1.615186 0.00320115 0.0006086569 0.001945929 0.0007664233 0.003569397 0.0007450137 0.003494052 0.002524088 0.0004116682 0.00143497 0.003051565 0.003562542 0.004392543
20 0.01337486 0.0132379 0.08127554 0.08177065 0.1375839 0.1373487 0.1218342 0.1214008 0.126828 0.1383379 0.2727259 0.2674123 0.1706668 0.155766 0.1201758 0.01052317 0.1608206 0.2695597 0.06387092 0.3063974 0.2001385 0.08196218 0.2276537 0.0003173121 0.0002370647 0.0004793209 0.0005801988 0.0005407686 0.0008434527 0.8383014 1.745326 0.003169692 0.0005235577 0.001883574 0.0007445921 0.003501414 0.0005541361 0.003419527 0.002565926 0.0004781749 0.001422309 0.002993148 0.003612493 0.004351708
21 0.01325885 0.01329199 0.07209636 0.08823854 0.1572994 0.1528283 0.1079378 0.1121525 0.1357447 0.1366312 0.2983285 0.3022979 0.1448905 0.1495613 0.08874443 0.01651911 0.1812013 0.2787433 0.03157933 0.2836368 0.1257915 0.08435476 0.2133571 0.0003751343 0.0002139511 0.0003899795 0.0005542659 0.0006454257 0.0007751645 0.8880046 2.268818 0.003179776 0.0005803486 0.001928305 0.0007576957 0.003549982 0.0005803871 0.003507802 0.002643117 0.0004507981 0.00150873 0.00304702 0.003829673 0.004528289
22 0.01310282 0.01318888 0.07019689 0.08761381 0.1647112 0.1605186 0.1318455 0.1321039 0.1393074 0.1406828 0.3109112 0.3043645 0.1584411 0.1582009 0.1009227 0.01303997 0.2128332 0.3808713 0.1161463 0.328824 0.1942104 0.1713559 0.2047727 0.000324225 0.0002223066 0.0003931685 0.000600377 0.0006630693 0.0009086949 1.123137 3.015313 0.003262405 0.0005364934 0.001991749 0.0007901799 0.003709584 0.0005910012 0.003644961 0.002746618 0.0005166203 0.001441431 0.003218584 0.003914203 0.004621917
23 0.01339911 0.01332558 0.07868015 0.08296501 0.1346364 0.1261691 0.1250259 0.1205116 0.1327558 0.1454893 0.3334551 0.3037732 0.1566787 0.1419689 0.1298179 0.01007371 0.1772342 0.3001797 0.02022242 0.2046259 0.2439651 0.1680483 0.2113799 0.0003922817 0.0002317755 0.0003802818 0.0006612575 0.0006029142 0.0007668144 0.6843698 1.257887 0.003197755 0.0005479668 0.002036118 0.0007568367 0.003777733 0.0004605048 0.003682413 0.002666652 0.0004160888 0.001428662 0.003248279 0.003761852 0.004624784
24 0.01331984 0.01316446 0.07547667 0.08971406 0.1269703 0.1140426 0.1109761 0.1079371 0.1574182 0.1611904 0.2864108 0.2840232 0.1577469 0.1523547 0.1010944 0.008636287 0.1757454 0.3299975 0.03377988 0.2011028 0.1878163 0.1078146 0.1711297 0.0003193593 0.0002210998 0.0004401505 0.0005699904 0.0006118405 0.0007719513 0.9849077 1.523243 0.00321745 0.0004555915 0.001930562 0.0007619315 0.003558592 0.0003536921 0.003481975 0.002522673 0.0004155425 0.00140805 0.00303133 0.003625098 0.00441702
25 0.01321679 0.01319907 0.07673174 0.0876934 0.1430097 0.1301545 0.1231076 0.1172991 0.1289885 0.1459132 0.2789414 0.2624719 0.1536199 0.1561769 0.1177741 0.0187714 0.1672098 0.3375905 0.05818129 0.2321322 0.2045065 0.1560389 0.172566 0.0003566992 0.0002406389 0.0004144587 0.0006697499 0.0005854029 0.0008432562 0.6473743 1.29838 0.003201978 0.0005820894 0.001917338 0.0007400878 0.003543484 0.0007409577 0.003499917 0.002557219 0.0004194022 0.001365616 0.003051117 0.003605017 0.004419583
26 0.01309398 0.01313656 0.08576532 0.08811418 0.1375372 0.1377192 0.147971 0.1309011 0.1393494 0.1320609 0.2945213 0.3042747 0.1550829 0.1464507 0.1348755 0.02761308 0.1531779 0.296755 0.05753181 0.2970021 0.3102327 0.2708237 0.1884596 0.0003610619 0.0002565819 0.0004292757 0.0007306134 0.0007347282 0.0009545114 0.6939125 1.069373 0.003164477 0.0007553566 0.001961665 0.000787325 0.00354711 0.0009658514 0.003494626 0.002670785 0.0004332829 0.001504332 0.003074722 0.003798155 0.004502534
27 0.01318237 0.01307053 0.08358775 0.08674397 0.1709769 0.1606717 0.124423 0.1225634 0.1449668 0.1514654 0.3376588 0.3194763 0.1637902 0.1673987 0.1050902 0.02054281 0.1787618 0.4113805 0.07755585 0.3812787 0.154215 0.1194698 0.1545434 0.0004272062 0.0002364601 0.0003583141 0.0005195347 0.0007244985 0.0008107779 0.6770194 1.217385 0.003250481 0.0005428341 0.001922426 0.0007470006 0.003567958 0.0005084747 0.003492431 0.002612494 0.0004858243 0.001428447 0.003058792 0.003713467 0.004485242
28 0.01320474 0.01311803 0.07407022 0.08165777 0.1393053 0.1395827 0.1177559 0.1108954 0.1466266 0.1373061 0.2937132 0.3016582 0.1598572 0.1575669 0.1066306 0.01277153 0.1544522 0.3823915 0.08305447 0.3543906 0.1364658 0.05583097 0.05197936 0.0003116866 0.0002108073 0.0003945281 0.0005744507 0.0006079907 0.0008389167 0.6648874 2.220175 0.003171037 0.0006054785 0.001946474 0.0007754189 0.003601242 0.000676056 0.003565887 0.00257665 0.0004474896 0.00143006 0.003097191 0.003641372 0.004517986
29 0.01314168 0.01323302 0.06854617 0.07960135 0.1619393 0.1643463 0.1161964 0.1141605 0.1357366 0.1394251 0.3076949 0.3233095 0.149576 0.1527461 0.09458836 0.006583466 0.1278247 0.2666731 0.06621166 0.2962643 0.1679613 0.0739721 0.1328875 0.0003668954 0.0002459477 0.0003777915 0.0006073171 0.0007376753 0.0009154612 0.6610231 1.381993 0.003194205 0.000440913 0.001924243 0.0007710231 0.00357313 0.0003452018 0.003500926 0.002516239 0.0003935229 0.001439378 0.003053245 0.003614896 0.004404685
30 0.0130284 0.01309801 0.08230335 0.08740467 0.1415395 0.1203098 0.1325787 0.1345623 0.1348952 0.1383555 0.3022741 0.2997165 0.1620117 0.1513906 0.1297102 0.03639086 0.1471 0.3324114 0.02333651 0.1795257 0.1980952 0.1708794 0.1999006 0.0003567803 0.0002168591 0.0004441421 0.0005193895 0.0006405813 0.0007665389 0.7463304 1.363867 0.0032295 0.000474826 0.001896414 0.0007420529 0.003493432 0.000490987 0.003473992 0.002492714 0.0004347071 0.001425819 0.002992006 0.003545946 0.004415295
31 0.0130948 0.01306974 0.07837688 0.09137404 0.1443597 0.1337418 0.1203133 0.1127435 0.137886 0.1421042 0.2971268 0.3015614 0.1645682 0.1583847 0.1024526 0.01539716 0.1644676 0.3168607 0.03611988 0.2470757 0.1929118 0.1253735 0.1349111 0.0004561391 0.0002435007 0.0003757967 0.0006057777 0.0006577371 0.0009304529 1.289179 2.06969 0.00322452 0.000562412 0.00197312 0.0007547306 0.003626667 0.0006382939 0.003571491 0.002614469 0.0004245615 0.001463557 0.003133064 0.003710061 0.004530161
32 0.01301317 0.01301333 0.07260593 0.08064379 0.1486299 0.1444822 0.1160551 0.113463 0.1272335 0.1447232 0.2987802 0.3008328 0.157844 0.1529011 0.109947 0.01586829 0.1379577 0.3215471 0.09894664 0.3361926 0.1905605 0.1359888 0.1537936 0.0003160385 0.0002146086 0.0004411906 0.0005653716 0.0006058131 0.0007411895 0.7050007 1.313663 0.003263791 0.0006753928 0.00185024 0.0007447049 0.003373682 0.0008595064 0.00328595 0.002479731 0.0004560002 0.001398883 0.002888098 0.003543083 0.004193588
33 0.01329424 0.01317759 0.06858562 0.07799388 0.1496986 0.142747 0.1057344 0.1118337 0.1376083 0.1387903 0.3070677 0.2962027 0.1558377 0.1630066 0.0987355 0.006128321 0.142145 0.3189619 0.05489003 0.3029512 0.1727088 0.09671647 0.1934239 0.0003811482 0.0002047944 0.0003353862 0.0005395462 0.0006056734 0.0006866129 0.9730464 1.36687 0.003202451 0.0004335755 0.001801655 0.0007213171 0.00332477 0.0003869352 0.00329101 0.002383971 0.0003600553 0.001363645 0.002847525 0.003394153 0.00418631
34 0.0131306 0.01321352 0.06885836 0.08255118 0.1621949 0.1605032 0.1092579 0.1007333 0.121332 0.1286935 0.3246071 0.3325282 0.1460186 0.1415435 0.09064475 0.01502069 0.1614684 0.2907492 0.01853462 0.2887089 0.1520128 0.03076868 0.1026028 0.0003403565 0.0002203972 0.0003783404 0.0005719203 0.0006368256 0.0008286437 1.158284 1.732967 0.003250264 0.0003935833 0.001944174 0.0007400649 0.003581134 0.0002717507 0.003493896 0.002588961 0.0004552477 0.001408378 0.003061269 0.003712654 0.004379978
35 0.01321214 0.01314171 0.07436253 0.08342396 0.1441901 0.1407987 0.1116257 0.1064316 0.1316212 0.1416696 0.2934542 0.2761393 0.1707768 0.1639263 0.1197077 0.03111398 0.1488372 0.2979001 0.05536728 0.2394994 0.1492638 0.07020321 0.0805731 0.0003087298 0.0002108233 0.0003987917 0.0005490384 0.0005839085 0.0007262002 0.66937 1.463741 0.003227897 0.0005536607 0.001902599 0.0007444529 0.003518368 0.0006148455 0.003451666 0.002543612 0.0004507686 0.001425659 0.003008894 0.003638403 0.004397064
36 0.01307269 0.01313491 0.08328238 0.09309903 0.1496561 0.1325335 0.1093456 0.1127366 0.1324761 0.1356375 0.300079 0.2913135 0.1540449 0.1538072 0.1198016 0.02852009 0.1912421 0.3356879 0.09059965 0.2807152 0.1453231 0.06482824 0.1638492 0.000356155 0.0002645014 0.0003934434 0.0005787318 0.0007389129 0.0007631625 1.171218 1.961523 0.00326197 0.0006570054 0.001945466 0.0007721472 0.003547059 0.0007034956 0.003471968 0.002781428 0.0005835004 0.001473117 0.003054136 0.00396485 0.004503635
37 0.01303032 0.01296449 0.07074024 0.08218499 0.1501763 0.1466082 0.1301423 0.1316831 0.1300145 0.1424043 0.2853935 0.2750078 0.1579571 0.1583079 0.09961489 0.01307758 0.1536669 0.3269067 0.06787561 0.316022 0.2138574 0.1935437 0.2064479 0.0004455961 0.0002259274 0.0003924459 0.0006125077 0.0007121251 0.0009243965 0.676779 1.261629 0.003313948 0.0005546913 0.001869852 0.00073359 0.003431429 0.0007130035 0.003364658 0.002465155 0.0004209879 0.001378622 0.00294906 0.00352922 0.004235917
38 0.01326817 0.01324896 0.06985718 0.08241721 0.1355358 0.1274319 0.130054 0.1242748 0.1347592 0.1403413 0.3238795 0.3021512 0.1519562 0.1512204 0.1076607 0.01511454 0.1718927 0.3502831 0.01328576 0.3274389 0.176826 0.1078512 0.1796919 0.00032204 0.0002180051 0.0004311608 0.0005478726 0.0005814835 0.0007645724 0.9726216 1.555937 0.00313551 0.0005955569 0.001933435 0.0007286405 0.003531834 0.0008418126 0.003456324 0.002544662 0.0003786055 0.001378372 0.003044275 0.003587448 0.004348866
39 0.01317842 0.01319754 0.0818781 0.09737773 0.152519 0.1528314 0.1113585 0.1099837 0.1423435 0.1583611 0.3132984 0.316787 0.1694785 0.1639746 0.1348058 0.01413554 0.1964392 0.2731085 0.06083485 0.2765843 0.1545772 0.09672072 0.1766754 0.0003626416 0.0002255101 0.0004087191 0.0005135891 0.000675518 0.0007267216 0.7241025 1.581832 0.003220808 0.0005998439 0.001834844 0.0007342871 0.003353579 0.0006484757 0.00330523 0.002562775 0.0004357769 0.001392784 0.002903064 0.003639549 0.00430384
40 0.01317598 0.01310702 0.0746918 0.08725237 0.1276922 0.1257702 0.1066613 0.1058982 0.1277241 0.1468185 0.3125388 0.3087329 0.1672094 0.1660178 0.1121641 0.008237233 0.1527846 0.3051728 0.01530371 0.3075057 0.1342583 0.04331105 0.162481 0.0003275407 0.0002526086 0.0003882784 0.0005650162 0.000680453 0.0007767256 0.7949857 1.675972 0.003220094 0.0004284081 0.001838657 0.0007260212 0.003389179 0.0003340651 0.003304807 0.002446298 0.0003810658 0.001351514 0.002900656 0.003490189 0.004193281
41 0.01315987 0.01320061 0.07210779 0.08389425 0.1783691 0.1777173 0.125947 0.1304681 0.1375872 0.1473855 0.2961007 0.3047799 0.1464853 0.1519902 0.1039626 0.02098023 0.1654384 0.3373443 0.140292 0.3362525 0.2313507 0.2320943 0.2326213 0.0003717698 0.0002633306 0.0004429466 0.000626913 0.0007462519 0.0009962571 0.7401031 2.277647 0.00322802 0.0005803418 0.001906633 0.0007590844 0.003515148 0.0006386277 0.003434035 0.002662917 0.0005505174 0.001461298 0.003011925 0.003770319 0.004422071
42 0.01316385 0.01313261 0.06816254 0.08103331 0.1626713 0.1591892 0.1224834 0.1216436 0.151615 0.139809 0.3155258 0.3290912 0.1656959 0.1543899 0.09741038 0.01096301 0.1630149 0.3675423 0.2525062 0.3580732 0.1995364 0.1026844 0.1783753 0.0003569619 0.0002387927 0.0003909009 0.0005917541 0.0006156471 0.0008625047 1.16467 2.02547 0.003185178 0.0006475914 0.001926824 0.0007654085 0.003563755 0.0006700115 0.00352262 0.002568311 0.0004613777 0.00143804 0.003077748 0.00368198 0.004485415
43 0.01303169 0.01299762 0.07599708 0.08680498 0.1484191 0.1463413 0.1110587 0.1130525 0.1329722 0.1441172 0.279502 0.2779615 0.1530692 0.1546657 0.1280648 0.02072187 0.1888065 0.349781 0.231431 0.3463837 0.1608932 0.05235127 0.1409366 0.0003508428 0.0002348475 0.0004185183 0.0005726853 0.0006112161 0.0007564683 0.8490076 1.479041 0.003267755 0.0006328099 0.001932544 0.0007811236 0.003562411 0.0007061677 0.003477222 0.002641508 0.0004494054 0.001478359 0.003045497 0.003751888 0.00448471
44 0.01307557 0.01314171 0.07292457 0.08052179 0.1282889 0.1198608 0.09743868 0.1026033 0.137818 0.1308553 0.3049937 0.2975473 0.1556213 0.1525724 0.1077399 0.02315949 0.1568001 0.3019112 0.03309997 0.2930777 0.1235048 0.08160341 0.167344 0.0003484066 0.0002033191 0.0003591471 0.0004781094 0.0006401577 0.0006711885 0.5863892 1.374014 0.003262018 0.0004962333 0.001887021 0.0007445103 0.003483322 0.0005304654 0.003416932 0.002530801 0.0003961038 0.00142304 0.002968548 0.003594835 0.004327196
45 0.01321809 0.01323724 0.07547299 0.07603452 0.1529211 0.1504068 0.1153398 0.1073784 0.1252493 0.126472 0.293822 0.3083146 0.1601914 0.1536322 0.09406847 0.01318869 0.1321033 0.2667777 0.0204675 0.276405 0.1577429 0.05204231 0.1435985 0.0003303346 0.0002028016 0.0003751932 0.0005699051 0.0006371591 0.0009040667 0.8098575 1.887493 0.003214765 0.0004449021 0.00190782 0.0007563563 0.003543715 0.0003747976 0.003421892 0.002524389 0.0003697453 0.001408673 0.003018758 0.003546471 0.004380499
46 0.0130976 0.01305304 0.07548356 0.08156858 0.1438133 0.1413968 0.1147224 0.1137347 0.1356997 0.148011 0.2533345 0.2665217 0.1584308 0.1566495 0.1098094 0.009247155 0.1633634 0.3433273 0.1437238 0.3571299 0.1802889 0.1335959 0.1350437 0.0003810879 0.0002575229 0.0003866943 0.0005545702 0.0007835962 0.0007527607 0.5792969 1.330153 0.003277617 0.000611115 0.001874928 0.0007491308 0.003423676 0.0007050198 0.003386716 0.002549649 0.0004366222 0.001419038 0.002931084 0.0036367 0.004344639
47 0.01323456 0.01330096 0.07883144 0.08754099 0.161168 0.1640439 0.1056901 0.1043479 0.1345983 0.1302739 0.2824686 0.2889473 0.1572806 0.1587833 0.1242125 0.04445929 0.1813777 0.3401636 0.173921 0.3533039 0.1931669 0.1112932 0.1488053 0.0003641337 0.0002354609 0.0004196933 0.0006485559 0.0006288244 0.0008293318 1.065344 1.405145 0.003201678 0.0006961243 0.001973106 0.0007877698 0.003660819 0.0008149309 0.003589593 0.002719748 0.0005393555 0.001501596 0.003189441 0.003926628 0.004608714
48 0.01303279 0.01311671 0.07658128 0.07773226 0.1637665 0.1491475 0.146443 0.1411604 0.1378153 0.1437589 0.2863561 0.289961 0.1635611 0.162876 0.1304255 0.01105156 0.1420101 0.3658685 0.04859852 0.3435361 0.175307 0.07326581 0.1450555 0.0003593735 0.0002251878 0.0004166666 0.0006113165 0.0006841517 0.0009117901 0.9165994 1.511072 0.003225257 0.0004599398 0.001891027 0.0007298577 0.003511036 0.000434888 0.00344727 0.002552896 0.0004098951 0.001390393 0.002999418 0.003618011 0.004401974
49 0.01331773 0.01335164 0.07297427 0.08339482 0.1423723 0.1363289 0.09811784 0.097519 0.1444991 0.1522493 0.2788005 0.2668648 0.1475783 0.1499762 0.1096217 0.0142667 0.2017677 0.3208281 0.06652572 0.3125245 0.1777441 0.08714952 0.1545954 0.0003423748 0.0002188387 0.0003482802 0.0005341645 0.0005471266 0.0008154267 0.9252269 1.854997 0.003183314 0.0004910616 0.001917002 0.0007215708 0.003559058 0.000460434 0.003463777 0.002572239 0.0004614252 0.001380071 0.003049904 0.003694355 0.00441018
50 0.01309601 0.013127 0.07312889 0.0877139 0.1309765 0.1210835 0.1275556 0.1327086 0.1365967 0.1628298 0.2863016 0.2732915 0.1590917 0.1539395 0.1264113 0.01753257 0.1509523 0.3402978 0.0678807 0.2686817 0.1746916 0.1739061 0.2699709 0.0003982897 0.000221323 0.0004404342 0.0005224661 0.0006826068 0.0006965397 0.7581826 1.897332 0.003214918 0.0005224783 0.001907725 0.000779007 0.003517936 0.0005648711 0.003459952 0.002590167 0.000483213 0.001463803 0.003011984 0.003688607 0.004379988
51 0.0130965 0.01322547 0.06589251 0.08101132 0.1551911 0.1362495 0.1075918 0.1091621 0.1146245 0.1237629 0.2895629 0.2694224 0.150215 0.1485519 0.09324106 0.01969916 0.1397281 0.3803442 0.09931053 0.2124822 0.1769495 0.07428334 0.1985136 0.000316511 0.0002223032 0.0005024009 0.0005861383 0.0005841526 0.0008052685 0.9495563 1.102304 0.003187399 0.0007321501 0.001915276 0.0007883505 0.003486137 0.0009094315 0.003424725 0.002571732 0.0004311201 0.001470654 0.003000275 0.003652265 0.004422054
52 0.01323244 0.01314568 0.08439351 0.09316128 0.1182781 0.1183424 0.1263552 0.1261477 0.1351039 0.1390817 0.2928279 0.2795619 0.1494832 0.1537102 0.1165435 0.01803525 0.1858038 0.303105 0.01478024 0.2652233 0.1572828 0.02651181 0.1624568 0.0003719385 0.0002371438 0.0004286689 0.0006136903 0.0006874876 0.0008469263 0.8471826 1.663733 0.003207482 0.0003903359 0.001921728 0.0007595216 0.003578888 0.0002616638 0.003497441 0.002542075 0.0003825033 0.001442722 0.00307591 0.00361319 0.004377907
53 0.01318015 0.01317529 0.07671796 0.08746282 0.1470194 0.140717 0.1194556 0.1244835 0.1378641 0.1557171 0.3282005 0.3097118 0.1545737 0.1534618 0.1448538 0.04078309 0.1666377 0.2827033 0.07923109 0.2174797 0.1407366 0.08930276 0.1610729 0.0003826061 0.0002204307 0.0003648881 0.0005692778 0.0006646006 0.0009498462 0.7364961 1.749291 0.00320704 0.0006933665 0.001877172 0.0007413084 0.003463734 0.0008467212 0.003410585 0.002572993 0.0004394729 0.001407236 0.002986646 0.00362048 0.00435328
54 0.01303149 0.01321979 0.07792078 0.0822312 0.1312608 0.1281555 0.1380247 0.1354783 0.1265909 0.140042 0.2930233 0.2731867 0.1562426 0.1578572 0.1530148 0.05900001 0.1576247 0.3505898 0.01424212 0.2800548 0.2040375 0.07831788 0.215142 0.0003255722 0.0002162958 0.0003814029 0.0005024131 0.0006526658 0.0007082259 0.9389314 1.44079 0.003236604 0.0004273626 0.001884961 0.0007575451 0.003483145 0.0003170597 0.003412936 0.002555183 0.0004572497 0.001434108 0.002988393 0.003630315 0.004318506
55 0.01310608 0.01309501 0.07943173 0.0829005 0.1305428 0.1334966 0.1024394 0.1043467 0.12653 0.135129 0.2777543 0.2837391 0.1629208 0.1629142 0.1182009 0.01879087 0.1451508 0.3718718 0.03628323 0.3912803 0.166153 0.06912902 0.2126865 0.0003491819 0.0002518437 0.0003567847 0.0006387407 0.0006044972 0.0009067622 0.7498167 1.568756 0.003245605 0.0004678051 0.001828991 0.0007297406 0.00338838 0.0004786213 0.003319901 0.002472095 0.0003944667 0.001364107 0.002897746 0.003480332 0.004269354
56 0.01319727 0.01321677 0.07740956 0.07874261 0.1814029 0.1678786 0.1211751 0.1183595 0.1176314 0.125216 0.2880118 0.2897767 0.1514055 0.147075 0.1013026 0.01145831 0.1152411 0.385936 0.06874238 0.3137113 0.1611002 0.09818614 0.1614306 0.0003244006 0.0002203355 0.0003927983 0.0006254833 0.0005787668 0.0009166478 0.4983356 1.578835 0.003194981 0.000690485 0.001956248 0.0007778133 0.003606149 0.0007463257 0.003567435 0.00266164 0.0005123253 0.001449302 0.003108668 0.003815835 0.004576932
57 0.01307235 0.01310207 0.08012413 0.08716417 0.1337009 0.1204624 0.1162828 0.1154209 0.1488339 0.1350473 0.2809701 0.2772852 0.1598664 0.1580202 0.1038425 0.01437651 0.1830451 0.323795 0.03519908 0.2385015 0.1359555 0.1125309 0.2102009 0.0003936897 0.0002590214 0.0003672067 0.0006187296 0.0007579076 0.0007840725 0.7739502 1.821417 0.003301185 0.0005649795 0.00195556 0.0007556913 0.003594829 0.0005037853 0.003498101 0.002584321 0.0003990841 0.001388622 0.00307298 0.003636192 0.00442293
58 0.01309464 0.01314238 0.06778667 0.0805531 0.1610966 0.1563108 0.1114715 0.1136409 0.1409045 0.1370153 0.2772755 0.2715257 0.1534625 0.1519483 0.09362084 0.01782586 0.1727701 0.289658 0.1277484 0.2848776 0.1324306 0.08827519 0.164183 0.0003836711 0.0002455469 0.000365582 0.0006921362 0.0006360199 0.001015301 0.9114069 1.064363 0.003197541 0.0006555011 0.001952034 0.0007679074 0.003605356 0.0007649576 0.003550649 0.002681032 0.0005529512 0.001459834 0.003109031 0.003814284 0.004529498
59 0.01315464 0.01323627 0.07442315 0.08320877 0.1314541 0.1325921 0.1227066 0.1296326 0.1461162 0.1439465 0.3038127 0.3079257 0.1400567 0.1446726 0.1243082 0.03201189 0.1984813 0.2671882 0.08134898 0.2333659 0.1355523 0.1887824 0.2261153 0.0003853634 0.0002324304 0.0003725803 0.0005783665 0.0006826231 0.0008216002 0.7886695 1.30031 0.003212584 0.0006363384 0.001920259 0.0007753209 0.003513241 0.0006790475 0.00345779 0.002693746 0.0006139011 0.001467129 0.002997779 0.003805608 0.004454723
60 0.01321917 0.01316628 0.07709754 0.08682815 0.1367735 0.1405823 0.1148931 0.1252169 0.1485497 0.1403185 0.3018242 0.290442 0.1537929 0.152545 0.1253828 0.02566735 0.1493619 0.2391638 0.06828673 0.2755808 0.2127541 0.1524682 0.2454703 0.0004297502 0.0002279582 0.0003846531 0.0005147832 0.000731193 0.0006640593 0.6895239 0.9794636 0.003201068 0.0006620118 0.001888961 0.0007532225 0.003459586 0.0008065247 0.003383754 0.002537865 0.0003853952 0.00141737 0.002981653 0.003638584 0.004357218
61 0.01314474 0.0131505 0.08857273 0.1015949 0.177097 0.1710947 0.1156294 0.1148017 0.1460339 0.1599833 0.3203731 0.3073068 0.1585117 0.1534019 0.1477647 0.05676817 0.1550013 0.4551135 0.1557842 0.4376499 0.2130952 0.1576644 0.1721132 0.0003760309 0.0002467701 0.0004801447 0.0006280556 0.0006775965 0.0009254757 0.6215549 2.419136 0.003213359 0.0006869933 0.001996986 0.0008219455 0.003705483 0.0007671995 0.003662651 0.002709357 0.0005018243 0.001494853 0.003189576 0.003821396 0.00464603
62 0.01327951 0.01319945 0.07911906 0.0833083 0.1480687 0.1457645 0.1148803 0.1232579 0.1338879 0.1533457 0.2597256 0.2545676 0.1453821 0.1500648 0.1412795 0.03516174 0.1302799 0.328654 0.09640455 0.3051409 0.1530456 0.1511435 0.2255389 0.0003650714 0.0002136255 0.0004800946 0.0005740447 0.0005880411 0.0007764501 0.8369716 0.9069458 0.003153401 0.0005862972 0.001931715 0.0007670785 0.003556893 0.0007055429 0.003501827 0.002687539 0.0005377276 0.001454117 0.003072287 0.003820776 0.004472064
63 0.013146 0.01320057 0.07131937 0.08404801 0.1352269 0.1322969 0.1080033 0.1078399 0.1378825 0.134533 0.2939966 0.2775104 0.1531417 0.1548761 0.1086503 0.01909458 0.1659253 0.2837132 0.04335479 0.2850988 0.1398573 0.0356333 0.1374231 0.0003669028 0.0002420645 0.0003618524 0.0006918924 0.0006282149 0.0009451029 0.7339723 1.54698 0.00323159 0.000431089 0.001969611 0.0007767737 0.003673008 0.0004409159 0.003578283 0.002669527 0.0004059302 0.001425295 0.003140111 0.003797774 0.004579047
64 0.01320409 0.01332182 0.08180236 0.09059737 0.151467 0.1439179 0.1343661 0.128029 0.1650812 0.1610778 0.3086435 0.3051797 0.1635178 0.1593028 0.121963 0.04308756 0.182248 0.4402719 0.03980038 0.4196415 0.2032728 0.162881 0.1841491 0.0003722753 0.0002322037 0.0003918679 0.0006516425 0.0006178631 0.000810014 0.9087074 1.798695 0.003198203 0.0007536407 0.002022705 0.0008282364 0.003655821 0.0009961481 0.003604275 0.002723943 0.0004393212 0.001506433 0.003161436 0.003816059 0.004631238
65 0.01305085 0.01309843 0.06712732 0.07984045 0.1280329 0.1214958 0.1092474 0.1147822 0.1296536 0.1400197 0.2773945 0.2759351 0.1437793 0.1459093 0.06335137 0.004577829 0.17106 0.332399 0.02690311 0.3378793 0.1690596 0.08887916 0.1749282 0.0003739677 0.0002122049 0.0003325564 0.0005980329 0.0006654064 0.0006781438 1.010025 1.89256 0.003216878 0.0004829984 0.001822793 0.0007402536 0.003386515 0.0004937953 0.003311475 0.002451402 0.0003483793 0.001395203 0.002904665 0.003485135 0.004225558
66 0.01304158 0.01298068 0.07109466 0.08320167 0.1464402 0.1445717 0.1152961 0.1093244 0.1494426 0.1471718 0.291141 0.2870131 0.1512609 0.1533674 0.1028858 0.01023234 0.1437974 0.3318949 0.07224265 0.3350265 0.1881949 0.1168814 0.1123884 0.0003692103 0.0002336951 0.0004404992 0.0005660987 0.0006891471 0.0007159595 0.6387876 2.26904 0.003252659 0.000650151 0.001879359 0.000748085 0.003424769 0.0007448858 0.003386449 0.002693661 0.000553576 0.001477644 0.002977941 0.003885943 0.004424716
67 0.01323146 0.01312593 0.07418309 0.0863801 0.1374839 0.1373077 0.1212776 0.1185386 0.148187 0.1450284 0.2716202 0.292742 0.1486561 0.1485447 0.09724903 0.02069995 0.1723146 0.2892757 0.05026037 0.2638157 0.1702657 0.1248022 0.1574793 0.0003606589 0.0002187136 0.0004366745 0.0005297921 0.0006173969 0.0007372514 0.7681393 1.907241 0.003177398 0.0005414427 0.001924463 0.0007870881 0.003566459 0.0005050944 0.003493363 0.002633242 0.0004389647 0.001519004 0.003061192 0.00367712 0.004464231
68 0.01316824 0.01316805 0.07481441 0.08636295 0.1476906 0.1351569 0.1125022 0.1097955 0.1345717 0.1501372 0.3222655 0.3030642 0.1511652 0.1426616 0.1195074 0.02852123 0.1894143 0.4012947 0.0250333 0.2549737 0.18659 0.1268409 0.105361 0.0004299091 0.0002334708 0.0004073993 0.0005477989 0.0006875203 0.000691825 0.8597487 1.228673 0.003186082 0.00044178 0.001965005 0.0007677256 0.003629385 0.0003600632 0.003529147 0.002582366 0.0003746811 0.00143355 0.003095065 0.003606377 0.004482973
69 0.01298073 0.01292476 0.08079545 0.0887493 0.1483476 0.1437122 0.1113707 0.1080238 0.1222603 0.1446328 0.2752155 0.2877531 0.1520583 0.1474485 0.1444112 0.06555351 0.1673072 0.3989511 0.05332604 0.4014944 0.1603428 0.08669855 0.18405 0.0003800023 0.0002438737 0.0003478035 0.0006039307 0.0007359084 0.0008189609 0.9575879 2.219089 0.003429479 0.0005692616 0.001944159 0.0007543463 0.003596279 0.0005419924 0.00354451 0.002726943 0.0005323282 0.001482003 0.003075064 0.003839229 0.00455778
70 0.01321893 0.01325969 0.06662443 0.07484424 0.1667687 0.1733822 0.1057664 0.1060265 0.1380756 0.138626 0.314805 0.292242 0.1484464 0.1451099 0.1232518 0.008462489 0.1697555 0.2833019 0.08237302 0.2890844 0.1755249 0.1117994 0.1577154 0.0003926216 0.0002176478 0.0003737773 0.0005407132 0.0006332918 0.0007339743 0.6469104 1.565935 0.003218164 0.000589208 0.001920044 0.000763002 0.003577044 0.0006207166 0.003496673 0.002728916 0.0005217398 0.001476606 0.003100251 0.00393063 0.004553878
71 0.01305608 0.01305335 0.07394522 0.08211829 0.1253802 0.1228118 0.1241155 0.1217221 0.1418768 0.1452194 0.32126 0.325131 0.1521844 0.1471556 0.1250318 0.01340117 0.1300878 0.2945201 0.01593742 0.2837539 0.2015537 0.1377384 0.1605747 0.0003852664 0.0002166673 0.0003456737 0.0004939652 0.0006318749 0.0006570858 0.6730561 1.62004 0.003233867 0.0004820205 0.001906737 0.0007329133 0.003538508 0.0005382164 0.00346047 0.00251299 0.0004266266 0.001391077 0.003020616 0.003562594 0.004399682
72 0.01313391 0.0130965 0.07510523 0.0825036 0.1498297 0.1524634 0.1285562 0.1296323 0.1327782 0.1346856 0.2792429 0.2843284 0.1554018 0.1561164 0.09797018 0.008719991 0.1751272 0.30799 0.1231611 0.2780648 0.2184008 0.1620391 0.2319367 0.0004153451 0.0002620884 0.0003746119 0.0005424213 0.0008422478 0.0008124828 0.5860522 1.516397 0.003308849 0.0004954867 0.001939471 0.0007558909 0.003615379 0.000464006 0.003541667 0.00264627 0.0004545489 0.001424113 0.003099102 0.003809834 0.004512849
73 0.01301164 0.01300242 0.06670697 0.08070629 0.1446025 0.1427884 0.1358228 0.1340093 0.1229935 0.1290332 0.2667348 0.2645732 0.1578685 0.1537549 0.1290933 0.03101117 0.1638914 0.3294612 0.05168369 0.2919414 0.1855226 0.1248177 0.1840455 0.0003084247 0.000220058 0.0004132312 0.0006234983 0.000595152 0.0007844564 0.6940195 1.302626 0.003248561 0.0005692115 0.001825304 0.0007536447 0.003374569 0.0006495783 0.003267938 0.002469562 0.0004205683 0.001410558 0.002899852 0.003515316 0.004192513
74 0.01318919 0.01322484 0.07178336 0.08144108 0.1297054 0.1245573 0.1075003 0.1084939 0.1369321 0.1412709 0.2901012 0.301562 0.1594335 0.1607203 0.1024253 0.00504795 0.1523977 0.2587885 0.06581439 0.2595336 0.140178 0.05032145 0.1440868 0.0003759473 0.0002346143 0.0003424697 0.0005815863 0.0006260377 0.0008376554 0.5044226 1.420089 0.003213052 0.0004807591 0.001925268 0.0007432098 0.00353858 0.0004341232 0.003511809 0.002625755 0.0004126727 0.001397716 0.003036077 0.00366911 0.004438791
75 0.01304041 0.01303 0.06709349 0.08270981 0.1352469 0.1338161 0.129647 0.1397274 0.1130784 0.1343837 0.3161593 0.3190536 0.1480378 0.1422453 0.1109129 0.02615821 0.1563558 0.2407671 0.03869707 0.304376 0.2086221 0.1448812 0.189916 0.0003564553 0.0002201764 0.0003870417 0.0005503057 0.000722651 0.0007791614 0.7659762 2.690434 0.003252819 0.0005775525 0.001888032 0.0007270687 0.003482725 0.0006089876 0.003421041 0.002573333 0.0004443372 0.001429784 0.002975502 0.003661062 0.004417104
76 0.01315998 0.01323042 0.07148816 0.07972006 0.1295682 0.1150976 0.1295979 0.1272464 0.1394283 0.1339144 0.2631982 0.2774907 0.1503551 0.1427878 0.08729881 0.01300704 0.134066 0.3017991 0.04758408 0.2289321 0.1872778 0.1492356 0.1607848 0.0004413017 0.0002112548 0.0004485752 0.0004979108 0.0006455153 0.0006551612 0.6342064 1.952211 0.003229751 0.0005163101 0.001930716 0.0007551689 0.003537633 0.0006636969 0.003453731 0.002648426 0.00058785 0.00141299 0.003029904 0.003754558 0.004321397
77 0.01315776 0.01318912 0.07335834 0.08075712 0.1401202 0.1349969 0.1193117 0.1124895 0.1323872 0.132427 0.3002312 0.2909886 0.1510427 0.1457668 0.1157539 0.01073148 0.1663275 0.2569454 0.03727518 0.196012 0.186104 0.156728 0.1262546 0.0003563152 0.000206889 0.0003463584 0.0005316812 0.0005577131 0.0006844994 0.7338323 1.019958 0.003188303 0.0004994978 0.001859492 0.0007225236 0.003462253 0.000476612 0.003374531 0.002521955 0.0004105568 0.001346389 0.002962979 0.003567645 0.004277612
78 0.01312229 0.01311038 0.06372172 0.06892408 0.1339021 0.1348418 0.1063442 0.111092 0.1208437 0.1296167 0.263341 0.2759998 0.152168 0.1513018 0.07874065 0.003883303 0.1147043 0.3162784 0.02387361 0.2723247 0.1670736 0.08796309 0.1523511 0.0004169398 0.0002442427 0.0004183755 0.0006037143 0.0007173415 0.0008341022 0.7860904 1.949407 0.00327793 0.0004676686 0.001845234 0.0007462843 0.003436649 0.0003985357 0.003367353 0.002508838 0.0003835236 0.00137456 0.002958232 0.003518221 0.004233884
79 0.01327641 0.01329232 0.07477868 0.08026272 0.1534143 0.1545649 0.10943 0.1073601 0.1282796 0.1366245 0.2549913 0.2614074 0.1437324 0.1399048 0.123991 0.02260474 0.1509243 0.326351 0.06671207 0.3822334 0.1607527 0.05690007 0.1577256 0.0003135714 0.000211455 0.0004186388 0.0005518597 0.0005853333 0.0006959823 0.5464096 1.66065 0.003204429 0.0006771898 0.001961392 0.000775805 0.003568589 0.0008390963 0.003478322 0.002605281 0.0004429987 0.001421666 0.003055714 0.003690661 0.004483012
80 0.01333356 0.01315605 0.07949167 0.08679825 0.1499632 0.1490917 0.08704641 0.08366637 0.1450055 0.1563114 0.3068718 0.3125997 0.1552693 0.156103 0.1016314 0.01142315 0.1517024 0.3477511 0.02493386 0.3211258 0.1265948 0.03298143 0.0701148 0.0004021578 0.0002549164 0.0003433382 0.0006027959 0.0006180368 0.0007906618 0.6059877 1.577394 0.003173277 0.0004602405 0.00193508 0.000787473 0.003553526 0.0004134167 0.003507533 0.002591332 0.0003991565 0.001470961 0.003044163 0.003649766 0.004426568
81 0.01328537 0.01324839 0.08305727 0.08962989 0.1412369 0.1319512 0.1221693 0.1291875 0.1380336 0.1394311 0.3332169 0.3335952 0.160108 0.1535362 0.1226892 0.02061942 0.1704818 0.3590197 0.05347255 0.2941892 0.2193364 0.1912603 0.2239663 0.0003576121 0.0002355314 0.0004122732 0.0005067588 0.0006896106 0.0007426037 0.7522001 1.908847 0.003179222 0.0004745245 0.001923235 0.0007797105 0.003546586 0.0004130676 0.00346769 0.002724303 0.0006465108 0.001468538 0.0030274 0.003889993 0.004442799
82 0.01317694 0.01318286 0.07288413 0.08276985 0.1458279 0.1407833 0.11308 0.1191237 0.1368264 0.1394096 0.2728292 0.2693202 0.1428092 0.1485253 0.09026535 0.01452317 0.1609639 0.2784679 0.04967273 0.2260956 0.1689641 0.1991604 0.2392673 0.0003778438 0.0002086236 0.0004197377 0.0005644464 0.0005753389 0.0007586881 1.177453 1.200609 0.003205214 0.0004406549 0.001824861 0.0007086679 0.00338298 0.0002767371 0.003341881 0.002519679 0.0004297526 0.001401907 0.002890305 0.003502009 0.004232995
83 0.01302485 0.01307483 0.07993891 0.08191616 0.1482103 0.1469938 0.1185893 0.1134978 0.1485222 0.1486353 0.2697542 0.2700105 0.1461742 0.143715 0.1286561 0.01801131 0.1356059 0.3511233 0.1047939 0.3209285 0.2080934 0.1461398 0.172914 0.0003490969 0.0002475631 0.0003872147 0.0007004622 0.0006397227 0.0009447009 1.146503 1.617041 0.003239091 0.0006253337 0.001900045 0.0007606628 0.00347866 0.000730319 0.003394611 0.00255418 0.0004503686 0.001379954 0.002981543 0.00363372 0.004327205
84 0.01312979 0.01300674 0.09032297 0.09653628 0.1319119 0.1240603 0.1218328 0.1150016 0.1439081 0.1448856 0.2618524 0.2523407 0.1657206 0.1598958 0.1281367 0.03440201 0.1842763 0.2804154 0.03348419 0.2447243 0.194692 0.1498457 0.1720394 0.000415426 0.0002719161 0.0004971866 0.0006304408 0.0007855926 0.00101894 0.8653691 1.794902 0.003270453 0.000566047 0.00212005 0.0008217029 0.003948629 0.0005134567 0.003845715 0.00276024 0.0005388029 0.00149975 0.003359285 0.003929466 0.004829021
85 0.0131702 0.01311053 0.09217977 0.09552632 0.1385617 0.1261209 0.1090449 0.1163258 0.1364276 0.1417174 0.2867368 0.2900631 0.1493209 0.1487111 0.1436538 0.01836409 0.1778297 0.3277814 0.03046386 0.2244588 0.1553478 0.08744719 0.1684823 0.0003451864 0.0002346878 0.0004373636 0.0006622387 0.0005761928 0.0008678029 1.248822 0.9896296 0.003218945 0.0004870012 0.001998446 0.0008070199 0.003695402 0.0004484374 0.003616359 0.002641152 0.0004816825 0.001511974 0.003153612 0.003769437 0.0045719
86 0.01304642 0.01311076 0.07430952 0.08619712 0.1540024 0.1489282 0.1371748 0.1315122 0.1314624 0.1378587 0.2873363 0.2792453 0.1469177 0.1413787 0.09505298 0.01486372 0.1481514 0.3872263 0.1095908 0.4026723 0.182149 0.1250445 0.1453097 0.0003540225 0.0002290975 0.0004220729 0.0006047353 0.0006630122 0.0007983457 0.6039538 1.118066 0.003220716 0.0005490634 0.001880229 0.0007731274 0.003496994 0.0005744296 0.003427619 0.002573782 0.000409723 0.001441719 0.00299956 0.003655724 0.004397052
87 0.01329651 0.01317233 0.08004593 0.08823463 0.1557225 0.1459806 0.1220884 0.1152775 0.1357257 0.1555467 0.3381537 0.3241277 0.1677427 0.1586495 0.1399792 0.02405142 0.1635563 0.3674879 0.07253133 0.2888938 0.2044371 0.1002069 0.170249 0.0003644219 0.0002456662 0.0003808338 0.0005401805 0.0007542715 0.0007985924 0.6129477 1.481269 0.003220226 0.0006345362 0.00196914 0.0007842033 0.003624456 0.0006821831 0.003563162 0.002680659 0.0004549575 0.001453717 0.003118991 0.003787841 0.004549791
88 0.01337881 0.01318014 0.0804437 0.08944217 0.1289451 0.1195569 0.117355 0.1208016 0.1278123 0.1372375 0.2799137 0.2854781 0.1477104 0.1465303 0.1263038 0.03830776 0.197129 0.3723136 0.01549319 0.2861029 0.2266124 0.1290836 0.2077124 0.0003678775 0.0002088512 0.0003548359 0.0005513165 0.0006202063 0.0007171616 1.038509 1.223642 0.003163114 0.0004965407 0.001920281 0.0007693378 0.003544281 0.000481655 0.003470684 0.002548147 0.00038684 0.001401961 0.003040198 0.003596832 0.00440357
89 0.01318742 0.0132995 0.07491476 0.08408049 0.1532423 0.1542615 0.1257763 0.1241962 0.1389732 0.1474143 0.2907987 0.3063657 0.1577503 0.1518287 0.1174186 0.02180611 0.1822967 0.3159521 0.02625276 0.2831513 0.162183 0.04617823 0.1643734 0.0003067219 0.0002101341 0.0003483548 0.0004970121 0.0008155882 0.0007571047 0.5964615 1.165392 0.003163563 0.0005475656 0.001944804 0.0007645718 0.003594058 0.0004643599 0.003525769 0.002614425 0.0004840603 0.001446358 0.00307712 0.003752136 0.004452046
90 0.01309163 0.01311803 0.0802257 0.08958835 0.1450678 0.1409568 0.1246394 0.12009 0.1305512 0.1435764 0.3016836 0.298444 0.1582915 0.1531187 0.1366974 0.03999421 0.1811543 0.3112619 0.09388651 0.3029087 0.221805 0.1720817 0.1808268 0.0003581048 0.0002285351 0.0004330188 0.0005788124 0.0006581841 0.0008166461 0.7803092 1.437546 0.003225279 0.0005828503 0.001951728 0.0007758959 0.003630078 0.0006871529 0.003572116 0.002694159 0.0004950975 0.001474158 0.003129464 0.00380925 0.004530353
91 0.0131304 0.01308618 0.06574385 0.07503255 0.1447136 0.1355746 0.1167064 0.1225608 0.1371749 0.1330262 0.2942559 0.2908299 0.1329235 0.136971 0.08406527 0.007308235 0.1586931 0.3330786 0.1055119 0.2529337 0.1536963 0.1049072 0.1795641 0.0003486686 0.0002047534 0.0003459474 0.0005410869 0.0005615149 0.0008456329 0.8492571 1.214883 0.003266645 0.0005873342 0.001913549 0.0007603232 0.00353071 0.0005103051 0.003493786 0.002623508 0.0004954383 0.001412558 0.003028447 0.003742145 0.004445195
92 0.01311389 0.01305435 0.06516653 0.08121339 0.1436954 0.1366391 0.1112066 0.1201254 0.1203642 0.12521 0.3166022 0.3010346 0.1634585 0.1626055 0.07816558 0.00861669 0.1471981 0.3760522 0.02960936 0.3043999 0.1264541 0.09002247 0.2121707 0.0003412992 0.0002143179 0.0003808206 0.0005101097 0.0006271536 0.0006709229 1.022157 1.949023 0.003194243 0.0005187567 0.001926196 0.0007577671 0.003586152 0.0005170632 0.003522739 0.0025912 0.0004339224 0.001419113 0.003072898 0.003677581 0.00445127
93 0.01313041 0.01316728 0.07172848 0.08798783 0.1473789 0.1394417 0.1376416 0.1408332 0.1348918 0.1351139 0.3114892 0.3135562 0.1541613 0.1521467 0.06995278 0.00460602 0.1275162 0.3462163 0.03907948 0.3044798 0.2297582 0.100457 0.2732342 0.0003674311 0.0002302909 0.000387237 0.0005413048 0.0006571854 0.0006941413 0.8923838 1.456638 0.003201575 0.0005015051 0.00198413 0.0007522351 0.003701695 0.0003535245 0.003622296 0.002638065 0.0004059763 0.001441274 0.003161044 0.003723005 0.004621077
94 0.01295015 0.01297707 0.0742861 0.08488622 0.1434719 0.1356854 0.1229811 0.1224844 0.133883 0.1364783 0.2930012 0.3086128 0.1606835 0.1652226 0.1101044 0.01198686 0.1401748 0.3910031 0.1309332 0.3117207 0.2096503 0.1020334 0.1936128 0.0004133971 0.0002577246 0.0003914025 0.0007118453 0.0006952382 0.0009213973 0.8894404 1.745636 0.003285052 0.0005642313 0.001946257 0.0007812306 0.00360237 0.00056848 0.003535394 0.002635585 0.0003975654 0.001433435 0.003102545 0.003677673 0.004501784
95 0.01308246 0.01302865 0.07420665 0.08969474 0.1275259 0.1146042 0.142921 0.1332227 0.1355113 0.1436055 0.2748653 0.280706 0.1705661 0.1533247 0.1141521 0.03534525 0.1916018 0.3228073 0.02375901 0.2583528 0.2336497 0.1870669 0.2427775 0.0003465152 0.0002262171 0.0004257667 0.0005802129 0.0006166389 0.0007614064 0.7031639 1.74198 0.003264366 0.0005104729 0.001891234 0.0007473744 0.003484801 0.0005528801 0.003404074 0.00258368 0.000428522 0.001415992 0.002996798 0.003639488 0.004374557
96 0.01329683 0.01326653 0.0812537 0.09116354 0.1376862 0.1279922 0.1116325 0.1145004 0.1270585 0.1527672 0.2760747 0.2818936 0.1543336 0.1483377 0.1004836 0.02696933 0.1598098 0.3348814 0.1005261 0.2179609 0.1766573 0.06051908 0.206179 0.0003672838 0.0001943178 0.0003976042 0.0005097544 0.000560852 0.0005774176 0.5210919 1.588229 0.004909549 0.0004546342 0.001866748 0.0007226329 0.003489675 0.0003740504 0.003409674 0.002507635 0.0004414139 0.001397526 0.002998897 0.003565917 0.004252422
97 0.01321109 0.01323618 0.07296108 0.08272794 0.1631273 0.15206 0.1084857 0.1119663 0.1342017 0.1400259 0.2758864 0.2618094 0.1476377 0.1345712 0.09540185 0.007580992 0.1617579 0.3406582 0.08365588 0.2833625 0.1765257 0.1699229 0.2350218 0.0003859339 0.0002625363 0.0004285192 0.0007017148 0.0006492963 0.0009480352 1.157078 1.379632 0.003198104 0.0004792272 0.001917444 0.0007626135 0.003558262 0.0004496388 0.003471478 0.002572358 0.0004253372 0.001471321 0.003038077 0.003654987 0.004404378
98 0.01320641 0.01322283 0.07815295 0.08573025 0.1435612 0.1389252 0.1102986 0.1100618 0.1491396 0.1667353 0.287882 0.2954747 0.1600945 0.1576831 0.1298603 0.02430119 0.1554346 0.308104 0.04389543 0.2640855 0.1593171 0.08642935 0.1773676 0.0003326467 0.0002432628 0.0004431809 0.0005868907 0.0006363608 0.0007715166 0.6889747 1.774306 0.003217786 0.0007326771 0.001900974 0.0007702471 0.003436736 0.0009583967 0.003382162 0.002488859 0.0004020667 0.001402363 0.00295563 0.00356723 0.004259474
99 0.01321344 0.01313582 0.07485281 0.08330921 0.1483546 0.140202 0.1146674 0.1154313 0.1307016 0.1332962 0.2709133 0.2703231 0.1460132 0.1401213 0.08940878 0.02251514 0.1435016 0.370041 0.1395317 0.3325234 0.1688303 0.1514036 0.2296577 0.0003829692 0.0002011128 0.0003787103 0.0005654553 0.0006154514 0.0006565113 0.8045749 1.555288 0.003196021 0.0007099571 0.001921425 0.0007477883 0.003460545 0.0009373961 0.00339332 0.002699146 0.000621889 0.001437682 0.002970138 0.003869251 0.004447075
100 0.01317542 0.01313784 0.07679365 0.08541884 0.1489846 0.1441376 0.1169768 0.1059624 0.1340139 0.1438039 0.3051035 0.292112 0.1488444 0.1507785 0.1047597 0.02824722 0.160453 0.3548015 0.1402901 0.2846949 0.1661393 0.102799 0.1161599 0.0003054745 0.0002084443 0.0004047704 0.0005673295 0.0005529255 0.0008357937 0.7417065 1.61423 0.003163415 0.0005895923 0.001962494 0.000757713 0.003602515 0.0007401113 0.003547314 0.002725717 0.000530506 0.001509248 0.003084503 0.003834037 0.004559819
