1 0.1795879 0.1514813 0.1514813 0.09024268 0.1778715 0.1769331 0.1769331 0.6479289 0.678212 0.1524724 0.1524724 0.929029
2 0.2165554 0.2427175 0.2427175 0.7302031 0.2030211 0.004368453 0.004368453 0.4099043 0.3534144 0.2981628 0.2981628 0.884328
3 0.02531342 0.0135319 0.0135319 0.3651264 0.2672017 0.4051109 0.4051109 0.9623174 0.04800618 0.02903945 0.02903945 0.3308519
4 0.0606367 0.3121934 0.3121934 0.06370394 0.1772222 0.114785 0.114785 0.891946 0.3049195 0.2143357 0.2143357 0.09254871
5 0.05224914 0.1077916 0.1077916 0.1106782 0.2207477 0.1019308 0.1019308 0.03922061 0.1036457 0.1866465 0.1866465 0.3958137
6 0.1725611 0.2053903 0.2053903 0.3493353 0.3964033 0.3647041 0.3647041 0.3593832 0.3430827 0.3391334 0.3391334 0.4871603
7 0.243039 0.2017201 0.2017201 0.1809835 1.387677 1.313492 1.313492 1.0089 0.7789581 1.125361 1.125361 0.8618279
8 0.1536478 0.1598181 0.1598181 0.1570685 0.5490649 0.1252918 0.1252918 0.1851629 0.181055 0.4085147 0.4085147 0.3420477
9 0.4155516 0.0008039646 0.0008039646 0.6876808 0.2471016 0.1737091 0.1737091 0.1105864 0.7851268 0.1579618 0.1579618 0.8819156
10 0.1615042 0.01585189 0.01585189 0.5691363 0.3141566 0.05016445 0.05016445 0.6046626 0.1230055 0.02481529 0.02481529 0.4936423
11 0.3219737 0.2179103 0.2179103 0.00914453 0.04309116 0.3663611 0.3663611 0.1642426 0.3747214 0.1163215 0.1163215 0.4402943
12 0.2389733 0.001771436 0.001771436 0.05084881 0.4588228 0.9344026 0.9344026 0.7764734 0.4535758 0.04365852 0.04365852 0.1294077
13 0.1138098 0.1947115 0.1947115 1.189333 0.4341266 0.1177924 0.1177924 0.4316457 0.2358351 0.2704148 0.2704148 1.513991
14 0.2488126 0.4889575 0.4889575 0.06130349 0.2413604 0.9242091 0.9242091 0.9654528 0.8609002 0.9513123 0.9513123 0.09220125
15 0.120273 0.1737885 0.1737885 0.2385713 0.477139 0.4101473 0.4101473 0.05778958 0.3500632 0.2454797 0.2454797 0.1935489
16 0.124032 0.1575613 0.1575613 0.4326953 5.75663 2.449639 2.449639 0.683716 0.08812577 0.3714157 0.3714157 0.3891423
17 0.01088882 0.08811363 0.08811363 0.2619034 0.1511478 0.08524695 0.08524695 0.01115817 0.08023458 0.1672025 0.1672025 0.2989446
18 0.04246054 0.1626793 0.1626793 0.06391313 0.1441611 0.3974274 0.3974274 0.9975217 0.6721755 0.4903126 0.4903126 0.03574967
19 0.2990444 0.09287444 0.09287444 0.5205131 0.9880341 0.1951091 0.1951091 0.1770421 0.7311338 0.2117025 0.2117025 1.330687
20 0.3015636 0.3394767 0.3394767 0.2103928 0.6383389 0.4077822 0.4077822 0.2447332 0.08798686 0.1690736 0.1690736 0.5545702
21 0.06262425 0.03085364 0.03085364 0.4186898 0.2950288 0.2151384 0.2151384 0.3553464 0.174571 0.2077141 0.2077141 0.2934053
22 0.06572495 0.1261471 0.1261471 0.03495658 0.2210691 0.1714075 0.1714075 0.02685886 0.2366448 0.5349587 0.5349587 0.6009801
23 0.3447779 0.2446536 0.2446536 0.4927124 0.1950076 0.7125572 0.7125572 0.7727213 0.5735475 0.240647 0.240647 0.6798331
24 0.0441811 0.1087741 0.1087741 0.2372617 0.6706616 0.08560318 0.08560318 0.2072748 0.2813458 0.1244657 0.1244657 0.2163383
25 0.1466378 0.182545 0.182545 0.51646 0.4318258 0.4449735 0.4449735 0.45586 0.3505382 0.2439987 0.2439987 0.4836345
26 0.02999063 0.0035266 0.0035266 0.6282947 2.574607 0.689573 0.689573 0.1159951 0.1361505 0.1753408 0.1753408 0.8763175
27 0.3011127 0.1448756 0.1448756 0.1367605 1.024236 1.38113 1.38113 0.454203 0.2460354 0.1365307 0.1365307 0.1959853
28 0.8275579 0.1368002 0.1368002 0.121178 0.2694387 0.2312657 0.2312657 0.7676966 1.817366 0.9586977 0.9586977 0.4656025
29 0.1964507 0.1263111 0.1263111 0.1431636 1.188924 1.042207 1.042207 2.595976 0.2627622 0.06880903 0.06880903 0.1470779
30 0.1810986 0.07060125 0.07060125 0.3191872 6.838531 3.869661 3.869661 3.643964 0.5615162 0.4548261 0.4548261 1.594754
31 0.1321767 0.2680253 0.2680253 0.5215634 4.310943 2.078212 2.078212 0.3797644 0.2676521 0.7717399 0.7717399 1.130683
32 0.1429477 0.09490471 0.09490471 0.7559167 1.352695 0.5901383 0.5901383 0.01737408 0.4090634 0.41805 0.41805 0.8602089
33 0.263544 0.0635702 0.0635702 0.1545913 0.4127435 0.1767898 0.1767898 0.2856499 0.5365935 0.2923066 0.2923066 0.002632755
34 0.06909846 0.0424261 0.0424261 0.1152926 0.665047 0.15398 0.15398 0.9290695 0.1372037 0.1341833 0.1341833 0.3984584
35 0.1207741 0.1816588 0.1816588 0.1166651 1.043673 0.09934619 0.09934619 0.8781543 0.4948136 0.1382822 0.1382822 0.07057152
36 0.01120207 0.002131699 0.002131699 0.3371124 0.9844475 0.9106212 0.9106212 2.413432 0.002577407 0.1389126 0.1389126 0.402939
37 0.1120874 0.05917375 0.05917375 0.4016213 0.4353371 0.2324721 0.2324721 0.2824964 0.1903875 0.3184809 0.3184809 0.5967499
38 0.3965034 0.1014384 0.1014384 0.3933618 1.258273 0.1685453 0.1685453 1.106168 0.579839 0.2620044 0.2620044 0.2260332
39 0.5115597 0.64447 0.64447 0.3288468 1.575222 1.49623 1.49623 1.053263 1.92532 1.661779 1.661779 1.173205
40 0.2997131 0.002131486 0.002131486 0.1720615 0.3538794 0.0884687 0.0884687 0.8000134 0.6342555 0.2000863 0.2000863 0.09912857
41 0.3810853 0.1147271 0.1147271 0.4135339 0.3855233 0.1805838 0.1805838 0.2105753 0.4719129 0.0788852 0.0788852 0.02636324
42 0.2113343 0.03142051 0.03142051 0.23248 0.7386123 0.1728206 0.1728206 0.01791614 0.3179578 0.3222294 0.3222294 0.3998233
43 0.2872202 1.324692 1.324692 1.793493 8.819559 5.150327 5.150327 1.094888 0.8556815 1.431926 1.431926 2.194455
44 0.47991 0.1207496 0.1207496 0.1743223 0.7009293 0.1902253 0.1902253 0.4923156 0.6268299 0.0452629 0.0452629 0.07286504
45 0.1014789 0.03812998 0.03812998 0.1654289 0.09704671 0.1805398 0.1805398 0.5244726 0.03958234 0.0989022 0.0989022 0.5022443
46 0.1331511 0.03523948 0.03523948 0.3102752 0.00845939 0.08323285 0.08323285 0.1232895 0.6186195 0.06854415 0.06854415 0.4728563
47 0.3062209 0.1643599 0.1643599 0.01971754 0.2159622 0.09241705 0.09241705 0.451305 0.2130701 0.01289755 0.01289755 0.08112589
48 0.1166115 0.01041725 0.01041725 0.215647 0.4957552 0.06582303 0.06582303 0.4127277 0.3928404 0.05501753 0.05501753 0.1425713
49 0.2254078 0.4976155 0.4976155 0.300106 0.1320867 0.2878138 0.2878138 0.2960121 0.05415249 0.7350884 0.7350884 0.8522094
50 0.07059969 0.001923183 0.001923183 0.3488496 0.2420663 0.1769065 0.1769065 0.4354406 0.6144423 0.3271538 0.3271538 0.01063387
51 0.175426 0.1103976 0.1103976 0.5824873 1.073355 0.3095327 0.3095327 0.4996025 0.2796968 0.08210375 0.08210375 0.7689569
52 0.1011682 0.6997433 0.6997433 0.9852871 2.621853 2.081793 2.081793 0.9830329 0.06668762 0.7700295 0.7700295 1.705722
53 0.7182075 0.1336504 0.1336504 0.2430111 0.3924847 0.8162015 0.8162015 2.098848 0.950255 0.4965925 0.4965925 0.2771911
54 0.2779833 0.2509888 0.2509888 0.2353961 0.869754 0.398547 0.398547 0.8365652 0.3197862 0.3002884 0.3002884 0.3858445
55 0.04190098 0.1465828 0.1465828 0.03109006 1.814227 0.6708442 0.6708442 0.3468536 0.01132063 0.08916966 0.08916966 0.05110781
56 0.09469669 0.09221998 0.09221998 0.07784183 0.4387974 0.5510686 0.5510686 0.5572429 0.1102539 0.2038984 0.2038984 0.2957866
57 0.2453744 0.0006102503 0.0006102503 0.1703079 0.007562235 0.007064149 0.007064149 0.1005899 0.4890968 0.02517785 0.02517785 0.5180638
58 0.9057146 0.384549 0.384549 0.04209192 2.456083 0.577948 0.577948 0.4658705 1.617792 0.9171178 0.9171178 0.6915012
59 0.1321474 0.1178116 0.1178116 0.3587288 0.6765893 0.3147842 0.3147842 0.5163067 0.3826462 0.05549243 0.05549243 0.5421539
60 0.3475751 0.1488741 0.1488741 0.06958071 1.092406 0.4164798 0.4164798 0.08030551 0.3155239 0.03651329 0.03651329 0.107957
61 0.1565986 0.3211839 0.3211839 0.1997488 1.4598 0.08645912 0.08645912 0.6641471 0.10869 0.002713128 0.002713128 0.2299484
62 0.4122766 0.1736676 0.1736676 0.2991659 0.7435701 0.1492096 0.1492096 0.3894985 0.6280741 0.1956814 0.1956814 0.6272987
63 0.3520968 0.0760065 0.0760065 0.2038877 0.4812897 0.5513825 0.5513825 0.5611517 0.6091576 0.08797082 0.08797082 0.2601377
64 0.1265052 0.07873272 0.07873272 0.1002594 0.3906072 0.1409499 0.1409499 0.006810976 0.3790054 0.1630523 0.1630523 0.09816812
65 0.01354682 0.09494457 0.09494457 0.03826084 0.425868 0.2566059 0.2566059 0.4536064 0.05490637 0.07165293 0.07165293 0.05624456
66 0.1530768 0.1495745 0.1495745 0.2461063 0.06105337 0.934552 0.934552 2.056006 0.3930218 0.01141294 0.01141294 0.3566976
67 0.4287155 0.2257211 0.2257211 0.2312186 0.3159075 1.055148 1.055148 1.553527 0.3263843 0.40724 0.40724 0.3460351
68 0.0413282 0.006002337 0.006002337 0.06376519 0.2327324 0.08538044 0.08538044 0.6257403 0.06510247 0.0338869 0.0338869 0.2559058
69 0.05692699 0.2495537 0.2495537 0.2498564 0.1251661 0.1960456 0.1960456 0.7808562 0.1019175 0.2545827 0.2545827 0.3041812
70 0.1858882 0.04141454 0.04141454 0.1725275 2.040932 1.605427 1.605427 0.8845579 0.422631 0.1289808 0.1289808 0.8374908
71 0.1648852 0.03369293 0.03369293 0.1889392 1.799226 1.362785 1.362785 0.4095029 0.1084024 0.02186915 0.02186915 0.05813196
72 0.1295514 0.1285709 0.1285709 0.5044289 0.608166 0.01707033 0.01707033 0.6771516 0.1043805 0.5237324 0.5237324 0.9682544
73 0.4636803 0.1635938 0.1635938 0.2470601 1.013092 0.252476 0.252476 0.4162175 0.8161573 0.1297815 0.1297815 0.5718488
74 0.2442131 0.06704386 0.06704386 0.4042515 0.7690458 0.05049568 0.05049568 0.4884281 0.3939022 0.003679492 0.003679492 0.388364
75 0.2776642 0.08890647 0.08890647 0.3338861 0.1148766 0.2025839 0.2025839 0.06338251 0.4965729 0.3897974 0.3897974 0.2421022
76 0.5574857 0.1995397 0.1995397 0.6261752 0.05734133 1.049347 1.049347 2.450563 0.3607525 0.05118478 0.05118478 0.9991045
77 0.1343265 0.2154039 0.2154039 0.2463114 0.3891657 0.2097917 0.2097917 0.5566488 0.1867882 0.1459448 0.1459448 0.4432148
78 0.2804301 0.08835607 0.08835607 0.4159822 2.3591 0.7757775 0.7757775 0.4493319 0.2543078 0.07856703 0.07856703 0.4657466
79 1.542733 0.6785546 0.6785546 0.03693302 1.175642 0.1461693 0.1461693 1.553797 3.888075 2.22331 2.22331 0.08437475
80 0.4690236 0.3825274 0.3825274 0.3013981 0.7934774 0.03490278 0.03490278 0.001559259 1.201061 0.7607847 0.7607847 0.3673923
81 0.5079151 0.1157926 0.1157926 0.5865899 6.116122 3.417741 3.417741 0.2059776 0.8772195 0.5553619 0.5553619 1.659404
82 0.5539757 0.01603548 0.01603548 0.207884 0.49587 0.02014762 0.02014762 0.2479185 1.122366 0.405576 0.405576 0.376753
83 0.01028415 0.3255282 0.3255282 0.4551764 0.08071488 0.3223856 0.3223856 0.9195435 0.4587708 0.4783674 0.4783674 0.6680205
84 0.4119779 0.03974634 0.03974634 0.1445958 0.5808307 0.3128991 0.3128991 0.62648 0.8721123 0.05263043 0.05263043 0.560536
85 0.04931491 0.1963031 0.1963031 0.1883477 0.3003724 0.0817881 0.0817881 0.05250856 0.02115823 0.4178499 0.4178499 0.6178121
86 0.1774111 0.1264269 0.1264269 0.1134482 1.63981 0.5522396 0.5522396 0.4430102 0.4855777 0.1048455 0.1048455 0.4235317
87 0.1014143 0.1258266 0.1258266 0.09818443 0.5392817 1.002532 1.002532 1.829351 0.1089127 0.2191085 0.2191085 0.2449183
88 0.7096039 0.2260941 0.2260941 0.2077869 0.75386 0.1745446 0.1745446 0.4826925 1.195343 0.8211009 0.8211009 0.05857527
89 0.4196769 0.4507747 0.4507747 1.663305 0.162342 0.04302159 0.04302159 0.6024121 0.08585876 0.719839 0.719839 1.79533
90 0.4828469 0.05080883 0.05080883 0.4351228 0.08334633 0.1445511 0.1445511 0.3917216 0.8923353 0.07205568 0.07205568 0.4447688
91 0.04836009 0.2246106 0.2246106 0.2845114 1.104412 0.8874543 0.8874543 0.7152098 0.4000246 0.3336874 0.3336874 0.5542644
92 0.06015657 0.03627469 0.03627469 0.07192278 0.3517017 0.1703388 0.1703388 0.01002095 0.01839761 0.01806902 0.01806902 0.6917917
93 0.3383083 0.1857169 0.1857169 0.08895055 0.6431436 0.1937656 0.1937656 0.003370161 0.6437824 0.02920619 0.02920619 0.3714005
94 0.4519361 0.007880959 0.007880959 0.3219729 0.04628835 0.06436897 0.06436897 0.02918006 1.322739 0.6860404 0.6860404 0.1984919
95 0.03058099 0.2683297 0.2683297 0.1775547 1.724807 1.061225 1.061225 0.008650717 0.06251742 0.4523137 0.4523137 0.8813461
96 0.007446663 0.1223945 0.1223945 0.1418538 0.2059147 0.4047859 0.4047859 0.1770866 0.2498324 0.4355138 0.4355138 0.05221478
97 0.1321331 0.1626509 0.1626509 0.6620864 0.8213236 0.03847238 0.03847238 0.1916251 0.1838342 0.3341949 0.3341949 0.9448542
98 0.1590573 0.02599682 0.02599682 0.3327819 0.8268168 0.263229 0.263229 0.4750465 0.3862105 0.03377774 0.03377774 0.9799667
99 0.7796714 0.2217354 0.2217354 0.3848227 0.8854489 1.456854 1.456854 1.835695 1.553263 0.8635485 0.8635485 0.03324383
100 0.5021046 0.4491862 0.4491862 0.7352226 0.2668265 0.1694306 0.1694306 0.2568644 0.6979205 0.9097033 0.9097033 1.760993
