1 0.0009289721 0.0007463344 0.001675307
2 0.0007785809 2.595044e-07 0.0007788404
3 0.004408217 0.000127566 0.004280651
4 0.001282529 0.00077167 0.0005108594
5 0.0002452636 4.093886e-05 0.0002862025
6 0.0008205707 0.0003133071 0.001133878
7 0.001582036 0.0005362529 0.002118289
8 0.004692838 4.985908e-05 0.004742697
9 0.0015784 3.008193e-05 0.001608482
10 0.001912376 7.475313e-06 0.001904901
11 0.002399522 0.0001044062 0.002503928
12 0.002900375 0.002187898 0.000712477
13 0.001406559 4.904525e-06 0.001411463
14 0.006103621 1.285443e-05 0.006090766
15 0.006455108 0.0009077821 0.005547326
16 0.001220693 0.0006681533 0.0005525396
17 0.0003342974 2.427246e-05 0.0003585699
18 0.001016152 3.217733e-07 0.00101583
19 0.00207604 1.368849e-06 0.002074671
20 0.004422253 2.657241e-05 0.00439568
21 0.0007330548 0.0001941726 0.0005388823
22 0.0001237132 4.727002e-07 0.0001241859
23 0.0001360796 0.002221468 0.002357548
24 0.0003462106 0.0001040853 0.0004502959
25 0.004451797 1.920829e-05 0.004471005
26 0.004754232 3.210078e-05 0.004722131
27 0.003749843 0.000130398 0.003619445
28 0.003449725 2.191209e-05 0.003427813
29 0.001037856 8.714555e-05 0.0009507101
30 0.002283477 0.0005625072 0.002845984
31 0.004836227 0.0002742214 0.005110449
32 0.001129533 7.532759e-05 0.001054206
33 0.00627405 0.0001015808 0.006172469
34 0.002857267 2.496518e-05 0.002832301
35 0.003785687 4.268341e-05 0.00382837
36 0.0009537795 0.0004976852 0.0004560942
37 0.0003189355 1.166132e-05 0.0003305968
38 0.0008913798 3.345945e-05 0.0009248393
39 0.004321832 8.375981e-05 0.004238072
40 0.005772238 3.121758e-06 0.00577536
41 0.00372902 3.18469e-05 0.003760867
42 0.001303806 0.001449398 0.0001455912
43 0.001896992 3.047943e-05 0.001866512
44 0.00414521 0.0002313324 0.004376542
45 0.002443466 1.269959e-05 0.002430766
46 0.004577128 8.230971e-05 0.004659438
47 0.001097211 6.774126e-05 0.001164952
48 0.006498166 1.393249e-07 0.006498305
49 0.0009722245 4.360513e-06 0.000976585
50 0.0004014151 0.0009591491 0.0005577341
51 0.004099721 5.535994e-06 0.004105257
52 0.004731256 3.117098e-06 0.004728139
53 0.0007155612 0.00159033 0.0008747685
54 0.0009838186 5.307418e-06 0.000989126
55 0.001060959 7.279121e-06 0.00105368
56 0.001123505 2.76986e-06 0.001126275
57 0.0004366604 1.044611e-05 0.0004262143
58 0.0003620273 6.52341e-05 0.0004272614
59 0.0008821154 7.10713e-06 0.0008750083
60 0.002791746 2.015147e-06 0.002793761
61 0.002410398 3.687863e-06 0.002414086
62 0.00186406 2.592482e-06 0.001861467
63 0.0003620618 2.408015e-06 0.0003644698
64 0.0001133826 9.255484e-05 0.0002059375
65 0.001538045 3.363354e-05 0.001571678
66 0.0003040621 8.690208e-06 0.0003127523
67 0.002268576 6.914429e-05 0.002199432
68 8.061886e-06 9.169531e-07 8.978839e-06
69 0.004738794 0.0001546665 0.00489346
70 0.0005746069 9.839614e-06 0.0005844465
71 2.183032e-05 3.665503e-05 5.848535e-05
72 0.001451846 2.88334e-05 0.00148068
73 0.0006699768 1.656486e-05 0.0006534119
74 0.004179704 1.829531e-06 0.004177874
75 0.00169157 4.862221e-06 0.001696432
76 0.001004325 3.594631e-05 0.0009683789
77 0.00225091 0.0001294615 0.002380371
78 0.003826289 0.0001967001 0.004022989
79 0.004583578 2.855775e-06 0.004586433
80 0.0008091037 3.957012e-05 0.0007695335
81 0.001247574 8.581203e-05 0.001333386
82 0.003639674 0.000996168 0.004635842
83 0.00285582 0.0004190657 0.003274886
84 0.003284011 0.0009681919 0.002315819
85 0.003979956 1.214318e-06 0.00398117
86 0.002610953 0.0009932526 0.0016177
87 0.0002600937 0.0001616476 0.0004217414
88 0.0008929783 6.155387e-05 0.0009545322
89 0.0005537208 0.00106958 0.001623301
90 0.0007747057 1.231082e-05 0.0007870165
91 0.002544215 2.869372e-06 0.002541346
92 0.003473518 1.523609e-06 0.003475041
93 0.0003884315 1.023352e-05 0.000378198
94 0.001403431 0.0002190128 0.001622443
95 0.00588132 7.667614e-06 0.005888987
96 0.003833246 9.455379e-06 0.003842701
97 0.0005390472 2.339587e-05 0.0005156513
98 0.001627568 9.860828e-06 0.001637429
99 0.003011117 4.04693e-06 0.00300707
100 0.000236402 0.001131676 0.0008952741
