1 0.002089136 0.0006446509 0.002733787
2 0.001535555 0.000271481 0.001264074
3 0.001153153 0.0001238558 0.001029297
4 0.0001466695 8.505937e-05 6.161013e-05
5 0.001634447 2.319959e-06 0.001632127
6 0.001137486 0.0003032868 0.0008341989
7 0.003374112 1.82531e-05 0.003392365
8 0.003398624 0.000525047 0.003923671
9 0.0005974954 7.995015e-05 0.0006774455
10 0.001769391 5.030302e-05 0.001819694
11 0.001575653 0.0005474844 0.001028169
12 0.00671264 0.0001565347 0.006556105
13 0.001945333 6.072592e-06 0.001939261
14 0.002325073 5.879645e-07 0.002324485
15 0.0004746703 2.311729e-05 0.000451553
16 0.0003275579 0.0001366052 0.0001909526
17 0.00342954 2.847357e-05 0.003458014
18 0.002249735 0.0001145041 0.002364239
19 0.002231937 1.097568e-05 0.002220961
20 0.0005304275 0.0001241579 0.0006545854
21 0.0008893255 2.714945e-05 0.0008621761
22 0.001792744 1.397742e-05 0.001778766
23 0.003056376 1.357157e-05 0.003042805
24 0.001993187 3.537321e-06 0.001996725
25 0.0009925922 0.0001758253 0.001168417
26 0.0009609779 0.0004885543 0.001449532
27 0.004383485 4.408192e-05 0.004427567
28 0.001488277 5.57662e-06 0.0014827
29 0.0006835663 0.0001828904 0.0008664567
30 0.0003957843 0.0005572352 0.0001614509
31 0.001500832 0.0003654931 0.001135339
32 0.003883862 0.0003712958 0.004255158
33 0.001395629 6.667773e-05 0.001328952
34 5.276719e-05 2.984948e-06 4.978224e-05
35 0.002161357 5.144886e-05 0.002109908
36 0.001813756 5.772189e-05 0.001871478
37 0.0007066264 0.0003131645 0.0003934619
38 0.002014542 2.277864e-05 0.001991763
39 9.808289e-05 0.0006414422 0.0007395251
40 0.0006057911 0.0001306487 0.0004751424
41 0.0003167762 0.0001050897 0.0004218659
42 0.002930105 0.0001255762 0.003055681
43 0.002312696 2.849575e-06 0.002315545
44 0.002282972 2.372069e-05 0.002259252
45 0.000924256 3.302111e-05 0.0009572771
46 0.0004497926 0.0001494665 0.000599259
47 0.001080764 5.780607e-07 0.001081342
48 0.001765489 7.255422e-05 0.001838043
49 0.003366089 7.828698e-06 0.003373917
50 0.002529652 0.0001461447 0.002383508
51 0.0009592521 2.497864e-06 0.00096175
52 0.002121876 2.150471e-06 0.002124027
53 9.31162e-05 3.691407e-05 5.620213e-05
54 0.001793209 6.136898e-05 0.00173184
55 0.000717873 2.707582e-05 0.0007449488
56 0.001967018 3.089441e-05 0.001936123
57 0.001971692 3.36383e-05 0.001938053
58 0.0002295566 2.157314e-05 0.0002511297
59 3.154687e-05 5.038749e-05 8.193436e-05
60 0.000272918 9.773798e-07 0.0002719407
61 0.002900704 0.0002590724 0.003159776
62 0.003914107 0.0003980363 0.003516071
63 0.006423702 1.91218e-06 0.006425614
64 0.001539552 2.803528e-05 0.001567588
65 0.0004171575 1.470283e-05 0.0004318603
66 0.0007117554 4.845255e-05 0.0007602079
67 0.002171626 8.909897e-05 0.002260725
68 0.001579199 1.053124e-05 0.001589731
69 0.003623846 3.660314e-05 0.003587243
70 0.0001881634 1.532024e-05 0.0002034837
71 0.00169605 3.477746e-05 0.001730828
72 0.0009083539 0.0002151773 0.0006931765
73 0.0003978767 0.000495891 0.0008937677
74 0.00101985 0.0004480409 0.0005718088
75 0.0004383475 1.162453e-05 0.0004267229
76 0.001635326 2.971841e-05 0.001605607
77 0.001007356 0.0007190452 0.001726401
78 0.00291569 1.450407e-05 0.002901186
79 0.001812437 6.338723e-06 0.001818775
80 0.001197676 4.862796e-06 0.001202539
81 0.00153694 4.204226e-05 0.001494898
82 0.00113359 2.434638e-05 0.001157936
83 0.0009202215 4.759454e-05 0.000967816
84 0.0002262551 1.123053e-05 0.0002374856
85 0.002165881 7.822689e-06 0.002158059
86 0.001414676 0.0001312928 0.001545969
87 0.002041102 0.0006084314 0.001432671
88 0.000283011 7.448482e-06 0.0002904594
89 0.001963573 0.0001264458 0.002090018
90 0.0009679371 2.495684e-06 0.0009654414
91 0.0006630831 0.0003822857 0.001045369
92 0.0009340691 0.0003757584 0.001309827
93 0.002530118 0.0001298982 0.002660017
94 0.0008853069 0.0005013835 0.00138669
95 0.001278306 2.686512e-05 0.001251441
96 0.002193717 0.0006776423 0.00287136
97 0.001508577 1.154136e-05 0.001497035
98 0.002079022 0.0004485443 0.001630477
99 0.0006250393 3.981711e-05 0.0005852222
100 0.002478549 0.0002686737 0.002747223
