1 2.520024 1.447053 0.222829
2 2.452755 4.823099 1.013282
3 0.5238476 1.090523 0.9086198
4 0.805444 0.1589259 0.8133825
5 0.5514071 1.327933 0.3094189
6 0.2913199 1.706048 0.6741961
7 0.9264042 0.9824938 0.05291566
8 0.9155835 1.445803 0.08491543
9 0.8984553 2.866814 0.7548408
10 9.618737 1.567699 0.9450042
11 1.296912 0.3604796 0.1330239
12 1.477446 0.5239548 0.1378575
13 2.117605 2.885783 0.03761737
14 1.630339 4.770087 0.8924216
15 1.92114 1.614672 0.5909507
16 1.170964 1.961146 1.824676
17 0.1323604 3.801543 0.7780941
18 0.499868 7.385288 0.4929604
19 1.467988 1.766753 0.6153999
20 1.600499 2.648035 0.3449363
21 2.157323 0.1941805 0.4402438
22 1.406842 2.149245 0.04589549
23 0.5376699 1.969778 0.4410146
24 0.417935 0.4238882 0.2731555
25 1.205606 3.129315 1.547236
26 0.584956 2.527337 0.6495661
27 0.5082871 0.2319485 0.5970671
28 0.2178403 0.675495 0.778149
29 1.318409 1.671275 0.1148624
30 3.052517 20.25974 1.266022
31 1.595111 0.5311344 0.3140969
32 0.7164666 1.05288 0.7427111
33 0.525729 0.7647789 0.5522831
34 6.249926 0.6328763 0.9661828
35 2.010052 0.8447841 1.987603
36 0.09816246 5.5503 0.01436765
37 0.7940814 1.238614 0.4245223
38 1.437005 4.413564 0.5229511
39 1.165796 1.893399 0.2467695
40 0.2937969 2.183813 1.928587
41 5.552623 2.894853 2.038011
42 0.4848018 1.773331 0.8103512
43 1.033724 0.01510571 0.01503355
44 0.4481693 2.192306 0.4340099
45 0.3700695 1.548675 0.5993032
46 1.886302 1.231856 0.9438485
47 0.08320338 0.7182236 0.4330041
48 0.295478 1.355828 0.7062684
49 1.678268 2.305422 0.408354
50 0.4468282 1.241918 0.7690047
51 2.11529 4.40009 1.566578
52 3.192896 11.83321 0.590468
53 0.2230627 0.4523621 0.1619207
54 0.8581933 0.9124076 0.2283503
55 1.720956 0.8846528 0.7080467
56 0.3081324 0.2296568 1.160807
57 0.1923642 0.1807911 0.1265968
58 1.275159 1.883667 0.3419586
59 0.9158921 8.004116 1.556884
60 1.355646 2.971115 1.092515
61 1.620787 1.798505 0.1730853
62 2.976059 4.375734 2.491019
63 0.5189702 1.927399 1.020177
64 0.8162293 1.011011 0.4601383
65 2.132911 2.022691 0.8634658
66 2.084895 3.325536 1.53988
67 1.21553 2.132681 0.4409172
68 0.2645465 1.787098 0.1622447
69 0.8470541 1.244901 0.6159357
70 0.435299 2.723778 0.26443
71 5.460651 25.81902 0.4463051
72 1.477914 3.978921 0.003182894
73 3.494843 4.109332 0.7366263
74 2.922478 1.049093 0.7477729
75 0.738048 2.516146 0.3888879
76 2.596661 0.9937371 0.3326009
77 1.153615 3.079108 0.3825673
78 0.896956 6.542736 0.8654162
79 1.443076 3.224076 0.4055802
80 0.1863205 1.594393 0.1570712
81 0.4938128 10.11356 3.394539
82 1.466199 1.29731 0.2637093
83 1.074109 0.3981399 0.392421
84 0.2513359 1.749641 0.6887239
85 1.802758 0.4795947 0.4675893
86 1.076771 2.966827 0.9098953
87 0.2597619 1.688287 0.3105297
88 1.406183 1.053232 0.7554436
89 0.8649989 0.7020061 0.2627547
90 0.01880602 2.898514 0.7830352
91 1.324721 1.674448 0.2911062
92 1.795358 3.123385 0.1731743
93 4.329281 1.30779 2.443268
94 0.4312306 2.245889 0.4169515
95 2.248991 2.074858 0.4902621
96 0.758834 2.241946 1.731837
97 0.6825555 5.668199 0.005657888
98 1.136008 4.991018 0.3986428
99 4.118883 0.6895017 0.3263369
100 0.8168801 2.63301 0.6661249
