1 8.834617e-05 0.0002412308 4.707031e-05 0.0001501215 0.0004500403 0.0002357336 0.0006433433 0.000533175 0.0008878197 0.0001997047 0.0006484617 0.002937537
2 0.0006953933 0.0007917365 0.0001801265 2.03479e-05 0.001777813 0.0005859385 0.0008945581 0.0002497379 0.0002980702 0.0003903248 0.002836563 3.23465e-05
3 0.0005646168 0.0002081095 7.208552e-05 6.0656e-05 0.0002791061 0.0003577779 0.0004240693 0.000612022 0.0002413596 0.0003955345 0.0009877201 0.0001391411
4 0.0003367426 8.458764e-05 0.0002418714 0.0001718968 0.0001518579 0.0003318651 0.0006438155 8.381218e-05 0.001785285 0.0003330268 0.0006989685 0.0006076839
5 0.0003352194 0.000153306 0.0002076125 0.0001716675 0.0003886474 0.0005017423 0.0007233769 0.000263005 0.000659117 4.467479e-05 0.0003248901 0.0002862367
6 0.0002208994 0.0002565201 0.0001901903 8.655551e-05 0.0006223888 0.0001362681 0.001256796 0.001024735 0.002006857 0.0009849072 0.0007000332 0.0007001574
7 0.0003067418 0.0002303093 0.0002535705 6.28271e-05 0.0007240741 0.0002264703 0.001118535 0.0005123494 0.0004099109 0.0009274208 0.0004229278 6.796987e-05
8 3.646142e-05 6.764147e-05 0.0001644492 0.0001198042 0.0001031752 0.0002260208 0.001043628 0.0001739434 0.0008030764 0.0003741397 2.122668e-05 0.0002439672
9 0.0002226709 0.0002594334 0.0001300013 1.98727e-05 0.0005430655 0.0003352702 0.001159589 0.0003503463 0.0006324452 0.0009138234 0.0002922511 0.002929754
10 0.0002220017 0.0002795575 0.0003260237 0.0001869356 0.0007486627 0.000506293 0.0005193945 6.010388e-05 0.00143344 0.0003595299 0.0003759877 0.001321807
11 0.0002092737 0.000111351 0.0002393149 7.928763e-05 0.0001650523 0.0001315005 0.0004664709 0.0004193082 0.001364656 0.0006848755 5.445657e-05 0.001299869
12 0.0003383177 0.0001842833 0.0001421242 7.553108e-05 0.000664379 0.0003088051 9.407714e-05 0.0002911324 0.001474418 0.0007117132 0.001405951 0.001789021
13 6.060933e-05 0.0001380974 3.762955e-05 0.0001864271 0.0003375887 0.0004313581 0.0009879136 1.178441e-05 0.0008626174 0.0003128216 0.0004787323 9.245822e-05
14 0.0002979396 0.0002298887 4.565732e-05 1.546473e-05 0.0003073068 0.0002794262 0.0001275759 0.0003992062 0.0009020793 0.0005797663 0.001129505 0.001472439
15 0.0002339019 7.27568e-05 0.0001124443 8.104304e-05 3.18236e-05 2.445733e-05 0.001207169 0.0003767744 3.825378e-05 0.0002746881 0.0005506742 0.0003491724
16 0.0001848319 0.0003154645 4.933837e-05 5.666552e-05 0.0007208911 0.0001100573 0.000790895 4.017373e-05 0.001221967 0.0001294652 0.0005375679 0.000927837
17 0.0001098989 0.0001287119 4.208109e-05 4.098225e-05 0.0004140922 0.000162583 0.0006972513 2.831015e-05 0.0004767521 0.0002550691 0.0002339543 0.0002940893
18 0.0003448431 0.000295881 0.0003887462 0.0003122342 0.0009263016 0.0004293951 0.0007946969 0.0001359373 0.0008082884 0.0007085552 0.0001952349 0.0008020063
19 4.115189e-05 5.176907e-05 4.124477e-05 0.0001654041 0.0003184288 0.000139244 0.0004688164 2.452888e-05 0.0004652246 0.0003784623 0.0008563004 3.004034e-05
20 0.0003063792 0.0003494984 0.0002534451 0.0002285475 0.0008833917 0.0003951809 0.002240157 0.0007714403 0.0006738489 0.0004148466 0.0007458738 0.0009518925
21 0.0002529182 4.751758e-06 0.0001788071 0.000123508 0.0001643267 9.067427e-05 0.0001791313 0.0003516016 0.001154835 0.0007005067 9.984889e-05 0.0006202956
22 0.0001844508 2.335986e-05 0.0004274504 2.971448e-05 0.0001941856 0.0004148642 0.00012684 0.0001606921 0.001929752 0.0003166213 0.0003754903 0.001361936
23 3.006759e-05 4.086826e-05 4.248677e-05 6.091393e-05 0.0002517665 6.394468e-05 0.0003112209 3.37596e-05 0.0009660602 3.757409e-05 1.513063e-05 0.0002068481
24 0.0005023844 0.0004141076 0.0001934773 0.000234017 0.0004347707 2.162334e-05 0.0009018742 0.0009449799 7.768233e-05 1.442904e-05 0.001318739 0.0007141227
25 5.000928e-05 3.702011e-05 4.635534e-05 0.000139131 8.56036e-05 0.0002386652 0.0009524129 0.0001125777 0.0004378064 8.435315e-05 0.0006950474 0.0002359325
26 8.989782e-06 0.0002723642 0.0003846114 0.0002133282 0.0009264067 0.0007727201 0.0002689199 0.000464066 0.002225048 0.0002100985 0.000744589 0.0005314335
27 0.0005142417 0.0003363726 0.0003693585 9.166557e-05 0.000506813 0.0001730893 0.00215688 0.000165407 0.0008036189 0.0002243514 0.0004132666 0.002271723
28 5.639952e-05 0.0001471299 0.0002039557 0.0001626061 0.0003112929 0.0006305869 0.001217738 0.0004562053 2.603048e-05 0.0007729319 0.0007710334 0.001339103
29 0.0002152362 0.0001181306 1.01904e-05 6.098954e-05 0.0003438782 3.318917e-05 0.002311615 5.237731e-05 0.001789425 0.0001260636 3.241504e-05 8.349219e-05
30 3.822895e-05 0.0001120826 0.0002237564 4.737156e-05 0.0003454005 0.0001101761 0.0005975326 0.0002373758 0.00146837 0.0001524839 0.0004105923 0.0004242764
31 0.0009013497 0.0005501571 0.0005117089 0.0005858301 0.001339707 0.000755825 3.362715e-05 0.0005415312 7.378087e-05 0.000915611 0.0006053765 0.002685013
32 0.0003722775 0.0002665768 0.0001021825 8.383435e-05 0.0005204423 0.0002872688 0.0003846558 0.0001310493 5.501078e-05 0.0006924338 7.171887e-05 0.001448866
33 0.0008014623 0.001034322 9.848246e-05 0.0009631474 0.00138804 0.0002879502 0.002051562 4.333614e-05 0.001895522 0.001383445 0.0005015389 0.001352378
34 0.001028834 0.0003044823 9.091697e-05 0.0003021255 0.0008121356 0.0003592201 0.001120828 0.0002407752 0.002100299 7.476192e-05 0.0001167133 0.0005121005
35 0.002992312 0.002452055 0.001023763 0.000773036 0.005157387 0.001089111 0.001718506 0.001290467 0.001167488 0.0003388077 0.001701145 0.001045243
36 0.0002889715 7.973764e-05 0.0001186583 0.0001468701 2.261859e-05 0.0001963867 0.0004820571 0.0001457412 0.000595202 0.0003958845 0.0002029257 0.000532266
37 9.998076e-05 0.0002030367 2.723907e-05 5.468125e-05 0.0002093795 0.000475836 0.0001484978 0.0003126161 0.001684616 0.0008009159 0.0007712537 0.0001364735
38 0.0003160879 0.0003043977 2.202654e-05 0.0002268564 0.0004533055 0.0001042236 0.001835087 0.0006604239 0.0005351955 6.443312e-05 6.777524e-05 7.555295e-05
39 0.0004176567 0.0004684093 0.0002931228 5.159682e-05 0.0009260876 0.0002806686 0.001308378 0.0001186824 0.0007496516 0.0001821746 0.0003477139 0.0008637175
40 0.0007304624 0.0004816144 0.0002734781 5.775356e-05 0.001456815 0.0001747818 0.0006852006 0.0004672294 0.00128292 0.0002306552 8.836956e-05 0.00031761
41 0.0001774091 0.000268906 0.0002072303 5.622149e-05 0.0002697107 0.0002671498 0.002088386 0.0005498506 0.0003166681 0.0004499898 0.002136373 0.0009230267
42 0.001672853 0.001126511 0.0004733311 0.0003170077 0.002539438 0.001037015 0.001769764 0.001054843 0.0009700705 8.404495e-05 0.001581279 0.001997462
43 0.0003717857 0.0004954251 0.0002716165 0.0002497984 0.0013635 0.0005611952 0.001165462 0.0001852693 0.001692521 0.0007714654 0.0005857187 0.0002513271
44 0.001054778 0.0007821427 0.0001069046 0.0002953301 0.001287724 7.787228e-05 0.0003976163 3.635977e-05 0.00043178 3.597753e-05 0.0002468036 0.0003328714
45 0.0001761465 9.804736e-05 0.0003475156 8.46979e-05 0.0006230102 0.0004399253 0.002329388 0.0003105097 0.0009472097 0.001064807 0.0001770314 0.0004207779
46 0.0005007215 0.0002342408 0.0002150252 0.0001077472 0.0008033605 0.0007714321 0.0013139 6.070698e-05 0.001200755 2.372779e-05 0.0003163114 8.150251e-05
47 3.203727e-05 0.0002933268 6.532223e-05 0.0001207132 0.0007871411 0.0002886471 0.0004851374 0.0002750257 0.0009635848 0.0002624776 0.000913011 0.001554078
48 3.888979e-05 0.0002132054 8.09445e-05 6.039046e-06 0.0003991484 0.0005043557 0.001165055 2.323083e-05 0.0006255217 4.534922e-05 0.001592586 0.0003372992
49 0.0006675602 0.0003294465 7.750683e-05 2.74109e-05 0.0006184169 0.0003508489 0.0001163223 0.0003550034 0.0003441777 0.0001409097 9.738353e-05 0.0007344476
50 0.0004323869 0.0004692292 0.0001674981 0.0001119009 0.001034198 0.0003830029 0.001251803 0.0003780348 0.002279104 0.0001407182 0.0004980464 0.0002613057
51 0.0005557325 0.0004250518 0.000403758 0.0002767086 0.001149396 0.000664241 0.001161759 0.0002508294 0.0001222819 0.0004098057 0.001847152 0.0001919789
52 0.0002519881 0.0005907765 0.0002252177 7.58135e-05 0.0009981848 5.974871e-05 0.002135759 0.0006579352 0.0009937816 0.001337317 5.457201e-05 0.0009158713
53 8.928378e-05 3.990522e-05 0.0001591952 7.942298e-05 2.535531e-05 3.265571e-05 0.0001281681 0.0003333495 0.0007417009 0.0005221917 0.001264274 0.0006532735
54 1.852759e-06 0.0001573533 0.0003603929 4.807333e-06 5.710533e-05 3.334105e-05 0.0004834339 0.0002522232 0.0004412009 0.0001086498 0.0006277612 0.002220469
55 8.480843e-05 0.0002003881 2.92238e-05 0.0001076344 0.0003488253 0.0003456503 0.0004652643 3.875322e-05 0.0006490418 1.24723e-05 0.0002236592 0.0003197789
56 0.0002166439 0.0001874954 5.285293e-05 0.0001390101 0.0003339276 4.106825e-05 0.0001625692 0.0002830274 0.00158547 0.0002699664 0.0002678748 0.0004453134
57 1.17711e-05 3.659795e-05 4.131244e-05 5.642454e-06 5.488648e-05 7.921767e-05 0.0007254491 0.0002120063 0.0005615348 0.0003866917 0.00104338 5.055683e-05
58 0.0003639821 0.0002991022 0.0001707231 9.251534e-06 0.0008533846 0.000138518 0.001322744 0.0008176869 0.001977419 0.0005831907 0.0006454698 0.0001792626
59 0.0005388843 0.0002800215 0.0004455126 1.408102e-05 0.0005045973 6.527388e-05 0.0003561268 0.0005981761 0.0002437996 0.0003219883 0.001396943 0.002347163
60 0.0006755249 0.0004386054 0.0004894459 1.068555e-05 0.0009911153 0.0004542256 0.00065819 0.0002583342 0.00163056 5.356074e-05 0.002342185 0.0009762379
61 0.0004000102 0.0003566454 0.0005651626 0.0001305285 0.001066604 0.0006566297 0.00114457 9.081374e-05 0.0002808515 0.0002146836 0.0003598785 0.0001290578
62 0.0002727249 0.0002166421 0.00030271 6.173918e-06 0.0006180941 0.0002587807 0.001408634 4.888952e-05 0.0008946851 6.818804e-05 0.0005735564 7.400271e-05
63 0.002072411 0.001623219 0.0005733859 0.001062761 0.00294258 0.0003020727 0.001079073 0.001046014 0.0003212117 0.0005975684 0.0009213886 0.001776517
64 0.0007965029 0.000539338 7.651978e-05 1.968098e-05 0.0007554936 3.59914e-05 0.0009340475 7.778429e-05 0.0005851377 0.0007841116 0.002304194 0.001203887
65 0.000205189 0.0001840058 2.455357e-05 3.044602e-05 0.0006645327 3.456417e-05 0.0003150571 0.000401109 0.000423678 0.0006300977 0.001371659 0.0006158433
66 0.0001441891 0.000102392 0.0002959544 7.10392e-05 0.0003127099 0.0001588867 0.001979759 0.0005363616 0.0003361219 4.315504e-05 0.0003907622 5.888668e-05
67 5.875437e-05 5.356271e-05 0.000345852 1.784751e-05 0.0003043886 0.0001107332 0.0003508558 0.0005937991 0.002206173 0.000544319 0.0009696352 0.0007237531
68 8.66589e-05 0.0001044683 3.306103e-05 3.998992e-05 0.0001696045 4.0246e-05 8.319921e-05 0.000306333 0.0003930921 0.0003339523 0.0004681649 0.0002465203
69 0.001674617 0.0008306263 0.0007858296 8.19469e-05 0.002062231 0.0009222053 0.002312485 0.0007544783 0.00139806 0.0001010166 0.001805466 0.0002943893
70 0.0007335806 0.0003537621 2.919219e-05 0.00010506 0.0007211398 1.14656e-05 0.0003704417 0.0005074942 0.002500558 0.0003265496 0.002115885 1.158558e-05
71 0.0004535185 0.0002019924 2.911271e-06 3.60117e-05 0.0005019921 0.00024534 0.002379376 2.082412e-05 0.0003456624 0.0003059159 0.001397442 0.001632888
72 0.0008267628 0.0006583881 5.280845e-05 3.470995e-05 0.00139858 0.0004365266 0.0002176868 4.200246e-06 0.0005978487 0.0001617686 0.001022764 0.0008239437
73 0.0003783815 0.000270826 0.0003123651 0.0001274942 0.0004985548 0.0002155921 0.0001651788 9.964045e-05 0.0006915317 0.0005957157 0.001066528 0.0002920551
74 0.0001831013 0.0003834696 0.0001530867 5.832714e-05 0.0004354044 0.000694024 0.001514311 0.0002096419 0.0006916464 0.001008331 0.0008740765 0.000141494
75 0.000412099 0.0003552047 0.0002754723 4.839743e-05 0.0006064953 0.0002113739 0.0004086168 0.0002165537 0.0004119983 5.885717e-05 0.0002844455 0.0002375345
76 0.0004691163 0.0002965828 0.0001710731 0.0001447374 0.0005753517 0.0002641526 0.001024961 0.001148535 0.000604407 0.0001552747 0.002506286 0.001589519
77 0.0003130187 0.0001287287 0.0002240509 4.4121e-05 0.0002590683 0.0004492615 0.0006281005 2.767558e-05 0.0002497861 0.000420512 0.000340308 0.0007876244
78 0.0003931581 0.0001991671 6.084743e-05 1.531587e-05 0.0003592917 0.0003425253 0.0006579871 0.0005570914 0.0008322007 8.763439e-05 0.0009323028 0.001201457
79 6.962069e-05 0.0002360047 0.0002735393 5.322695e-05 0.0005474728 0.0001650494 0.000762886 0.0001835689 0.001666363 0.0002080873 5.969761e-05 0.0005721734
80 3.75607e-05 0.0001493647 0.0002958965 9.685191e-05 0.0004132969 0.0003051411 0.0001163918 0.0002497334 0.0006625303 0.0005152941 0.001535571 0.001283912
81 0.0008934089 0.0004674107 0.0003578095 7.437705e-05 0.001205618 0.0001666278 0.001126489 0.0009446391 0.001158902 0.0006575683 0.001518761 0.0009443627
82 0.0003007201 1.321415e-05 0.0001820133 1.215192e-05 2.416119e-05 2.459145e-05 0.0002951797 0.0002791032 0.0006802028 0.000242704 0.000773764 0.0006220528
83 0.0009875953 0.0001816016 0.0003906055 0.0003369747 0.001358812 0.0009080163 0.002254584 7.838854e-05 0.000212344 0.0001569895 0.001324199 0.0001612449
84 0.0001627163 0.0002973633 0.0002798497 0.0002717885 0.0006226356 5.102327e-05 0.0004948855 5.956834e-05 0.0004673148 0.0003842418 0.0008800729 0.0006888192
85 0.0001611631 0.000166433 4.6368e-05 0.0002309553 0.0004176757 0.000364211 0.0006003575 0.0005781377 0.0005619369 0.001061516 6.674775e-05 0.001982916
86 0.0003384946 9.758972e-05 3.017322e-05 3.619568e-06 0.0003441525 0.0001746328 0.0004072596 0.0002013468 9.613289e-05 0.0005150671 0.0008376157 0.001692797
87 9.957658e-06 6.612612e-05 5.481036e-05 8.896462e-05 0.0001042372 0.0001422948 0.001029393 0.0005784663 0.001004158 0.000543565 0.001017737 0.0016106
88 9.820184e-05 6.326558e-05 0.0002133372 0.0001138335 0.0001435594 1.868133e-05 0.001231373 8.522536e-05 0.000976626 0.0004899503 0.0008727359 0.0009706276
89 0.0001506379 4.887722e-05 0.0001276328 0.000242725 0.000306045 0.0002496169 0.0004532061 0.0002301307 0.001657868 0.0004409596 0.0005467044 0.0003649217
90 0.0005568412 0.0002983318 0.0001587892 0.0001492015 0.0006924166 0.0004142156 7.61647e-05 4.811609e-05 0.001877728 0.0002731273 0.0002504451 0.0002802466
91 0.0001467622 0.0003194386 0.0002060507 6.362187e-05 0.0009776985 0.0005506742 0.0008317439 0.0001376907 0.0008508132 0.0002972898 0.001152555 0.0006227404
92 0.0002679946 0.0001998859 1.075538e-05 0.0001442165 0.0002511706 0.0003325751 0.0006206484 9.086337e-05 0.002544414 0.0002657381 0.001209072 0.001431024
93 0.0003624446 0.0003105456 6.877693e-06 8.81122e-05 0.0006728111 7.057858e-05 0.00126774 0.0003231283 0.000135093 0.0007699121 0.0003934632 0.002314293
94 0.0003499419 0.0002256402 0.0001112886 8.496661e-05 0.0005062902 0.0001078724 0.0002665965 0.0001508324 0.0002630602 0.0002340308 0.001084871 0.0004077112
95 0.0004401324 0.0001614821 9.415131e-05 1.496882e-05 0.0001777014 2.818817e-05 0.0009028185 0.000320123 0.000747386 0.001003844 0.0003742997 0.001545984
96 0.0005527037 0.00022964 7.631113e-05 0.0001420608 0.0006570011 0.0001930751 4.660144e-05 0.000965225 0.001740947 0.0004103946 0.002245298 0.0001143244
97 0.000330846 5.924091e-05 0.0001060082 6.695427e-05 0.0001580997 0.0003696675 2.224642e-05 0.0003806719 0.0001817698 0.0007653149 0.000597431 0.0002968321
98 0.00155415 0.001076668 0.0004161253 0.0004904992 0.00242056 0.0003907234 0.000172742 0.0001928213 0.0007738785 0.0008872465 0.001493455 2.262706e-05
99 0.0002129641 0.0001740003 0.0001048855 0.0001492577 6.458181e-05 7.037631e-05 0.0007143325 4.512582e-05 0.00173298 2.477867e-05 0.0008209768 0.0001905723
100 0.0006500182 0.0002981015 8.870727e-05 5.049826e-05 0.0003637491 0.0001726911 0.0003973883 0.000182092 0.0006152134 0.0001346938 0.0008929786 0.001505254
