1 0.07383893 0.3106526 0.06873676 0.1253296 0.2685327 0.3280303
2 0.2430944 0.06339216 0.02328221 0.08089993 0.009157851 0.07391206
3 0.05741019 0.1084629 0.06540503 0.04921016 0.14781 0.3189585
4 0.005649812 0.1165089 0.08013158 0.2061847 0.01554503 0.2316689
5 0.0001879188 0.07262085 0.4117823 0.4464708 0.04601771 0.1588205
6 0.003266555 0.03603545 0.2982413 0.4515315 0.2625023 0.03467642
7 0.04992266 0.0005138992 0.2369367 0.1721641 0.03805494 0.06212353
8 0.1596743 0.09261295 0.2003041 0.2591186 0.1124104 0.06633208
9 0.1068336 0.05565026 0.1483176 0.01274223 0.07098609 0.2331739
10 0.276169 0.07628053 0.03992114 0.1691909 0.1076753 0.08720091
11 0.1289775 0.301953 0.4766716 0.4302145 0.155057 0.08402674
12 0.1394395 0.1691357 0.06061906 0.1840994 0.07394532 0.2367229
13 0.04458068 0.05322743 0.07121696 0.3385237 0.04356726 0.2606441
14 0.08892029 0.1738857 0.2283937 0.2413945 0.1228534 0.0298326
15 0.06555455 0.06205205 0.1495342 0.4553432 0.1607211 0.07311071
16 0.08886225 0.02679408 0.2622794 0.1224818 0.1817039 0.3414717
17 0.1613576 0.2377218 0.5484272 0.4260473 0.005776394 0.1599903
18 0.2539925 0.2735562 0.253732 0.1332729 0.1769533 0.1052814
19 0.09294884 0.2824336 0.5525349 0.2231789 0.1190044 0.1114471
20 0.002495542 0.02950909 0.009271147 0.03981589 0.02782936 0.07244926
21 0.05293875 0.1020904 0.2271022 0.007129277 0.04964403 0.2296577
22 0.04858619 0.09621867 0.1295304 0.4368111 0.1543034 0.104566
23 0.02830579 0.02550222 0.2117608 0.1397669 0.2067271 0.0832576
24 0.2727713 0.1305204 0.005134458 0.06112895 0.06643854 0.0444693
25 0.05925599 0.1012405 0.3028278 0.2363405 0.1258684 0.03838868
26 0.1954894 0.1045668 0.2372638 0.2263564 0.01860052 0.1066598
27 0.08235604 0.08641338 0.3013632 0.09710662 0.1134922 0.2037657
28 0.3453591 0.2184266 0.1283333 0.01714524 0.1543555 0.09007141
29 0.05674687 0.1710936 0.5107152 0.5999498 0.3630524 0.152734
30 0.1062015 0.02721521 0.5402565 0.3056106 0.0535581 0.03905005
31 0.01433666 0.1941392 0.1717555 0.266367 0.2099253 0.1651757
32 0.06504015 0.005722608 0.4902346 0.2870705 0.06254498 0.1476831
33 0.1552159 0.2783162 0.1315723 0.006162858 0.1484847 0.2324973
34 0.02838865 0.1233661 0.1492318 0.03390342 0.2003115 0.07523664
35 0.04137668 0.04211606 0.3449196 0.1887045 0.1047496 0.05263244
36 0.01385938 0.04809505 0.1255904 0.3246231 0.003010137 0.2130112
37 0.02826223 0.1164522 0.1932256 0.2138714 0.3338127 0.06884402
38 0.4279993 0.3978131 0.12654 0.2209388 0.5388311 0.7370718
39 0.007808617 0.2150649 0.2442532 0.1504025 0.2129137 0.1543533
40 0.007784535 0.0005698866 0.2682822 0.6033581 0.1518967 0.2033795
41 0.2168417 0.1469575 0.04865056 0.06834671 0.1708945 0.1460337
42 0.1267568 0.4928698 0.6408898 0.481445 0.4478519 0.2418463
43 0.07255474 0.02582703 0.4264652 0.1824385 0.2334639 0.2779638
44 0.09602744 0.2152702 0.2157897 0.2022671 0.2610812 0.1318425
45 0.4031917 0.2036453 0.2792337 0.2767993 0.15021 0.2633902
46 0.2705323 0.461634 0.4432372 0.5829413 0.4156806 0.229777
47 0.1786213 0.219874 0.4420615 0.3680372 0.2003865 0.3364858
48 0.195494 0.1192686 0.3004186 0.07633834 0.0808407 0.1825534
49 0.005371244 0.04924009 0.2026503 0.3365149 0.157597 0.01902626
50 0.01405596 0.2300719 0.3161911 0.3273077 0.009581999 0.1336365
51 0.05982493 0.1148557 0.07969975 0.20566 0.2398697 0.2278799
52 0.01966959 0.1923508 0.4421403 0.0004053492 0.2916591 0.2050773
53 0.04224995 0.1408182 0.6787885 0.3419452 0.008183446 0.2128547
54 0.00323123 0.09248366 0.0675432 0.2402216 0.140102 0.3041197
55 0.1455672 0.07103679 0.0828825 0.1351277 0.1956283 0.1201605
56 0.02512107 0.1729843 0.1865507 0.1854241 0.1926603 0.1603552
57 0.01973949 0.1262119 0.4380452 0.5821219 0.144517 0.2574735
58 0.0367467 0.2297524 0.1330735 0.1675041 0.08528359 0.001965727
59 0.1241062 0.2066609 0.713588 0.3946124 0.1259164 0.2339079
60 0.1169225 0.2286854 0.4246909 0.3882291 0.0287415 0.08479691
61 0.08716837 0.1385257 0.4454146 0.4040682 0.06198461 0.06059436
62 0.2632723 0.1815992 0.05215982 0.127451 0.1670681 0.1771714
63 0.1262803 0.07969451 0.1586662 0.05942141 0.04764544 0.1197876
64 0.01583696 0.03420692 0.2250527 0.1936321 0.01795653 0.2044024
65 0.1220418 0.1065846 0.179369 0.1956554 0.0360875 0.2434531
66 0.01576422 0.1923806 0.2488062 0.1142485 0.05528573 0.132083
67 0.1540903 0.06725333 0.2406198 0.09361691 0.4035997 0.02247648
68 0.0905364 0.0347381 0.03632376 0.1659462 0.0875272 0.03986841
69 0.1135992 0.09036847 0.1386174 0.1198523 0.2163894 0.009089305
70 0.07712342 0.2359164 0.1562024 0.009067737 0.03059386 0.1561029
71 0.02095224 0.2633921 0.2808018 0.1307766 0.05023969 0.2970283
72 0.2024211 0.1551245 0.2440958 0.1261691 0.1228167 0.1885245
73 0.06166204 0.1241923 0.2311956 0.3363381 0.04199757 0.08644757
74 0.01384181 0.04513851 0.2663328 0.2793121 0.08760363 0.1317492
75 0.03768063 0.01568208 0.4138861 0.4908238 0.4249086 0.4017809
76 0.1516329 0.1300164 0.3347505 0.498588 0.1544266 0.1867336
77 0.1908604 0.4084742 0.0440623 0.05384642 0.1999736 0.3044691
78 0.03241299 0.100978 0.05740945 0.2338174 0.1033409 0.02418336
79 0.09255449 0.2382786 0.2752187 0.3889069 0.5428897 0.4250726
80 0.01350221 0.08799033 0.1900421 0.1654368 0.1100304 0.2301517
81 0.00717967 0.1420434 0.03288226 0.1468321 0.09575289 0.1097905
82 0.2451576 0.1299126 0.02241258 0.03890929 0.07582396 0.06466205
83 0.1405972 0.08185283 0.06424142 0.08809244 0.1027987 0.06216849
84 0.2780404 0.3955154 0.1487723 0.06964774 0.2256896 0.2378184
85 0.01340906 0.06382244 0.144959 0.2243215 0.1428993 0.1210166
86 0.01934912 0.0071945 0.1618389 0.05503365 0.09895204 0.270006
87 0.1224298 0.1792055 0.1959195 0.2698103 0.1311522 0.01183134
88 0.1169233 0.07668947 0.0436316 0.1969467 0.132761 0.1689852
89 0.0498619 0.04141717 0.3104738 0.1912635 0.2437122 0.03040669
90 0.1521317 0.179376 0.31983 0.3944414 0.02116796 0.153115
91 0.07944797 0.01141901 0.2068471 0.05756424 0.04144373 0.2538016
92 0.02955487 0.2163592 0.243453 0.1233715 0.1396874 0.03766292
93 0.1187809 0.2285279 0.2029186 0.4300222 0.07997946 0.2971903
94 0.01282708 0.09257608 0.01377451 0.1027625 0.4337675 0.4391909
95 0.0585169 0.009686498 0.3671207 0.2599985 0.04657536 0.005154037
96 0.003416593 0.1331078 0.01037254 0.03656546 0.2104331 0.2471681
97 0.131446 0.1619082 0.4102551 0.02416901 0.487844 0.3954694
98 0.1551955 0.298566 0.1588664 0.06787682 0.04269167 0.146444
99 0.09316156 0.1079133 0.01119147 0.1586139 0.03237914 0.07196453
100 0.225304 0.1970182 0.01718105 0.3471949 0.1474434 0.004439634
