1 0.1165166 1.507146 0.1090631
2 0.464327 0.1637346 0.1858273
3 0.2485309 0.9176872 0.7736745
4 0.1490159 1.376619 0.08926243
5 0.6398582 0.05649955 0.004577874
6 0.2164231 1.613485 0.07996838
7 0.7625013 0.08817149 0.2583007
8 0.5970194 0.4959614 0.04563334
9 0.7875593 0.03873771 0.1023055
10 0.3395821 1.36784 0.4241798
11 0.9048127 0.5322412 0.5983064
12 2.076891 1.561075 0.3015682
13 0.6898801 1.427185 0.4115229
14 0.4160308 0.9572896 0.3256306
15 0.5552959 0.8172165 0.3023156
16 0.453016 0.960058 0.02836177
17 0.3570401 1.841566 0.4320108
18 0.3396261 0.6818503 0.3828082
19 0.08366877 0.7099924 0.3233801
20 0.1306834 0.727395 0.5647442
21 0.276113 0.2993567 0.06200151
22 0.2452784 0.1137362 0.0013653
23 0.6361606 0.8866909 0.03259984
24 0.5212378 0.9954348 0.5370116
25 0.7648731 1.908166 0.2064505
26 0.1964298 1.259645 0.04330871
27 0.003995385 1.009841 0.6932932
28 0.1767852 0.7104893 0.1380935
29 0.1194292 0.4433372 0.0109513
30 0.05340841 1.258784 0.6246055
31 0.4653582 2.48293 0.07194708
32 1.42024 1.676838 0.09473896
33 0.4008993 0.3185515 0.06776858
34 0.007702875 0.170357 0.363056
35 0.2909671 0.7335558 0.8111797
36 0.4765588 1.401289 0.05109478
37 0.04733993 0.584455 0.1040937
38 0.6355246 0.5776291 0.2616924
39 0.3763497 0.555625 0.2071908
40 0.08076193 0.07236801 0.05896907
41 0.3686923 1.19213 0.1022759
42 0.2971178 1.542091 0.002522076
43 0.7264127 1.483055 0.1887345
44 1.154326 0.5392801 0.1217343
45 2.018619 0.578933 0.4633962
46 0.4407014 2.015741 0.0196386
47 0.03907735 1.104595 0.2019574
48 0.2660303 0.3553609 0.1664327
49 1.170374 1.945575 0.05650897
50 0.3352189 0.7069901 0.04466487
51 0.6091607 0.4484799 0.216591
52 0.09300382 1.252701 0.3270161
53 0.01195493 0.1898853 0.07293218
54 0.6188728 1.344127 0.7653823
55 0.7535622 0.3802876 0.1793451
56 0.9196293 0.1079493 0.545903
57 0.01855353 0.06913972 0.03827936
58 1.289824 0.8023289 0.2754236
59 0.04187085 0.4336703 0.203637
60 0.8495967 1.376847 0.03735774
61 0.08921767 1.616848 0.00431552
62 0.2986354 0.9369458 0.2924155
63 0.2750891 0.8661576 0.6959247
64 1.433007 0.4721061 0.06626404
65 0.7540452 0.2040346 0.6907742
66 0.2554961 0.6998365 0.241957
67 0.399234 0.643164 0.1441871
68 0.03372326 0.8913538 0.2441452
69 0.4269355 0.7183221 0.2954331
70 0.3488193 1.445644 0.2010117
71 0.1171228 1.13598 0.2317405
72 0.3235915 0.5855222 0.155854
73 0.6447926 0.7488707 0.4030725
74 0.8000689 1.538862 0.3121469
75 0.2719746 0.004085679 0.3028441
76 0.366073 2.845121 0.006000322
77 0.3034929 0.7279587 0.3415873
78 1.125009 1.129682 0.7276587
79 0.7222247 0.1801724 0.8393452
80 0.1169709 1.660386 0.2808067
81 0.5972027 0.2639134 0.108679
82 0.3525914 1.792297 0.5524385
83 2.481953 1.294838 0.2694107
84 0.7326498 0.5171257 0.1815604
85 0.3222588 1.423416 0.09075353
86 0.09494649 1.603798 0.4385356
87 0.6910882 0.4568279 0.2026075
88 1.460199 2.093807 0.356035
89 0.2920953 0.3184468 0.4067511
90 0.2851416 0.8761935 0.06695633
91 0.03533434 0.7851124 0.1896497
92 0.3446342 1.788427 0.08163295
93 0.1151501 1.467498 0.00627537
94 1.622775 0.5729644 0.7516124
95 0.3391609 0.83984 0.1266427
96 1.380361 1.33586 0.876814
97 0.1595412 0.2331568 0.1203097
98 1.494671 1.333651 0.3000228
99 0.199192 0.3278012 0.07591475
100 0.1478497 1.210116 0.3647614
