1 0.001967859 0.0968653 0.207801 0.2447712 0.2943907 0.2985591
2 0.1428197 0.1767716 0.1319096 0.3187712 0.2318346 0.2328336
3 0.004343313 0.1751533 0.2088182 0.3387846 1.010453 1.013832
4 0.1903677 0.2383379 0.4475081 0.2869523 0.5819557 0.3031144
5 0.2956082 0.21171 0.1214036 0.01437762 0.5146926 0.2259265
6 0.255296 0.02308834 0.1015095 0.4332967 0.2444612 0.3439534
7 0.1833503 0.1347 0.1813234 0.2508943 0.04882321 0.2149486
8 0.3692125 0.4908784 0.5617281 0.7152458 0.4661689 0.6685852
9 0.1007559 0.02358494 0.3249129 0.1537141 0.1879603 0.318332
10 0.1386347 0.2576992 0.061881 0.01551454 0.7414706 0.4682023
11 0.07562271 0.02811748 0.05367874 0.02417187 0.2138338 0.2024213
12 0.1600909 0.4370069 1.024042 1.255056 0.7129432 0.9011178
13 0.1307404 0.2713125 0.2514358 0.4507423 0.02527863 0.02760199
14 0.6029792 0.457865 0.2290323 0.635612 0.8081021 0.9145553
15 0.02156048 0.4288786 0.2720984 0.1211031 0.2707922 0.4612958
16 0.1431596 0.4345503 0.3087232 0.4435567 0.09316557 0.06600293
17 0.1183882 0.1103942 0.5359627 0.6305595 0.2799503 0.05655149
18 0.05483309 0.2091556 0.04733782 0.1759394 0.199031 0.4057046
19 0.04543019 0.01732397 0.2018498 0.3345212 0.2553926 0.2784163
20 0.04269576 0.05150438 0.08542485 0.2570632 0.1548311 0.08100295
21 0.1583568 0.3075176 0.1356423 0.1358016 0.4243945 0.1989098
22 0.4059564 0.03295457 0.216863 0.006835587 0.00277265 0.07086542
23 0.09943458 0.0928408 0.6952735 0.5050041 0.4002913 0.4492412
24 0.2023161 0.06991915 0.05887681 0.007434425 0.09436181 0.1474326
25 0.2400433 0.0791117 0.09051296 0.2958661 0.5427025 0.1597655
26 0.220924 0.1116876 0.5300147 0.3620404 0.3675058 0.1936035
27 0.08688266 0.1251397 0.2096457 0.6413231 0.09160469 0.1401287
28 0.04680456 0.1416676 0.568698 0.0601211 0.002028037 0.002077805
29 0.1859036 0.05617352 0.02598893 0.2366287 0.109282 0.1741174
30 0.210717 0.1872234 0.159645 0.2702684 0.08777781 0.08983737
31 0.2473489 0.2077664 0.4902827 0.1496659 0.2828689 0.1502476
32 0.004216996 0.05478703 0.5286345 0.3081822 0.4074341 0.04432863
33 0.1665503 0.2665875 0.3342944 0.2980271 0.04812338 0.103497
34 0.2213368 0.1525828 1.07676 1.10162 0.08996139 0.1176415
35 0.07938644 0.2071739 0.1405626 0.05666809 0.04583351 0.1444656
36 0.1047677 0.07464388 0.8698093 1.026968 0.1855847 0.08984149
37 0.01341275 0.2127869 0.1149466 0.3306713 0.05492134 0.09425207
38 0.2203569 0.1072756 0.3071869 0.3876479 0.3605065 0.2227479
39 0.02002798 0.01477931 0.1371964 0.464836 0.09358455 0.1361554
40 0.04048472 0.2780518 0.07591052 0.1381489 0.2863707 0.1248651
41 0.1139519 0.0093411 0.2437381 0.2025376 0.5087948 0.08486576
42 0.05695926 0.2179629 0.2594944 0.9596237 0.1357884 0.1595019
43 0.0694239 0.02934984 0.1538422 0.01173483 0.01806334 0.0617084
44 0.04744582 0.6265662 0.05817452 0.2136864 0.0331311 0.1415626
45 0.02916549 0.177983 0.2421964 0.06737988 0.4524561 0.4600016
46 0.1004362 0.1294804 0.3203963 0.5247939 0.3553925 0.02286121
47 0.2543727 0.3618542 0.4420426 0.5264486 0.563914 0.5976559
48 0.02847873 0.3513289 0.1645255 0.1427177 0.3470926 0.2780437
49 0.3565103 0.546375 0.6851846 0.4125526 0.1240793 0.2630703
50 0.0005694721 0.1235112 0.1375456 0.3554109 0.04841596 0.02301209
51 0.02441863 0.03576237 0.1550675 0.001658974 0.1688554 0.0175774
52 0.002863036 0.0503869 0.001992758 0.2619575 0.2782451 0.1542827
53 0.01445826 0.02975743 0.1213849 0.1587296 0.246072 0.6418632
54 0.09317451 0.3660289 0.400685 0.2879585 0.3398843 0.1370293
55 0.02335757 0.03574664 0.3601558 0.06827222 0.08090803 0.09962169
56 0.3836711 0.6156609 0.1890163 0.117327 0.3241635 0.4167097
57 0.0137939 0.06159452 0.4117131 0.3264562 0.5544291 0.4291007
58 0.02469762 0.08928015 0.7012464 0.4308346 0.4330772 0.5035716
59 0.1589561 0.1910804 0.2461568 0.08776223 0.3175627 0.2481987
60 0.05122455 0.05872549 0.2631455 0.2681732 0.07210452 0.009487052
61 0.07241954 0.1080963 0.2306166 0.1526762 0.04413396 0.1541305
62 0.2450825 0.1348562 0.1002888 0.2521542 0.2235973 0.03670216
63 0.1262878 0.2635541 0.54813 0.5728106 0.6608569 0.2959654
64 0.196006 0.2782457 0.1620772 0.112766 0.4364974 0.540071
65 0.3035851 0.15761 0.2218896 0.2462656 0.4537438 0.2674869
66 0.1258161 0.2139188 0.02430052 0.2238186 0.3768256 0.2043591
67 0.1496771 0.0671049 0.4734774 0.09563022 0.3558055 0.4038872
68 0.2417026 0.5377464 0.548531 0.5923296 0.2506601 0.4627557
69 0.08126283 0.1199072 0.01871403 0.183989 0.1279608 0.4255256
70 0.01326075 0.07608915 0.1844779 0.007102152 0.1029447 0.05978386
71 0.1233408 0.2219832 0.2575741 0.1019643 0.3098472 0.4342862
72 0.08133332 0.1802172 0.2707499 0.3483923 0.116076 0.1448442
73 0.00910822 0.1016471 0.278211 0.198387 0.1073521 0.04651862
74 0.2449572 0.02963303 0.0953218 0.08752162 0.1258689 0.1931155
75 0.3816915 0.3890027 0.3679907 0.266631 0.1184641 0.1841521
76 0.1517911 0.2139087 0.7527493 0.8271652 0.4543497 0.7232685
77 0.07785112 0.0920042 0.01325151 0.02786482 0.1747435 0.1310093
78 0.01600256 0.1516869 0.01856806 0.002244619 0.1246923 0.1168333
79 0.2204539 0.03090865 0.2381387 0.1670114 0.1097861 0.09303692
80 0.07667768 0.2116155 0.04477444 0.0862118 0.4021159 0.554977
81 0.0747928 0.1544572 0.1576968 0.3298917 0.01823496 0.4049419
82 0.1121504 0.186666 0.1607649 0.4425745 0.1102233 0.1804644
83 0.1340843 0.03561539 0.3285473 0.6883923 0.2885118 0.5135374
84 0.01117898 0.1878959 0.2571316 0.3223346 0.01431439 0.2769884
85 0.1167334 0.1347902 0.08225401 0.3205666 0.1883792 0.2407043
86 0.08921583 0.07254753 0.3572041 0.6262034 0.490318 0.2984148
87 0.2794264 0.1498938 0.09741508 0.07162237 0.1240332 0.1080797
88 0.2004523 0.1159459 0.05872365 0.009433353 0.3754676 0.4637165
89 0.2323743 0.4469003 0.1633406 0.2028815 0.3751474 0.3668444
90 0.06847612 0.1307367 0.06405067 0.05402019 0.406751 0.1896515
91 0.2264934 0.1942905 0.6247271 0.3727575 0.03445999 0.09815923
92 0.02951827 0.2247432 0.5294607 0.8001695 0.3431112 0.3697639
93 0.3076742 0.328411 0.1355776 0.07621801 0.3489877 0.2606268
94 0.2011121 0.4638866 0.5557942 0.5790795 0.4814726 0.5134698
95 0.07235456 0.2254942 0.4080353 0.1487794 0.144905 0.4788873
96 0.08349536 0.3149151 0.1519582 0.3366076 0.3329494 0.4232812
97 0.03947791 0.3103 0.4717396 0.3030578 0.007233766 0.115799
98 0.06321278 0.1378291 0.4375686 0.1125773 0.07770775 0.2895569
99 0.1564437 0.39078 0.14457 0.4102821 0.2066854 0.01144442
100 0.3486431 0.0417385 0.003041166 0.01173711 0.1128035 0.1593103
