1 0.07425938 0.06993675 0.1644097 0.07394787 0.06393118 0.1178405
2 0.06014852 0.04198621 0.09454047 0.3008467 0.06320656 0.05009089
3 0.04521684 0.1922655 0.04959414 0.1565346 0.4290538 0.594178
4 0.1322075 0.1438813 0.0450647 0.02872653 0.2667641 0.02350119
5 0.3564281 0.113152 0.04529131 0.1690147 0.4443752 0.1517199
6 0.144443 0.09904876 0.1288784 0.3355091 0.2367494 0.08999922
7 0.1591663 0.04773057 0.2128825 0.283506 0.01757271 0.09249111
8 0.01035908 0.1161717 0.01516666 0.1861146 0.1195857 0.2605995
9 0.02771523 0.08421688 0.1417923 0.03538019 0.05987702 0.1680409
10 0.1001372 0.1294309 0.1628397 0.1363829 0.4652019 0.2008955
11 0.1007241 0.04164315 0.04022883 0.1072173 0.1943246 0.185625
12 0.1334039 0.03047851 0.0004206907 0.2877432 0.0987823 0.00225696
13 0.008469851 0.1420432 0.05380353 0.3502193 0.01486855 0.1027972
14 0.01166739 0.09768278 0.2323152 0.06758869 0.08807109 0.04420096
15 0.01126036 0.1130183 0.2442996 0.06747788 0.1680445 0.3202136
16 0.3279462 0.235043 0.09834355 0.2977339 0.179652 0.112839
17 0.2250091 0.08274684 0.04107595 0.2078518 0.3674709 0.08329975
18 0.194948 0.0548124 0.3120876 0.2909204 0.04264238 0.193702
19 0.0316767 0.07238389 0.1566686 0.2307297 0.2122532 0.07390656
20 0.0433637 0.1290125 0.1015513 0.2972996 0.1880531 0.233091
21 0.03677319 0.09408157 0.1010632 0.07865277 0.2600544 0.04378138
22 0.1713616 0.1122668 0.08841559 0.1361239 0.0734904 0.05356081
23 0.06196034 0.05712838 0.1743101 0.02868074 0.1592638 0.1018796
24 0.2312091 0.2005071 0.345262 0.3516001 0.04326231 0.09824854
25 0.3079617 0.05073901 0.1192404 0.09522952 0.4650195 0.003123766
26 0.02870448 0.02904999 0.2080097 0.07052305 0.1905981 0.0002462884
27 0.079027 0.1255183 0.1146449 0.4419177 0.09686223 0.0786524
28 0.2539233 0.1839144 0.2964832 0.3838087 0.3662795 0.294872
29 0.03302984 0.04571117 0.1059118 0.1591955 0.2642646 0.02210503
30 0.02434386 0.07335584 0.1559276 0.1658837 0.3690098 0.02869043
31 0.08801513 0.2895918 0.3093564 0.09932152 0.2969412 0.01339947
32 0.1225884 0.01948885 0.1926036 0.1153538 0.134567 0.03591607
33 0.2941131 0.0847291 0.1399396 0.361849 0.1788347 0.09461628
34 0.1284426 0.1078025 0.5300775 0.6027521 0.1624178 0.09303317
35 0.1681738 0.02943789 0.03473449 0.04194586 0.1233026 0.1944805
36 0.03293174 0.06565877 0.07155679 0.2622491 0.13781 0.1643406
37 0.1141482 0.1629332 0.1212454 0.06143894 0.2784726 0.1283635
38 0.08585518 0.04300408 0.009508343 0.07787286 0.08949333 0.01146338
39 0.04654027 0.1141377 0.05671741 0.2459524 0.06816134 0.06259128
40 0.2183432 0.06791016 0.3868781 0.02036436 0.2839564 0.1991143
41 0.01313575 0.03516081 0.3270092 0.3720493 0.1614304 0.1491875
42 0.07337606 0.1432248 0.1815231 0.7393005 0.2554782 0.09231285
43 0.02869002 0.006360015 0.1640532 0.2358392 0.0001692601 0.07137645
44 0.06842521 0.4158485 0.2018263 0.1346231 0.1818894 0.05292042
45 0.00269144 0.1164615 0.1783934 0.0461946 0.3030179 0.4632002
46 0.03957493 0.05396332 0.1117474 0.1030409 0.3698092 0.09319425
47 0.06127509 0.2247578 0.107718 0.2070364 0.2378795 0.4099071
48 0.002682393 0.2044783 0.1595676 0.1507621 0.3062908 0.03151815
49 0.1464125 0.2412963 0.2262396 0.09456995 0.03307616 0.1109781
50 0.1027836 0.02310213 0.2314276 0.1657164 0.1626102 0.2330561
51 0.04683711 0.08000894 0.2465923 0.05404685 0.08890541 0.2489763
52 0.03289472 0.04292694 0.1560615 0.1993961 0.2734012 0.03114887
53 0.1687741 0.1278624 0.1787177 0.4764918 0.02262273 0.3769421
54 0.06742144 0.1905625 0.09280257 0.009667124 0.2655822 0.0007802875
55 0.1243822 0.04064312 0.2746899 0.04107806 0.04327177 0.07660361
56 0.1946482 0.3086509 0.06858645 0.06667655 0.1676511 0.1223429
57 0.02917136 0.08246538 0.231241 0.03780634 0.2139474 0.007524629
58 0.2367759 0.1650122 0.2141847 0.05139396 0.09723618 0.01959484
59 0.05132149 0.08273382 0.2241229 0.09369104 0.0802619 0.008575832
60 0.02970252 0.003159689 0.003927621 0.02313161 0.01055778 0.08769395
61 0.1322307 0.1842506 0.5503823 0.3663128 0.2073729 0.3559987
62 0.1222261 0.1888089 0.1153015 0.2289643 0.2096241 0.04311586
63 0.07976707 0.1061355 0.2205844 0.05777582 0.3261712 0.05872328
64 0.01542926 0.05078636 0.05866076 0.08157881 0.08879398 0.06868266
65 0.2255289 0.036948 0.008149695 0.2157311 0.2132922 0.05861465
66 0.3165613 0.07564258 0.09522045 0.06186602 0.001380719 0.1742125
67 0.1123617 0.0992732 0.1046867 0.1258762 0.1053448 0.06253328
68 0.06064815 0.3069571 0.09523614 0.1190686 0.1048951 0.07199814
69 0.2447098 0.09620642 0.09451511 0.4355628 0.01534682 0.07916422
70 0.1363189 0.005641254 0.2776819 0.05916172 0.2587688 0.3510801
71 0.1333013 0.09016576 0.2186829 0.2865684 0.02917818 0.09510394
72 0.0944642 0.1223077 0.003946247 0.06214682 0.2009357 0.08410721
73 0.07486233 0.007434858 0.01840427 0.05125317 0.2101726 0.2516111
74 0.2568788 0.01890217 0.05832398 0.06228755 0.09808493 0.1407645
75 0.06303249 0.05215758 0.1146867 0.1123493 0.2339372 0.04421852
76 0.04184497 0.06827859 0.01699602 0.03028938 0.04857113 0.247055
77 0.04671016 0.003183918 0.4879773 0.2471079 0.1145915 0.07591896
78 0.005758041 0.2988913 0.2657818 0.1598399 0.1053694 0.1162678
79 0.2921482 0.08346091 0.1155625 0.0807003 0.1656242 0.008255919
80 0.1272391 0.05056168 0.03117917 0.1215713 0.01100786 0.05819482
81 0.1796557 0.05383722 0.102277 0.09732872 0.009847065 0.2809617
82 3.787882e-05 0.3123428 0.2883447 0.5149291 0.1087329 0.1628388
83 0.06172122 0.06278694 0.05291869 0.3853456 0.03878233 0.233752
84 1.523127e-05 0.1649391 0.08616189 0.1176525 0.1353359 0.1955523
85 0.162404 0.2356264 0.104205 0.2233613 0.2736832 0.3443299
86 0.07002465 0.09967177 0.1046076 0.2250163 0.181019 0.05886353
87 0.2907671 0.2099214 0.03624935 0.07906369 0.1414635 0.04463537
88 0.158257 0.1010939 0.3926564 0.0509241 0.0003214691 0.09048131
89 0.005508741 0.1869812 0.2431264 0.329006 0.1479085 0.02526366
90 0.00314635 0.10297 0.3264805 0.2032387 0.1167736 0.005453455
91 0.1507067 0.07038387 0.4568281 0.1265932 0.290656 0.2457915
92 0.05077398 0.3248995 0.09333975 0.3521964 0.04235317 0.1862481
93 0.07837261 0.1144565 0.382705 0.5238352 0.008143679 0.01147123
94 0.1843355 0.4436061 0.5949818 0.5667746 0.3565085 0.2505875
95 0.06653747 0.00820772 0.08757826 0.07955711 0.2110489 0.2764193
96 0.1191296 0.1813862 0.1115026 0.0814447 0.1725186 0.1186315
97 0.1121494 0.05537594 0.1231487 0.1599349 0.02304686 0.04078698
98 0.05622039 0.2033898 0.1751737 0.06057849 0.1090785 0.2283981
99 0.07183558 0.342142 0.2622615 0.07039887 0.1265954 0.09665039
100 0.1510614 0.08425984 0.07008755 0.005857347 0.1134478 0.1120517
