1 0.008616038 0.0001267771 0.008489261
2 0.001545478 7.879243e-06 0.001537599
3 0.0005317505 2.176767e-06 0.0005339273
4 0.00573007 1.919976e-06 0.00572815
5 0.003203951 2.042135e-05 0.003224372
6 0.002480591 2.238204e-07 0.002480367
7 0.00567926 0.000560101 0.006239361
8 0.005645216 1.99854e-05 0.005625231
9 0.002300543 1.996335e-06 0.002298547
10 0.01252737 5.200247e-05 0.01257937
11 0.007912864 5.323464e-07 0.007912332
12 0.004792764 0.0004178882 0.005210652
13 0.0006197708 1.740872e-05 0.0006023621
14 0.001241197 2.374551e-08 0.001241221
15 0.003569331 3.3061e-05 0.003602392
16 0.009832541 0.003122837 0.01295538
17 0.001079229 1.241279e-06 0.001077988
18 0.00658625 0.00345695 0.0031293
19 0.00321041 2.880095e-06 0.00321329
20 0.003211091 0.0002124871 0.002998604
21 0.004830411 9.717229e-05 0.004927583
22 0.001328284 3.584507e-05 0.001292439
23 0.0003637106 9.908859e-07 0.0003627197
24 0.009663496 2.231433e-06 0.009661264
25 0.00322765 4.642378e-06 0.003232292
26 0.007094838 0.001898737 0.005196101
27 0.003503182 4.560868e-07 0.003502726
28 0.005369853 1.728918e-05 0.005352564
29 0.004534854 2.624216e-07 0.004535116
30 0.01019727 0.006189617 0.004007649
31 0.009941838 1.990191e-05 0.00996174
32 0.007705698 1.69767e-05 0.007722675
33 0.009805683 5.382173e-07 0.009805145
34 0.001167888 3.32032e-07 0.001167556
35 0.01656645 0.0001161781 0.01668263
36 0.0005304698 2.405553e-06 0.0005328754
37 0.005315319 4.43034e-05 0.005271016
38 0.000927838 1.61568e-07 0.0009279996
39 0.002786439 8.501765e-06 0.002794941
40 0.003010965 1.17061e-06 0.003012135
41 0.0006097912 8.265178e-07 0.0006106177
42 0.003014951 1.803197e-08 0.003014969
43 0.001949904 5.995813e-05 0.001889946
44 0.002437784 6.058864e-08 0.002437845
45 0.005779115 0.001132287 0.004646828
46 0.001862639 3.592188e-05 0.001898561
47 0.005825395 1.756619e-05 0.005807829
48 0.005704034 2.914532e-06 0.005706949
49 0.003696404 0.0001380327 0.003558371
50 0.002445265 6.609664e-07 0.002444604
51 0.001897123 6.032942e-06 0.00189109
52 0.01256796 1.501912e-07 0.01256811
53 0.003420145 7.826595e-06 0.003412318
54 0.0003778847 3.420178e-08 0.0003779189
55 0.01220307 0.003069561 0.01527263
56 0.00169251 3.637993e-05 0.00172889
57 0.001547853 0.0001341419 0.001413711
58 0.0001333519 0.0004763395 0.0006096914
59 0.003149184 0.003174495 2.531119e-05
60 0.003514304 3.3798e-05 0.003548102
61 0.009267025 0.0001078155 0.009159209
62 0.01453449 9.678741e-06 0.01454417
63 0.0007506976 6.850402e-06 0.0007438472
64 0.001121814 3.645385e-05 0.00108536
65 0.001573089 1.691745e-05 0.001556171
66 0.000985913 0.0001542759 0.001140189
67 0.01235722 7.020429e-05 0.01228702
68 0.002472853 3.395169e-05 0.002506804
69 0.004109034 4.968186e-05 0.004059352
70 0.002622027 0.0002188825 0.002840909
71 0.00896236 6.710929e-07 0.008963031
72 0.004769367 0.0002246372 0.004994004
73 0.006594668 6.145325e-05 0.006533214
74 0.002227258 1.294058e-05 0.002240199
75 0.007002542 1.458853e-05 0.007017131
76 0.02333353 1.82034e-05 0.02335173
77 0.001176157 6.125258e-06 0.001182282
78 0.008123138 7.044528e-06 0.008130183
79 0.0123539 9.139052e-05 0.01226251
80 0.002482466 1.70446e-05 0.002465421
81 0.007197616 3.609503e-06 0.007201225
82 0.008734422 7.8034e-06 0.008726619
83 8.85284e-06 5.377155e-06 1.422999e-05
84 0.001670021 2.035056e-06 0.001672056
85 0.00160824 2.684174e-05 0.001581398
86 2.165363e-05 0.003369534 0.003391187
87 0.002912419 1.303282e-06 0.002911116
88 0.007009784 1.037661e-05 0.006999408
89 0.003849173 5.476944e-08 0.003849119
90 0.00235577 3.349161e-06 0.002352421
91 0.001696065 5.60799e-06 0.001690457
92 0.01426151 9.694232e-05 0.01416457
93 0.004515724 3.095361e-07 0.004515414
94 0.001331063 3.622676e-05 0.001294836
95 0.00470342 0.0002052929 0.004498127
96 0.01726405 1.042058e-05 0.01727447
97 0.006644925 0.0001420517 0.006502873
98 0.005708908 0.003271395 0.002437513
99 0.002525659 0.0003063252 0.002831985
100 0.001794102 5.948811e-06 0.001788153
