1 0.5572327 1.449364 0.2033167
2 0.1831198 0.7505899 0.8412847
3 0.5702001 0.3543154 0.06512176
4 1.341333 1.622645 2.001163
5 1.140206 0.4304883 0.6196323
6 1.543211 0.06967098 0.07742346
7 0.8498219 0.7729559 0.6082172
8 0.1540117 1.108009 0.8464675
9 0.160618 0.4809818 0.2620397
10 1.265426 0.9275025 0.1793443
11 0.4415218 1.102372 0.3783591
12 0.2516573 0.5229016 0.06538929
13 1.637189 2.325837 1.235434
14 1.617251 1.850528 1.123954
15 1.646908 1.972883 0.06724718
16 1.354247 1.460237 0.07359529
17 0.2110059 1.790339 0.4787352
18 0.08850608 1.428945 0.0341446
19 0.1464412 1.218451 0.4712273
20 0.3407901 2.534125 0.7186267
21 0.1288864 1.819597 0.6377547
22 0.5422769 1.790847 0.2860041
23 2.470139 1.885722 0.1807205
24 0.7348084 4.177672 0.4125448
25 1.73252 1.358585 0.3182051
26 0.823332 1.336447 0.2619196
27 1.196819 0.1449146 0.3951981
28 1.479494 2.472827 0.7553816
29 0.5981104 0.75639 1.07872
30 0.1210411 0.237846 0.3239203
31 1.175791 1.78402 0.1362447
32 0.8457749 0.5238937 0.2403593
33 1.620205 3.375514 0.2277493
34 0.7009086 1.76375 0.7969021
35 2.093701 1.848724 0.20902
36 0.3554145 2.638225 0.1461611
37 0.5975861 0.4218637 0.103098
38 1.06119 0.01298833 0.2898973
39 0.7142974 1.570978 0.5910137
40 0.01500169 0.410901 0.9629801
41 0.6864206 0.8842913 0.1265567
42 0.3955088 0.9703279 0.2921296
43 0.1653393 0.6246667 0.4896185
44 1.187311 0.2907188 0.3449456
45 0.778326 6.111757 0.2788934
46 1.694756 0.2209178 0.5989511
47 0.2236799 1.445677 0.2652751
48 1.020608 0.8468237 0.296513
49 0.7996121 0.8044766 0.4600556
50 0.3641681 3.135889 0.1632208
51 0.1074614 0.7323292 0.7583499
52 1.003922 2.471474 0.2170477
53 0.2581696 0.6737294 0.7035954
54 0.2946153 2.665672 1.337213
55 1.669839 0.4190065 0.422403
56 1.254282 0.02679142 0.3284889
57 1.708848 1.281552 0.656853
58 0.6513471 0.02337695 0.1310036
59 0.02779987 2.860163 0.1611239
60 0.3909747 0.4212655 0.1470839
61 0.3035109 0.3010618 0.6838068
62 0.3583896 1.177091 0.211286
63 1.099259 0.2571913 0.1409895
64 0.8813244 3.50406 0.4568766
65 0.7947625 0.09133951 0.3985699
66 0.3410129 2.46385 0.1559922
67 0.9376544 1.408087 0.4026761
68 0.7733226 2.213786 0.9065092
69 1.086095 1.089089 0.6173838
70 0.2584884 0.2888878 0.4423932
71 0.7971168 0.6771209 0.2925464
72 2.452042 1.61244 0.04894694
73 0.8845775 0.194988 0.03787896
74 1.354272 4.108521 0.07417946
75 0.9999006 1.571098 0.009005933
76 0.03648487 1.347384 0.1140022
77 0.8523912 0.518639 0.07793766
78 0.8087654 2.429995 0.002967319
79 0.7299788 2.063294 0.3717226
80 2.97196 0.02179288 0.09359956
81 1.691171 0.5375856 0.2046501
82 1.257687 0.1479265 0.1484339
83 0.513618 1.119847 0.06303162
84 0.4906292 2.282137 0.7375027
85 0.3340199 1.640723 0.1776066
86 0.2743055 1.895449 0.110839
87 0.392914 1.319201 0.08909204
88 1.138053 0.1597218 0.4033473
89 0.9361137 2.463361 0.01605579
90 0.5296702 1.647668 0.09415028
91 1.499413 2.197292 0.2036087
92 0.596953 2.788988 0.4164946
93 0.3675949 1.047826 0.1241011
94 0.6000377 0.2328927 0.5656293
95 2.673161 0.4142138 0.174551
96 0.2416487 0.1183492 0.1376876
97 0.4547617 4.819085 0.5173139
98 0.01727826 1.766736 0.2245932
99 0.4458978 0.3272726 0.6746718
100 1.226069 0.1803967 0.5856247
