1 0.0001196358 4.957868e-05 0.0001855633 0.0001921465 0.000398655 0.0001284209 0.0004854266 0.000217673 1.615043e-05 3.948334e-06 0.0001304132 0.001238396
2 0.0002474382 3.076741e-05 0.0002254539 7.044782e-07 0.0003042288 0.0002978914 0.0001752303 0.0002907019 4.242244e-05 0.0006138783 0.0006932664 0.0005491448
3 0.0001992695 7.066248e-05 4.540164e-05 8.381573e-05 6.561556e-05 7.605097e-06 0.0003415733 0.0002727022 0.0002292981 0.000176235 0.0003120336 0.0001071547
4 0.0006600369 0.0001523092 9.444328e-05 0.0001633624 9.431622e-05 0.0003160948 0.0001994093 5.369545e-05 0.0004057956 0.000168315 3.797174e-05 0.0001835024
5 0.000274921 0.0002162865 0.0003166671 3.584974e-05 0.0004263536 0.0003964946 8.049503e-05 9.081509e-05 0.0007303401 0.0002520611 0.001112416 0.0006492853
6 0.0002547944 0.0002242358 0.0006709006 0.0003864651 0.0002117384 0.0001217765 4.071479e-05 0.0001279395 0.0003656658 0.0003661373 0.001093656 0.001904215
7 0.0003686876 5.719642e-05 9.838356e-05 7.525712e-05 0.0001202279 0.0001385819 0.0005856508 1.845751e-05 0.0007335097 0.0001949518 0.0004697019 0.0004229356
8 0.0001308809 1.487185e-07 0.0002168737 0.0001520482 9.111461e-05 0.000368734 0.0006832014 0.0002739118 3.422637e-05 0.0005220318 0.0003055153 0.000572603
9 6.208418e-05 0.0001980199 0.0003115028 8.597501e-05 0.0003227502 0.001138627 0.0007288525 0.0002195059 0.0003508247 0.0003341469 0.000335247 0.000713449
10 0.0003296568 0.0001052371 0.000416388 9.309462e-05 0.0005696706 0.0002954493 0.0001670103 0.0001624802 0.0001696702 0.0001378127 0.000463709 0.0003962662
11 0.0002144482 0.000288582 4.737538e-06 0.0001540777 0.0006593664 0.0004900862 0.0007035674 0.0001344021 2.910108e-05 4.394518e-05 0.0007649928 8.338115e-05
12 0.0002525038 4.626144e-05 1.515212e-05 0.0001088522 6.865703e-06 9.310346e-05 0.000421693 2.259422e-05 8.716419e-05 6.092529e-05 9.492801e-05 2.799624e-06
13 3.235487e-05 6.07243e-05 0.0003426753 5.502056e-05 0.0001241745 0.0003356001 0.0006596114 0.0001432828 7.988749e-05 8.583907e-05 0.0003604415 0.0009647762
14 0.0001274636 1.697209e-05 6.482384e-05 7.538397e-05 0.000371533 3.985985e-05 3.118139e-05 0.0001648103 0.0009283034 1.113612e-05 0.0001781892 0.0002018732
15 0.0002370563 7.494129e-05 0.0004703685 0.0001003168 0.0002735867 0.0004955344 1.723459e-05 0.0002049669 0.0009361884 0.0005708706 0.0007335017 0.0007338503
16 0.000148005 0.0002544194 5.136344e-05 9.668934e-05 0.0003275494 0.000746412 0.0002281206 0.000124098 0.0002859903 0.0005520743 0.0007589375 0.0009477328
17 0.0002625825 0.0001838106 0.0005520366 0.0001638438 0.0006401457 0.0002918117 0.0002377979 0.0001070555 0.0006175791 0.0002338735 0.0006382922 0.0004623
18 0.0001435835 7.516331e-05 0.0001077201 0.0001515851 6.102768e-05 0.0006747199 0.0001541966 0.0002873497 0.0009749525 0.0002235006 0.0001671678 0.001351537
19 0.0001080721 0.0001984361 0.0002270205 7.383487e-05 0.0004502556 0.0001701228 0.0003548569 0.0001207484 0.0006093786 4.125874e-05 0.0002505213 0.0001533806
20 0.0003970793 5.511876e-05 0.0005184664 9.764099e-05 0.0001008073 0.0001991973 0.000204835 3.111651e-05 5.23148e-05 0.0003028769 0.0005268147 0.00135483
21 1.861793e-05 5.233722e-05 0.0004890734 0.0001403698 0.000163169 0.0002484787 0.000723155 0.0002310591 0.0004244495 7.114318e-05 0.0004203844 0.0001503871
22 0.0003835931 0.0002452843 0.0001507989 0.0002210482 0.0003249945 9.600853e-05 0.0001130397 0.0001683904 0.0001880879 0.0001773523 4.351961e-05 6.504883e-05
23 0.0004209352 8.258812e-05 0.000387263 2.676488e-06 0.0001141353 3.79039e-05 0.0007013451 0.0002080561 0.001234632 0.0003129591 7.428148e-05 0.001518065
24 1.647205e-06 1.016868e-05 0.0006191775 9.406996e-05 0.0005350671 0.0002102293 0.0001757479 0.0002535448 0.0006694005 0.000103595 0.0001475254 0.0003850939
25 0.0006688393 7.180645e-05 0.0001871211 0.0001012689 0.0003037978 0.0002397318 0.0002856647 0.0001403891 0.0003769694 7.852285e-05 6.09829e-07 0.000228228
26 0.0001691362 0.0001542754 7.356873e-05 5.673431e-05 0.0001834629 0.0006552795 0.0007222543 1.689389e-05 0.0007257289 5.380974e-05 0.0004875723 0.0002083527
27 0.000170093 0.0001195209 0.0006865928 0.0001666177 8.237644e-05 0.000494769 3.365461e-05 0.0002195229 0.000482853 0.000242942 9.16041e-05 0.0003245919
28 0.0008950992 0.0001435837 0.0002568526 0.0002270224 0.0003677616 0.0001128203 0.0002732395 4.627776e-05 0.0002737892 4.911749e-05 0.0001516265 9.204734e-05
29 0.0002011194 0.0003608424 0.000172053 7.655869e-05 0.0009843813 0.0002467465 0.0008563903 4.77684e-05 0.0005692289 0.0007058364 0.0001614936 0.001207027
30 0.00037564 0.0001466499 0.0007153643 0.0001079776 0.0004309626 0.0005506709 0.001373796 0.0001827534 0.0001671915 0.0002580024 0.000342321 4.129533e-05
31 0.000478531 4.297957e-05 0.0004702391 0.000134212 0.0002479447 0.0001914073 0.000535848 0.0001506528 0.0004579 4.064174e-05 0.0002448418 0.0002780301
32 0.0004386902 5.129953e-05 0.000922184 0.0001940169 0.0003803355 4.174827e-05 3.789604e-05 0.0001877445 0.0008528519 0.0002848226 0.0004991519 0.0001389744
33 0.000175054 0.0001707437 0.0006805118 0.0001191604 0.0003268578 2.554241e-05 0.0003011955 0.0001300352 3.504815e-05 0.000294116 0.001168972 0.0006438373
34 0.0003194923 9.009391e-05 0.0003306747 0.000102034 0.0001806227 0.0004569189 0.0006136908 0.0003159877 0.0004088355 0.0001423891 0.0001754789 0.00114341
35 7.111976e-05 0.0002349059 0.0009273171 0.000163664 5.518337e-05 0.001141152 0.00029111 0.0002723683 0.0009713766 8.665991e-05 0.0005732143 1.983357e-05
36 0.0002883096 0.0001908631 5.348917e-06 0.0002614457 0.0001121965 0.0002492286 0.0003076398 0.0002470393 0.000534557 0.0006999488 0.0007731354 0.000725314
37 0.0002378035 9.478159e-05 0.0001054928 6.166648e-05 0.0002083427 0.0005277935 0.0002335132 0.0003018763 0.0003146303 0.000374627 0.0001577077 0.0001230611
38 0.0002515889 0.0001828201 0.0002351969 0.0001582958 0.0001293763 0.0005752414 8.215309e-05 8.891233e-05 0.0001854418 0.0001311247 0.0009748575 0.00104888
39 0.0001061868 5.554936e-05 0.0004248157 6.482155e-05 0.0002751926 0.0003190655 0.0006879734 8.336681e-05 0.0008635301 0.0001509083 0.0002102185 0.0001862676
40 0.0001107971 0.0002341364 0.0001166402 0.0002079098 0.0001444995 0.0002409251 0.0003992657 0.0001269044 0.0007443339 0.0003971774 0.0003409209 0.001413687
41 0.0002783742 3.655578e-05 0.0001256555 0.0002245092 0.0005382856 0.000106756 0.000549172 7.869511e-05 0.0007063641 0.0005571142 0.0004809351 0.0004698997
42 0.0001367406 0.0003176436 0.0004401371 7.512761e-05 0.0003799302 0.0005881564 0.000600121 0.0001618146 0.0009568421 0.0001108641 0.001358978 0.00031728
43 0.0002356061 8.217409e-06 9.154092e-05 0.0001479938 0.0001696552 0.0003462943 3.371527e-05 2.42045e-06 2.639198e-05 0.0003903161 5.004191e-05 0.001440178
44 0.0001483546 5.970944e-05 0.0003186193 2.270034e-05 1.717747e-05 0.0001356992 0.0009524268 4.88788e-05 0.001350095 0.0002470295 0.0006338021 0.001181291
45 0.0001643285 2.883806e-05 8.394678e-05 9.3325e-05 0.0004196893 6.983642e-05 0.0007438072 1.868128e-05 0.0001037032 0.0003045677 0.0005089107 0.001688075
46 0.0001651087 0.0004883775 0.000258863 0.0002626036 0.0008029153 9.009726e-05 0.0003091581 0.0005599444 0.001214407 0.0006975631 0.0005718372 0.0001517067
47 0.0002213598 0.0001615358 0.0006871152 0.0001014091 0.0003481836 0.0002307273 0.0001528683 0.0001214931 0.0001085263 0.0002172203 0.000310003 0.0007347249
48 0.0002163874 0.0002071926 0.0003751753 3.301657e-05 0.0002975568 0.0007709979 5.222345e-05 0.0002658028 0.001148431 0.00043836 0.0001468071 0.0007217614
49 0.0004572696 0.0001508473 3.167605e-05 0.0001703462 5.603417e-05 0.0002459974 0.0001333916 0.0002640928 0.0006105329 0.0001213075 2.273812e-05 0.0001915592
50 0.0001675332 6.99816e-05 0.0001351478 3.137681e-05 0.0001575186 8.249152e-05 0.0003976613 3.45012e-05 0.0001026984 8.79989e-05 0.0001375366 0.0002063513
51 0.0001660974 4.061357e-05 0.0002523507 0.0002918706 0.0003922174 0.0005080147 0.000844401 0.0003057582 0.0007283442 3.933284e-05 0.0004977341 0.000583923
52 5.191283e-05 3.21247e-05 0.0001474605 0.000267672 8.466956e-05 0.0006739019 0.0006330862 0.0001871969 0.0002667939 0.0004294419 0.0001086413 0.0002074017
53 0.0002734931 0.0002019522 0.0002210668 2.36111e-05 0.0005217774 0.0005270442 0.0003071952 7.481771e-05 8.528366e-05 0.0001892318 0.0002436242 0.0008009712
54 0.0002605698 4.545414e-05 0.0001642352 2.762238e-05 9.213372e-05 5.070113e-05 0.0002451544 3.311796e-05 5.218089e-05 0.0001225551 8.257648e-05 0.0002423203
55 2.265737e-05 2.229027e-05 0.0002363482 5.422903e-05 8.219036e-05 7.998163e-05 0.0001829928 0.0002410841 0.0004233616 0.0003195265 0.00123413 0.0007959374
56 0.0002529207 4.034138e-05 0.0002088022 2.506788e-05 6.009409e-05 0.000104748 0.0003484861 0.0001521632 0.0003357629 9.512996e-05 0.000481258 0.0009581002
57 0.0004396532 0.0001098256 1.888279e-05 0.0004551033 0.0009742967 0.000502083 7.207422e-06 9.992938e-05 0.0004571838 7.866618e-05 0.000691257 0.0007832748
58 3.605708e-05 0.0001374679 0.0005750999 0.0002471326 0.0002026237 3.738445e-05 0.0004327426 4.800783e-05 0.0003783803 0.0005271558 0.0001713847 0.001570287
59 0.0006006041 0.0001475173 0.0003296753 6.725811e-05 0.0004393619 0.0001077697 0.0009980771 0.0001178491 0.001147683 0.0002123944 0.0005711692 0.0005627745
60 0.0005373912 0.0002698398 0.0002684976 3.240228e-05 0.0005600055 0.0001716136 0.0001235098 0.0003816902 0.00135577 0.0002154646 0.0003558082 0.0006337133
61 0.0005151869 0.0001777449 6.325706e-05 7.065043e-05 0.0002836402 0.0002020351 0.001207776 0.0003872659 0.0002623266 0.0005477243 0.001094307 0.0003747314
62 0.0002329529 5.875624e-05 0.0001722796 8.34067e-05 5.902898e-06 0.0003045881 0.0003393977 0.0001271926 0.0003488416 0.0001963307 9.900383e-05 0.000546858
63 0.0001841567 1.19633e-05 2.420917e-05 8.189491e-05 6.586423e-05 0.0001288776 0.0001697956 1.539418e-05 4.435975e-05 1.921939e-06 0.0001089704 0.0001099032
64 2.009749e-05 4.871371e-05 0.0002334323 2.761863e-05 0.0002899462 0.0002239603 1.738338e-05 5.364008e-05 0.0001104417 0.0001964082 0.0001873785 0.0003058278
65 0.0002445185 1.888654e-05 0.0001912215 0.0001325194 7.70719e-05 0.000442574 0.0002706564 1.936532e-05 0.0008236184 0.0003732486 5.450196e-05 0.000711713
66 0.0001586601 1.6258e-05 0.0001858749 1.051782e-05 0.0001661112 0.0001376915 0.0002185256 0.0002848666 0.0006117923 0.000232854 0.000374964 0.001473506
67 0.0001089732 0.0001622416 0.0002752977 0.0001737033 5.294643e-06 0.0002854262 0.0002105918 8.357403e-05 0.0007616815 4.470422e-05 0.0005945593 0.0004392855
68 9.145977e-05 1.800382e-05 9.088168e-05 4.011752e-06 0.0001830619 0.0001705308 0.0004405332 0.0001037005 8.244045e-05 0.0001106579 0.0002132912 9.743664e-05
69 0.0001749988 0.0001248869 0.0001150555 0.0002589806 0.0005330848 0.0004551262 9.317695e-05 0.0001403175 0.0005372126 0.0002982379 0.000368709 0.001497754
70 1.19376e-05 0.0001063017 0.000435152 9.883967e-05 0.0002561892 0.0001035332 0.0006345084 0.0001001871 1.951366e-05 0.0001441732 0.0001652076 0.0003867093
71 0.0001245633 0.0002029847 0.0004160866 0.000122209 0.0002352608 0.00015939 0.0001881822 0.00038618 0.0005714191 0.000111647 0.0002053952 0.001823687
72 1.362311e-05 2.296775e-05 5.124145e-05 7.722758e-05 0.0001411304 9.689744e-05 0.0001860728 0.0002239396 0.001281026 0.0001604829 0.0005509116 0.001236042
73 0.0002559349 0.000194541 7.199681e-05 9.845768e-06 0.0003232364 0.0001675439 0.0003265995 0.0001955708 0.0007362324 0.0002059127 0.000335267 0.0009398947
74 7.253052e-05 0.0001307224 0.0005917456 0.0001349258 7.602577e-06 0.0001854476 0.0008361606 0.0003503123 0.0002001367 0.0007889969 8.511555e-05 0.000761091
75 8.327276e-05 0.0001095536 0.0003683305 0.0001082703 0.0004123483 0.0002318059 0.0002494624 0.0001659621 0.0002603159 0.0003769505 0.000731588 0.00112659
76 0.0009144235 0.0002997667 0.0001227283 9.690162e-05 0.000571058 6.17897e-05 0.0005731781 0.000136751 0.001015446 0.0002031643 0.0002263976 0.000206342
77 8.091416e-05 0.0002107106 0.0005149079 7.74476e-05 0.0005732539 0.0001096309 0.0003733434 0.0001743234 0.0002670079 0.0001095046 0.0001166486 0.0005482142
78 0.0002236345 8.21166e-05 8.990259e-05 0.0002488068 0.0003223038 0.0001019487 9.67048e-05 5.283216e-05 3.684365e-05 7.501758e-06 4.693547e-05 0.0001568748
79 0.0001760784 0.0002176663 8.420663e-05 5.171089e-05 8.611578e-05 0.0003607763 0.0004994795 0.0002843002 0.001054217 0.0004473868 0.0006468147 0.0007281456
80 3.486002e-05 1.163529e-05 2.04485e-05 0.0001759439 0.000443206 8.836502e-05 0.0001226467 0.0001170678 0.0001766494 0.0003533457 0.0007519812 0.0001362441
81 0.0001132718 2.484647e-05 0.0002297211 0.0001221918 2.823125e-05 0.0004547867 0.0005035336 9.760128e-05 0.0006693437 0.0002044257 0.0008821573 0.001372568
82 4.575045e-05 0.00025109 0.0002154241 0.0001607328 0.0001504616 0.0003797914 0.0004640889 0.0002104041 1.470118e-05 1.988757e-05 0.0002246374 0.001119118
83 0.0002438063 0.0001993516 0.0003342921 3.227538e-05 0.0001787278 0.0003690055 8.608406e-06 0.0003850879 0.000271109 9.784185e-05 0.0004312246 0.001278036
84 0.0005354502 0.0001758677 0.0004781686 6.725957e-05 0.0002330886 0.0001746829 0.0002010838 0.0003190777 0.0004933993 0.0002627816 0.0005783594 0.0004618342
85 2.154086e-05 0.0001550219 0.0001656448 0.000492374 0.0006112237 0.0004387986 0.0001572177 0.0002937158 0.0001934214 0.0003019076 0.0001992822 0.0001718622
86 0.0002081979 3.180139e-05 0.0004560006 0.0001204274 0.0003308763 0.0003141723 6.824924e-05 0.0002076007 0.0003180749 0.0003068527 0.0004524409 8.663447e-05
87 3.713714e-05 0.0002053915 9.545287e-05 0.000157178 3.509629e-05 0.0001290296 0.0004744504 7.877705e-05 0.001651338 2.910891e-05 0.0009744756 0.0002529912
88 7.480178e-05 8.26115e-05 0.0003078331 7.56705e-05 3.130176e-06 8.416484e-05 0.0001711298 0.0003410284 0.0007206052 0.0001061098 0.00037478 0.0007735547
89 0.0001647571 5.025441e-05 8.555625e-05 1.600136e-05 6.058024e-05 0.0002004661 0.0003986105 0.0002429292 0.0005918869 2.26051e-05 0.0003174627 0.0007878726
90 0.000549368 0.0002461408 0.0002143161 5.708996e-05 0.0004439514 0.0002486251 0.0008543422 7.950009e-05 0.0002085903 0.0001153427 0.0003121965 0.0009252665
91 0.0004330263 1.521895e-05 3.160522e-06 3.622308e-05 0.0001391015 2.403099e-05 0.00151734 0.0001194715 0.0003660334 1.965406e-05 0.0006545365 0.0001731461
92 8.119891e-05 0.0001425854 0.0001661073 0.0001670283 0.0005171581 0.0002592404 0.0006987049 1.356651e-05 0.001655054 0.0001701237 0.0009089847 0.0005768422
93 2.020694e-05 9.094341e-05 0.0005283057 0.0001729011 0.0002046248 0.0006829658 0.000422809 0.0001766866 0.000806375 0.0001729378 0.0003032051 0.001081962
94 0.0003116443 0.0001940903 3.602949e-05 0.0002181714 0.0001377264 0.000362045 0.0001382936 0.0001377248 0.0002533131 0.0001507106 0.0008375036 0.0002420025
95 0.0002229622 0.00010454 0.0002393103 0.0001835839 0.0003672211 0.0001397564 0.000697899 3.503916e-06 0.001149348 0.0003787446 0.0001357564 0.001090806
96 5.017904e-05 0.0002529946 0.0005426348 0.0002804346 0.0004361642 0.0005811724 8.37465e-06 0.0001160348 0.0006488111 0.0004507123 0.0004285175 0.0004100162
97 0.0003717847 0.0002835354 8.588196e-06 7.506513e-05 0.0001638444 0.0001288053 0.000279813 0.0001039748 0.0007213368 7.460187e-05 0.0007567182 0.0005741714
98 3.842111e-05 0.0001858138 0.0004906717 0.0003021118 0.0003342221 0.000172509 0.0002117285 9.629255e-05 0.0004667771 0.0004841249 0.0001376705 0.001146598
99 9.258808e-05 0.0001318595 7.601774e-05 0.0001118933 1.348174e-05 0.000735621 0.00059568 4.27016e-05 0.0006398967 0.0001676629 1.230405e-05 0.001156896
100 4.131045e-05 0.0001979401 1.059533e-05 0.0002135948 0.0005202999 0.0006674654 0.0005920099 0.0001642152 0.0002799303 0.0001647098 0.0005845294 7.148929e-05
