1 0.001219519 0 0 0 0 0 0 0.0003940836 0 0 0 0 0 0 6.975475e-05 0 0 0 0 0 0 0.001485763 0 0 0 0 0 0 0.0001537702 0 0 0 0 0 0 0.00087249
2 0.0006857876 0 0 0 0 0 0 0.0003326949 0 0 0 0 0 0 0.000895181 0 0 0 0 0 0 0.0003732002 0 0 0 0 0 0 0.0002041376 0 0 0 0 0 0 0.0009653363
3 0.0007004576 0 0 0 0 0 0 0.0002381781 0 0 0 0 0 0 0.001973389 0 0 0 0 0 0 0.00129359 0 0 0 0 0 0 0.0005304679 0 0 0 0 0 0 0.001974182
4 0.002434505 0 0 0 0 0 0 0.0004628783 0 0 0 0 0 0 0.002826038 0 0 0 0 0 0 0.0005704092 0 0 0 0 0 0 8.066265e-05 0 0 0 0 0 0 0.003464387
5 0.0002925851 0 0 0 0 0 0 0.0003855615 0 0 0 0 0 0 0.0002063562 0 0 0 0 0 0 0.001645992 0 0 0 0 0 0 0.0008650435 0 0 0 0 0 0 0.001383499
6 0.0005157849 0 0 0 0 0 0 1.99081e-05 0 0 0 0 0 0 0.0003798165 0 0 0 0 0 0 0.0003255601 0 0 0 0 0 0 0.001036063 0 0 0 0 0 0 0.001376532
7 0.0006798214 0 0 0 0 0 0 0.0002049058 0 0 0 0 0 0 0.000431206 0 0 0 0 0 0 0.0008154258 0 0 0 0 0 0 0.00220795 0 0 0 0 0 0 1.192303e-05
8 0.002014209 0 0 0 0 0 0 0.0004278598 0 0 0 0 0 0 0.002799587 0 0 0 0 0 0 0.0006142371 0 0 0 0 0 0 8.491166e-05 0 0 0 0 0 0 0.001509287
9 0.000158055 0 0 0 0 0 0 0.000485071 0 0 0 0 0 0 0.001460439 0 0 0 0 0 0 0.0001635774 0 0 0 0 0 0 0.0006134201 0 0 0 0 0 0 0.003047197
10 0.0003929239 0 0 0 0 0 0 0.0001689839 0 0 0 0 0 0 0.0005007581 0 0 0 0 0 0 0.0001232575 0 0 0 0 0 0 0.001456285 0 0 0 0 0 0 0.0006550136
11 0.0003440443 0 0 0 0 0 0 0.0002724777 0 0 0 0 0 0 0.001058434 0 0 0 0 0 0 0.0004091095 0 0 0 0 0 0 0.002257376 0 0 0 0 0 0 0.0001374118
12 0.0006861584 0 0 0 0 0 0 7.317955e-05 0 0 0 0 0 0 0.0001443739 0 0 0 0 0 0 9.880462e-05 0 0 0 0 0 0 0.0004071505 0 0 0 0 0 0 0.002211627
13 0.001263055 0 0 0 0 0 0 0.0005391333 0 0 0 0 0 0 0.001318821 0 0 0 0 0 0 0.001492669 0 0 0 0 0 0 8.997928e-05 0 0 0 0 0 0 0.001900746
14 0.00162192 0 0 0 0 0 0 7.987367e-05 0 0 0 0 0 0 0.002141088 0 0 0 0 0 0 0.0008844898 0 0 0 0 0 0 0.001731635 0 0 0 0 0 0 0.003103426
15 0.0003405839 0 0 0 0 0 0 0.0003059877 0 0 0 0 0 0 0.0006441772 0 0 0 0 0 0 0.0002066019 0 0 0 0 0 0 0.0001363979 0 0 0 0 0 0 0.002182484
16 0.0005686685 0 0 0 0 0 0 0.0002401765 0 0 0 0 0 0 0.002291176 0 0 0 0 0 0 0.0009813598 0 0 0 0 0 0 0.001671293 0 0 0 0 0 0 0.001846014
17 0.0006068669 0 0 0 0 0 0 0.001652729 0 0 0 0 0 0 0.000182736 0 0 0 0 0 0 0.001563679 0 0 0 0 0 0 0.003436384 0 0 0 0 0 0 0.00234219
18 0.0001081783 0 0 0 0 0 0 9.614846e-05 0 0 0 0 0 0 0.001116055 0 0 0 0 0 0 0.000420565 0 0 0 0 0 0 0.0010048 0 0 0 0 0 0 0.00526817
19 0.0002448419 0 0 0 0 0 0 0.0007503009 0 0 0 0 0 0 0.0003219986 0 0 0 0 0 0 0.0005422136 0 0 0 0 0 0 0.001604563 0 0 0 0 0 0 0.0003626158
20 0.0003433946 0 0 0 0 0 0 0.0001327471 0 0 0 0 0 0 0.0004568675 0 0 0 0 0 0 0.0001642839 0 0 0 0 0 0 0.0007349474 0 0 0 0 0 0 8.283942e-05
21 0.001196634 0 0 0 0 0 0 0.0006787056 0 0 0 0 0 0 0.0007368797 0 0 0 0 0 0 0.0009362998 0 0 0 0 0 0 0.001262128 0 0 0 0 0 0 0.001574957
22 0.001240039 0 0 0 0 0 0 0.0005825513 0 0 0 0 0 0 0.0005477564 0 0 0 0 0 0 0.0001050862 0 0 0 0 0 0 0.001730403 0 0 0 0 0 0 0.0005262331
23 0.0004927625 0 0 0 0 0 0 0.0003080067 0 0 0 0 0 0 0.0004478489 0 0 0 0 0 0 0.0009239898 0 0 0 0 0 0 0.001011713 0 0 0 0 0 0 0.003967714
24 0.001514066 0 0 0 0 0 0 5.506005e-05 0 0 0 0 0 0 0.0006091616 0 0 0 0 0 0 0.0009276477 0 0 0 0 0 0 0.000516435 0 0 0 0 0 0 0.001564815
25 0.000144213 0 0 0 0 0 0 0.0002130201 0 0 0 0 0 0 0.0008001817 0 0 0 0 0 0 0.001183748 0 0 0 0 0 0 0.0003243518 0 0 0 0 0 0 0.002166304
26 0.000439496 0 0 0 0 0 0 0.0001718071 0 0 0 0 0 0 0.0001869538 0 0 0 0 0 0 2.885889e-05 0 0 0 0 0 0 0.002306268 0 0 0 0 0 0 0.001078128
27 0.0006385627 0 0 0 0 0 0 0.0001104282 0 0 0 0 0 0 9.018981e-05 0 0 0 0 0 0 0.0009388867 0 0 0 0 0 0 0.001747104 0 0 0 0 0 0 0.001990528
28 2.702611e-05 0 0 0 0 0 0 0.0002008484 0 0 0 0 0 0 0.0005073498 0 0 0 0 0 0 0.0002063446 0 0 0 0 0 0 0.001456367 0 0 0 0 0 0 0.001931165
29 0.001297467 0 0 0 0 0 0 0.0003360568 0 0 0 0 0 0 0.0006785208 0 0 0 0 0 0 0.000877033 0 0 0 0 0 0 0.001148109 0 0 0 0 0 0 9.464347e-05
30 0.001366118 0 0 0 0 0 0 0.0001048459 0 0 0 0 0 0 0.0003533233 0 0 0 0 0 0 0.000649105 0 0 0 0 0 0 0.00189024 0 0 0 0 0 0 0.00183521
31 0.0001006192 0 0 0 0 0 0 0.0002784951 0 0 0 0 0 0 0.00041911 0 0 0 0 0 0 8.519476e-05 0 0 0 0 0 0 0.002150291 0 0 0 0 0 0 0.0007542833
32 0.0009220313 0 0 0 0 0 0 0.000217483 0 0 0 0 0 0 0.0006303053 0 0 0 0 0 0 0.0006336839 0 0 0 0 0 0 0.0007620496 0 0 0 0 0 0 0.001639935
33 0.0006191802 0 0 0 0 0 0 2.791189e-05 0 0 0 0 0 0 0.000372756 0 0 0 0 0 0 0.0008496804 0 0 0 0 0 0 0.001326554 0 0 0 0 0 0 0.002068727
34 0.0003030375 0 0 0 0 0 0 1.904544e-05 0 0 0 0 0 0 0.001169839 0 0 0 0 0 0 0.002241662 0 0 0 0 0 0 0.001169278 0 0 0 0 0 0 0.001295946
35 9.346952e-05 0 0 0 0 0 0 0.0005984178 0 0 0 0 0 0 9.446575e-05 0 0 0 0 0 0 0.0009911336 0 0 0 0 0 0 0.003386637 0 0 0 0 0 0 0.002730629
36 0.0003501942 0 0 0 0 0 0 0.0004816314 0 0 0 0 0 0 0.0007707181 0 0 0 0 0 0 0.0003814636 0 0 0 0 0 0 0.00315832 0 0 0 0 0 0 0.003600467
37 0.001292559 0 0 0 0 0 0 0.0006797856 0 0 0 0 0 0 0.0001300555 0 0 0 0 0 0 0.001633831 0 0 0 0 0 0 0.001939642 0 0 0 0 0 0 0.0007549551
38 0.0006710699 0 0 0 0 0 0 0.001127419 0 0 0 0 0 0 0.001830961 0 0 0 0 0 0 0.001349225 0 0 0 0 0 0 0.0006139177 0 0 0 0 0 0 0.002590452
39 0.0005771426 0 0 0 0 0 0 0.0002469011 0 0 0 0 0 0 0.001969167 0 0 0 0 0 0 0.0006115771 0 0 0 0 0 0 0.001121643 0 0 0 0 0 0 0.001122618
40 0.0003593237 0 0 0 0 0 0 0.0001764855 0 0 0 0 0 0 0.0002221096 0 0 0 0 0 0 0.0006097915 0 0 0 0 0 0 0.001147004 0 0 0 0 0 0 0.0003775182
41 0.000175648 0 0 0 0 0 0 0.0003371233 0 0 0 0 0 0 0.001832765 0 0 0 0 0 0 0.0001451387 0 0 0 0 0 0 0.0004517178 0 0 0 0 0 0 0.001083545
42 0.00213062 0 0 0 0 0 0 0.0005529952 0 0 0 0 0 0 0.0005929779 0 0 0 0 0 0 0.001073061 0 0 0 0 0 0 0.0003822857 0 0 0 0 0 0 0.0033103
43 0.0004880979 0 0 0 0 0 0 9.662408e-05 0 0 0 0 0 0 0.0005895546 0 0 0 0 0 0 0.001717334 0 0 0 0 0 0 0.001950841 0 0 0 0 0 0 0.0002927981
44 0.000716023 0 0 0 0 0 0 0.0003909787 0 0 0 0 0 0 0.001263851 0 0 0 0 0 0 0.0003280892 0 0 0 0 0 0 0.0006088207 0 0 0 0 0 0 0.0003263942
45 0.0003862481 0 0 0 0 0 0 0.0002729767 0 0 0 0 0 0 0.001046932 0 0 0 0 0 0 0.001254596 0 0 0 0 0 0 0.001338333 0 0 0 0 0 0 0.000938523
46 0.0003203998 0 0 0 0 0 0 0.0001064467 0 0 0 0 0 0 0.00142445 0 0 0 0 0 0 0.0005045846 0 0 0 0 0 0 0.000540956 0 0 0 0 0 0 0.001873563
47 0.000741609 0 0 0 0 0 0 0.0004572255 0 0 0 0 0 0 0.0007484039 0 0 0 0 0 0 0.001236154 0 0 0 0 0 0 0.0008242335 0 0 0 0 0 0 0.0008161943
48 0.0006218199 0 0 0 0 0 0 0.0002116486 0 0 0 0 0 0 0.0008696112 0 0 0 0 0 0 0.0005928012 0 0 0 0 0 0 0.0009847365 0 0 0 0 0 0 0.0001888648
49 0.0003600279 0 0 0 0 0 0 0.0002205956 0 0 0 0 0 0 0.0005918702 0 0 0 0 0 0 4.573652e-05 0 0 0 0 0 0 0.001519364 0 0 0 0 0 0 0.002213364
50 5.296808e-05 0 0 0 0 0 0 1.405736e-05 0 0 0 0 0 0 0.001162476 0 0 0 0 0 0 0.0006170103 0 0 0 0 0 0 0.001235245 0 0 0 0 0 0 0.001987333
51 0.0002510495 0 0 0 0 0 0 6.295344e-05 0 0 0 0 0 0 0.0004276164 0 0 0 0 0 0 0.0003537273 0 0 0 0 0 0 0.001450973 0 0 0 0 0 0 0.0006866667
52 0.001453219 0 0 0 0 0 0 3.878524e-05 0 0 0 0 0 0 0.0005230125 0 0 0 0 0 0 0.0006715422 0 0 0 0 0 0 0.001541393 0 0 0 0 0 0 0.0009524377
53 0.001458095 0 0 0 0 0 0 0.0004881024 0 0 0 0 0 0 0.0008163766 0 0 0 0 0 0 0.001319653 0 0 0 0 0 0 0.001520334 0 0 0 0 0 0 0.0003647888
54 0.000682453 0 0 0 0 0 0 0.000111904 0 0 0 0 0 0 0.0006509106 0 0 0 0 0 0 0.001301472 0 0 0 0 0 0 0.002833281 0 0 0 0 0 0 0.0001770138
55 0.0003243424 0 0 0 0 0 0 6.962522e-05 0 0 0 0 0 0 0.0009304719 0 0 0 0 0 0 0.0006626239 0 0 0 0 0 0 0.002001424 0 0 0 0 0 0 0.0006035543
56 0.001287549 0 0 0 0 0 0 0.0003078399 0 0 0 0 0 0 0.0001734974 0 0 0 0 0 0 0.001522613 0 0 0 0 0 0 0.000157743 0 0 0 0 0 0 6.876705e-05
57 0.001095491 0 0 0 0 0 0 3.313728e-05 0 0 0 0 0 0 0.0005467172 0 0 0 0 0 0 0.0007714759 0 0 0 0 0 0 0.0002892621 0 0 0 0 0 0 0.001870804
58 0.0003772102 0 0 0 0 0 0 0.0002881762 0 0 0 0 0 0 0.0002236619 0 0 0 0 0 0 0.001238685 0 0 0 0 0 0 0.001137235 0 0 0 0 0 0 2.42723e-05
59 0.0002394278 0 0 0 0 0 0 8.925303e-05 0 0 0 0 0 0 0.0005608187 0 0 0 0 0 0 0.001220635 0 0 0 0 0 0 0.002149081 0 0 0 0 0 0 5.39701e-05
60 0.001206797 0 0 0 0 0 0 0.0004351444 0 0 0 0 0 0 0.001429436 0 0 0 0 0 0 0.0004012066 0 0 0 0 0 0 0.001643841 0 0 0 0 0 0 0.000763288
61 0.001243188 0 0 0 0 0 0 0.0002629362 0 0 0 0 0 0 0.0005025939 0 0 0 0 0 0 0.001547254 0 0 0 0 0 0 0.0005160238 0 0 0 0 0 0 0.001970151
62 0.00112926 0 0 0 0 0 0 0.0002507949 0 0 0 0 0 0 0.0002380299 0 0 0 0 0 0 0.0001652582 0 0 0 0 0 0 0.002943157 0 0 0 0 0 0 0.0002285776
63 0.0003967412 0 0 0 0 0 0 1.738065e-05 0 0 0 0 0 0 0.0002953929 0 0 0 0 0 0 0.0005787717 0 0 0 0 0 0 0.003445505 0 0 0 0 0 0 0.002105803
64 0.00105685 0 0 0 0 0 0 0.0004131071 0 0 0 0 0 0 0.001245663 0 0 0 0 0 0 0.0003256047 0 0 0 0 0 0 0.0008490011 0 0 0 0 0 0 0.002459187
65 0.0007823162 0 0 0 0 0 0 0.0005425479 0 0 0 0 0 0 0.000756081 0 0 0 0 0 0 0.0003335918 0 0 0 0 0 0 0.0008893315 0 0 0 0 0 0 0.003252122
66 0.00146602 0 0 0 0 0 0 0.0006342456 0 0 0 0 0 0 0.001276754 0 0 0 0 0 0 0.0003715062 0 0 0 0 0 0 0.0003115657 0 0 0 0 0 0 0.001307738
67 0.0004954619 0 0 0 0 0 0 0.0001553512 0 0 0 0 0 0 0.0002367106 0 0 0 0 0 0 9.86511e-05 0 0 0 0 0 0 0.002385008 0 0 0 0 0 0 0.002184706
68 0.00128951 0 0 0 0 0 0 0.0004772421 0 0 0 0 0 0 0.0005518032 0 0 0 0 0 0 0.001425083 0 0 0 0 0 0 0.0007942157 0 0 0 0 0 0 0.000498918
69 0.000633424 0 0 0 0 0 0 5.69034e-05 0 0 0 0 0 0 0.002309662 0 0 0 0 0 0 0.0007374891 0 0 0 0 0 0 0.002083385 0 0 0 0 0 0 0.0001950011
70 0.0006652052 0 0 0 0 0 0 0.0005311298 0 0 0 0 0 0 0.0005657013 0 0 0 0 0 0 0.0007812606 0 0 0 0 0 0 0.0004998151 0 0 0 0 0 0 7.922735e-05
71 0.0001219452 0 0 0 0 0 0 0.0005943996 0 0 0 0 0 0 0.001599919 0 0 0 0 0 0 2.284885e-05 0 0 0 0 0 0 0.001174302 0 0 0 0 0 0 0.002729189
72 0.0007755256 0 0 0 0 0 0 0.001012823 0 0 0 0 0 0 0.0005934816 0 0 0 0 0 0 0.001999847 0 0 0 0 0 0 0.0005373466 0 0 0 0 0 0 0.002667749
73 0.002409977 0 0 0 0 0 0 0.001340386 0 0 0 0 0 0 0.0005635697 0 0 0 0 0 0 0.003013276 0 0 0 0 0 0 0.002219103 0 0 0 0 0 0 0.002642161
74 0.0008271667 0 0 0 0 0 0 0.000542839 0 0 0 0 0 0 0.0007374702 0 0 0 0 0 0 0.003380878 0 0 0 0 0 0 0.001973862 0 0 0 0 0 0 0.001669663
75 0.0005970675 0 0 0 0 0 0 0.0006584251 0 0 0 0 0 0 0.0002028884 0 0 0 0 0 0 0.0004319972 0 0 0 0 0 0 0.002307649 0 0 0 0 0 0 0.001435077
76 0.0009376556 0 0 0 0 0 0 0.0008362587 0 0 0 0 0 0 0.0012981 0 0 0 0 0 0 0.0008699242 0 0 0 0 0 0 0.0007746104 0 0 0 0 0 0 0.003703703
77 0.0001960822 0 0 0 0 0 0 0.0006327218 0 0 0 0 0 0 0.0002460312 0 0 0 0 0 0 0.0002300196 0 0 0 0 0 0 0.0001269032 0 0 0 0 0 0 0.001785075
78 0.0008622861 0 0 0 0 0 0 0.0002803246 0 0 0 0 0 0 0.001325328 0 0 0 0 0 0 0.0002730056 0 0 0 0 0 0 0.001524563 0 0 0 0 0 0 0.002042505
79 0.00152929 0 0 0 0 0 0 0.0003842021 0 0 0 0 0 0 0.00367503 0 0 0 0 0 0 6.519606e-05 0 0 0 0 0 0 0.001948036 0 0 0 0 0 0 0.0004131078
80 0.00073352 0 0 0 0 0 0 0.0002075548 0 0 0 0 0 0 0.0008173115 0 0 0 0 0 0 0.001024778 0 0 0 0 0 0 0.003772821 0 0 0 0 0 0 0.001585659
81 0.0001906657 0 0 0 0 0 0 0.0007918529 0 0 0 0 0 0 4.918378e-05 0 0 0 0 0 0 0.001752291 0 0 0 0 0 0 0.0005509378 0 0 0 0 0 0 0.0002188125
82 0.001555443 0 0 0 0 0 0 0.0005012332 0 0 0 0 0 0 0.001652638 0 0 0 0 0 0 0.0007999049 0 0 0 0 0 0 0.00123186 0 0 0 0 0 0 0.001234403
83 0.0004558053 0 0 0 0 0 0 0.0002837684 0 0 0 0 0 0 0.0008260787 0 0 0 0 0 0 1.888378e-06 0 0 0 0 0 0 0.0001796629 0 0 0 0 0 0 0.0002791984
84 0.0008107942 0 0 0 0 0 0 0.000239736 0 0 0 0 0 0 0.0005186958 0 0 0 0 0 0 3.160029e-05 0 0 0 0 0 0 0.00137853 0 0 0 0 0 0 0.005349162
85 8.774715e-05 0 0 0 0 0 0 0.0001219061 0 0 0 0 0 0 5.242898e-05 0 0 0 0 0 0 0.0004071376 0 0 0 0 0 0 0.002168552 0 0 0 0 0 0 0.001873802
86 0.002032689 0 0 0 0 0 0 0.0001460687 0 0 0 0 0 0 0.0001342711 0 0 0 0 0 0 0.0006157856 0 0 0 0 0 0 0.001224712 0 0 0 0 0 0 0.0004695459
87 0.0003904495 0 0 0 0 0 0 0.0002379687 0 0 0 0 0 0 0.0008012499 0 0 0 0 0 0 0.0007071601 0 0 0 0 0 0 0.0007392738 0 0 0 0 0 0 0.0004559906
88 0.000772666 0 0 0 0 0 0 0.0002987812 0 0 0 0 0 0 3.040487e-05 0 0 0 0 0 0 0.0007031087 0 0 0 0 0 0 0.0002976053 0 0 0 0 0 0 0.00346281
89 9.770837e-05 0 0 0 0 0 0 0.0006781174 0 0 0 0 0 0 0.001009857 0 0 0 0 0 0 0.0001701919 0 0 0 0 0 0 0.0007577618 0 0 0 0 0 0 0.003455096
90 0.000291382 0 0 0 0 0 0 0.0005170721 0 0 0 0 0 0 0.001256721 0 0 0 0 0 0 0.0005583649 0 0 0 0 0 0 0.0009105289 0 0 0 0 0 0 0.002015224
91 0.0007016056 0 0 0 0 0 0 0.0002228603 0 0 0 0 0 0 0.0004962752 0 0 0 0 0 0 0.0005625334 0 0 0 0 0 0 0.002142624 0 0 0 0 0 0 0.0009079978
92 0.0002985718 0 0 0 0 0 0 0.000866521 0 0 0 0 0 0 0.0006170617 0 0 0 0 0 0 0.0004471189 0 0 0 0 0 0 0.002745159 0 0 0 0 0 0 0.002377817
93 0.001870146 0 0 0 0 0 0 0.0001056272 0 0 0 0 0 0 0.002088388 0 0 0 0 0 0 0.0005543813 0 0 0 0 0 0 0.001263265 0 0 0 0 0 0 0.0007333101
94 0.001487652 0 0 0 0 0 0 0.0004441854 0 0 0 0 0 0 0.0003637899 0 0 0 0 0 0 0.001672441 0 0 0 0 0 0 0.003078842 0 0 0 0 0 0 0.003286658
95 0.0009149551 0 0 0 0 0 0 0.0002996304 0 0 0 0 0 0 0.0003921021 0 0 0 0 0 0 0.001287968 0 0 0 0 0 0 0.0006000997 0 0 0 0 0 0 0.0007856496
96 0.000701667 0 0 0 0 0 0 0.001098697 0 0 0 0 0 0 0.0008250253 0 0 0 0 0 0 0.001729055 0 0 0 0 0 0 0.001558241 0 0 0 0 0 0 0.001358908
97 0.001100695 0 0 0 0 0 0 1.521499e-05 0 0 0 0 0 0 5.23941e-05 0 0 0 0 0 0 0.0004035524 0 0 0 0 0 0 0.002209116 0 0 0 0 0 0 0.00341088
98 0.0001176487 0 0 0 0 0 0 0.0004181507 0 0 0 0 0 0 0.0006905162 0 0 0 0 0 0 0.0003864523 0 0 0 0 0 0 0.002987568 0 0 0 0 0 0 0.0006408564
99 0.00131057 0 0 0 0 0 0 0.001161172 0 0 0 0 0 0 0.0006799299 0 0 0 0 0 0 0.002938284 0 0 0 0 0 0 0.0003306553 0 0 0 0 0 0 0.00293703
100 0.0009666625 0 0 0 0 0 0 0.0004464444 0 0 0 0 0 0 0.0001139755 0 0 0 0 0 0 0.0009754103 0 0 0 0 0 0 5.44406e-05 0 0 0 0 0 0 0.001168561
