1 5.456735e-05 0 0 0 0 0 0 0.0002017861 0 0 0 0 0 0 0.0002871244 0 0 0 0 0 0 2.650406e-05 0 0 0 0 0 0 0.0003958613 0 0 0 0 0 0 0.00104785
2 0.0003010792 0 0 0 0 0 0 2.008694e-05 0 0 0 0 0 0 0.0003468249 0 0 0 0 0 0 0.0002975668 0 0 0 0 0 0 0.0006329546 0 0 0 0 0 0 0.0008302378
3 0.0003367883 0 0 0 0 0 0 0.0008681939 0 0 0 0 0 0 0.0004607244 0 0 0 0 0 0 0.00209513 0 0 0 0 0 0 0.001868636 0 0 0 0 0 0 0.002968656
4 0.000533459 0 0 0 0 0 0 0.000243794 0 0 0 0 0 0 0.000901876 0 0 0 0 0 0 0.001669985 0 0 0 0 0 0 0.001596156 0 0 0 0 0 0 0.00234598
5 7.403702e-05 0 0 0 0 0 0 0.0001128011 0 0 0 0 0 0 0.001358444 0 0 0 0 0 0 6.217941e-05 0 0 0 0 0 0 8.13364e-05 0 0 0 0 0 0 0.00243135
6 0.001626045 0 0 0 0 0 0 0.0003348295 0 0 0 0 0 0 0.0005244622 0 0 0 0 0 0 0.0004925242 0 0 0 0 0 0 0.0003708133 0 0 0 0 0 0 0.0004645521
7 0.00109516 0 0 0 0 0 0 0.0002474234 0 0 0 0 0 0 0.000614693 0 0 0 0 0 0 8.631374e-05 0 0 0 0 0 0 0.002004116 0 0 0 0 0 0 0.0003939285
8 0.0004630707 0 0 0 0 0 0 2.18086e-05 0 0 0 0 0 0 0.0006184825 0 0 0 0 0 0 0.0001936598 0 0 0 0 0 0 0.0002440562 0 0 0 0 0 0 0.0008777261
9 0.001106474 0 0 0 0 0 0 0.0003523805 0 0 0 0 0 0 0.0004666608 0 0 0 0 0 0 0.001288841 0 0 0 0 0 0 0.000933891 0 0 0 0 0 0 0.002129738
10 8.546662e-05 0 0 0 0 0 0 0.0002259539 0 0 0 0 0 0 0.0001062766 0 0 0 0 0 0 0.0005450856 0 0 0 0 0 0 0.001944773 0 0 0 0 0 0 0.000299204
11 0.0003844721 0 0 0 0 0 0 0.0003611424 0 0 0 0 0 0 0.00010394 0 0 0 0 0 0 0.0005881639 0 0 0 0 0 0 0.001971005 0 0 0 0 0 0 0.00124398
12 0.0003732715 0 0 0 0 0 0 3.465776e-05 0 0 0 0 0 0 0.0007024611 0 0 0 0 0 0 7.892275e-05 0 0 0 0 0 0 0.0003125067 0 0 0 0 0 0 0.0003307459
13 0.001076406 0 0 0 0 0 0 0.0002907075 0 0 0 0 0 0 0.0004725624 0 0 0 0 0 0 8.872276e-05 0 0 0 0 0 0 0.001246838 0 0 0 0 0 0 0.001238379
14 0.0005660998 0 0 0 0 0 0 0.0003395696 0 0 0 0 0 0 0.0009511487 0 0 0 0 0 0 0.0003496715 0 0 0 0 0 0 0.000179322 0 0 0 0 0 0 0.001288943
15 2.980455e-05 0 0 0 0 0 0 0.0002056671 0 0 0 0 0 0 0.0008464935 0 0 0 0 0 0 0.0009308314 0 0 0 0 0 0 2.826081e-05 0 0 0 0 0 0 0.0005243945
16 0.000162917 0 0 0 0 0 0 0.0002368277 0 0 0 0 0 0 0.0005566967 0 0 0 0 0 0 0.0006429583 0 0 0 0 0 0 8.27601e-05 0 0 0 0 0 0 0.001578054
17 0.0008819277 0 0 0 0 0 0 0.0001483926 0 0 0 0 0 0 0.001382746 0 0 0 0 0 0 0.0008392126 0 0 0 0 0 0 0.001146116 0 0 0 0 0 0 0.0007117386
18 0.0005475029 0 0 0 0 0 0 0.0004576377 0 0 0 0 0 0 0.0007841563 0 0 0 0 0 0 0.0009221601 0 0 0 0 0 0 0.0003523764 0 0 0 0 0 0 0.001105652
19 3.906987e-05 0 0 0 0 0 0 7.952897e-05 0 0 0 0 0 0 2.581066e-05 0 0 0 0 0 0 0.000473256 0 0 0 0 0 0 0.0007231737 0 0 0 0 0 0 0.001573466
20 0.0003452398 0 0 0 0 0 0 0.0003662457 0 0 0 0 0 0 0.001262556 0 0 0 0 0 0 0.0003333418 0 0 0 0 0 0 0.0002681111 0 0 0 0 0 0 0.001757839
21 0.0001479549 0 0 0 0 0 0 0.0002394158 0 0 0 0 0 0 0.001276052 0 0 0 0 0 0 0.0008958844 0 0 0 0 0 0 0.002103254 0 0 0 0 0 0 0.001552671
22 0.0006263397 0 0 0 0 0 0 6.155276e-05 0 0 0 0 0 0 0.0001642598 0 0 0 0 0 0 0.000164888 0 0 0 0 0 0 0.0006348143 0 0 0 0 0 0 9.688643e-05
23 0.0004849519 0 0 0 0 0 0 0.0001541739 0 0 0 0 0 0 0.0002913832 0 0 0 0 0 0 0.0007444727 0 0 0 0 0 0 0.002642902 0 0 0 0 0 0 4.18419e-05
24 0.0002860701 0 0 0 0 0 0 0.0003517775 0 0 0 0 0 0 0.0002333749 0 0 0 0 0 0 0.000162491 0 0 0 0 0 0 0.0006691476 0 0 0 0 0 0 0.0001112372
25 0.000390722 0 0 0 0 0 0 9.6855e-05 0 0 0 0 0 0 1.046261e-05 0 0 0 0 0 0 0.0008370491 0 0 0 0 0 0 0.001219353 0 0 0 0 0 0 0.001176343
26 0.0001731584 0 0 0 0 0 0 0.0001724018 0 0 0 0 0 0 0.001100225 0 0 0 0 0 0 0.0009045377 0 0 0 0 0 0 0.0006494222 0 0 0 0 0 0 0.0004740075
27 0.0002117723 0 0 0 0 0 0 0.000537151 0 0 0 0 0 0 0.001124571 0 0 0 0 0 0 0.001030782 0 0 0 0 0 0 0.0008387445 0 0 0 0 0 0 0.004369884
28 0.000473023 0 0 0 0 0 0 7.174059e-05 0 0 0 0 0 0 0.0005376304 0 0 0 0 0 0 0.0005009772 0 0 0 0 0 0 0.0001906856 0 0 0 0 0 0 0.002260518
29 0.0008111162 0 0 0 0 0 0 0.000388188 0 0 0 0 0 0 0.001789683 0 0 0 0 0 0 0.0002628995 0 0 0 0 0 0 0.000936339 0 0 0 0 0 0 0.002368904
30 0.0003916851 0 0 0 0 0 0 0.0004314817 0 0 0 0 0 0 0.0007587075 0 0 0 0 0 0 0.0002764648 0 0 0 0 0 0 0.0009596465 0 0 0 0 0 0 3.865093e-05
31 0.001312257 0 0 0 0 0 0 0.0003156713 0 0 0 0 0 0 0.0008850725 0 0 0 0 0 0 0.0004620189 0 0 0 0 0 0 0.001054109 0 0 0 0 0 0 0.003775775
32 0.001160847 0 0 0 0 0 0 5.228217e-05 0 0 0 0 0 0 0.0002510906 0 0 0 0 0 0 0.0003486774 0 0 0 0 0 0 0.0003025336 0 0 0 0 0 0 0.0006414257
33 0.0006308193 0 0 0 0 0 0 0.0001430905 0 0 0 0 0 0 0.001408964 0 0 0 0 0 0 0.0002739758 0 0 0 0 0 0 0.0007472964 0 0 0 0 0 0 0.00188007
34 0.0002001061 0 0 0 0 0 0 5.849228e-05 0 0 0 0 0 0 0.000327418 0 0 0 0 0 0 0.000843621 0 0 0 0 0 0 0.0003337185 0 0 0 0 0 0 0.0008672876
35 0.0001897046 0 0 0 0 0 0 0.0004647381 0 0 0 0 0 0 0.0006128608 0 0 0 0 0 0 0.00145211 0 0 0 0 0 0 0.001171888 0 0 0 0 0 0 0.001666718
36 0.0001831822 0 0 0 0 0 0 0.0001160592 0 0 0 0 0 0 0.0007330159 0 0 0 0 0 0 0.0003963756 0 0 0 0 0 0 0.0001875819 0 0 0 0 0 0 0.001229751
37 0.000331227 0 0 0 0 0 0 0.000403838 0 0 0 0 0 0 0.0008440891 0 0 0 0 0 0 0.001343915 0 0 0 0 0 0 0.0004314279 0 0 0 0 0 0 0.000244444
38 0.000612925 0 0 0 0 0 0 0.0002345346 0 0 0 0 0 0 0.0006979514 0 0 0 0 0 0 0.0001512661 0 0 0 0 0 0 0.0001676071 0 0 0 0 0 0 0.0004960183
39 0.001334503 0 0 0 0 0 0 0.0003158219 0 0 0 0 0 0 0.0003222381 0 0 0 0 0 0 0.00118319 0 0 0 0 0 0 0.001329974 0 0 0 0 0 0 0.001444951
40 0.0009849988 0 0 0 0 0 0 2.454871e-05 0 0 0 0 0 0 0.0008446343 0 0 0 0 0 0 0.001073468 0 0 0 0 0 0 0.001384948 0 0 0 0 0 0 0.000178243
41 0.0005462808 0 0 0 0 0 0 0.0001308594 0 0 0 0 0 0 0.0005054489 0 0 0 0 0 0 0.0004764085 0 0 0 0 0 0 0.000927153 0 0 0 0 0 0 0.0003086805
42 0.001139363 0 0 0 0 0 0 0.0002370696 0 0 0 0 0 0 3.96457e-05 0 0 0 0 0 0 0.0001484554 0 0 0 0 0 0 0.0005165914 0 0 0 0 0 0 0.002112085
43 0.0003017574 0 0 0 0 0 0 1.525704e-05 0 0 0 0 0 0 0.0009862036 0 0 0 0 0 0 0.0002233593 0 0 0 0 0 0 0.0003218221 0 0 0 0 0 0 0.002333779
44 0.001042838 0 0 0 0 0 0 0.0001982898 0 0 0 0 0 0 0.0008331782 0 0 0 0 0 0 0.000414033 0 0 0 0 0 0 0.0005516765 0 0 0 0 0 0 0.0002022533
45 0.0002257831 0 0 0 0 0 0 0.0007677143 0 0 0 0 0 0 2.536038e-05 0 0 0 0 0 0 0.002293689 0 0 0 0 0 0 0.0001559036 0 0 0 0 0 0 0.001371069
46 0.001078775 0 0 0 0 0 0 0.0005058491 0 0 0 0 0 0 0.0003234795 0 0 0 0 0 0 0.0008605088 0 0 0 0 0 0 0.002273178 0 0 0 0 0 0 0.003288339
47 0.0001386822 0 0 0 0 0 0 8.710162e-05 0 0 0 0 0 0 0.001165379 0 0 0 0 0 0 0.00016949 0 0 0 0 0 0 0.0007831 0 0 0 0 0 0 0.001156156
48 0.0003590297 0 0 0 0 0 0 0.0001663172 0 0 0 0 0 0 0.000209465 0 0 0 0 0 0 0.0003682613 0 0 0 0 0 0 0.0006336678 0 0 0 0 0 0 0.0001531052
49 7.912247e-05 0 0 0 0 0 0 0.0001286194 0 0 0 0 0 0 0.0004448988 0 0 0 0 0 0 2.584463e-05 0 0 0 0 0 0 0.001398741 0 0 0 0 0 0 0.0003086424
50 0.0003246022 0 0 0 0 0 0 1.162153e-05 0 0 0 0 0 0 0.0008196028 0 0 0 0 0 0 0.0001797003 0 0 0 0 0 0 0.001163823 0 0 0 0 0 0 0.0008564106
51 0.0002482557 0 0 0 0 0 0 6.869465e-05 0 0 0 0 0 0 0.0003476195 0 0 0 0 0 0 0.0002662321 0 0 0 0 0 0 0.0001872039 0 0 0 0 0 0 0.002168542
52 0.000359969 0 0 0 0 0 0 0.00011787 0 0 0 0 0 0 0.001385193 0 0 0 0 0 0 0.0002608483 0 0 0 0 0 0 0.0001645855 0 0 0 0 0 0 0.0006337697
53 0.0001633049 0 0 0 0 0 0 0.00012983 0 0 0 0 0 0 0.0009224582 0 0 0 0 0 0 0.0007793378 0 0 0 0 0 0 0.00103469 0 0 0 0 0 0 0.00177591
54 0.0002932964 0 0 0 0 0 0 0.0002410542 0 0 0 0 0 0 0.0007862604 0 0 0 0 0 0 4.506296e-05 0 0 0 0 0 0 0.001300451 0 0 0 0 0 0 0.00038051
55 0.0001399851 0 0 0 0 0 0 3.691239e-05 0 0 0 0 0 0 0.0009053282 0 0 0 0 0 0 0.0007052416 0 0 0 0 0 0 0.0003000172 0 0 0 0 0 0 0.002217412
56 0.0006671098 0 0 0 0 0 0 0.0002055341 0 0 0 0 0 0 0.0008823724 0 0 0 0 0 0 0.0003534729 0 0 0 0 0 0 0.001053576 0 0 0 0 0 0 0.001930636
57 0.0009775713 0 0 0 0 0 0 0.0002869971 0 0 0 0 0 0 0.0003148106 0 0 0 0 0 0 0.001343735 0 0 0 0 0 0 0.0006116535 0 0 0 0 0 0 0.001237859
58 0.0003592395 0 0 0 0 0 0 0.0001120355 0 0 0 0 0 0 0.0001304146 0 0 0 0 0 0 0.0009548247 0 0 0 0 0 0 0.0003810156 0 0 0 0 0 0 0.000946771
59 0.001049933 0 0 0 0 0 0 0.0002081456 0 0 0 0 0 0 0.001016627 0 0 0 0 0 0 0.0008358902 0 0 0 0 0 0 0.002589953 0 0 0 0 0 0 0.0005060567
60 0.0004829031 0 0 0 0 0 0 0.0002148556 0 0 0 0 0 0 0.00112839 0 0 0 0 0 0 6.454974e-05 0 0 0 0 0 0 0.0001490867 0 0 0 0 0 0 0.001541734
61 9.31656e-05 0 0 0 0 0 0 0.0001040196 0 0 0 0 0 0 0.0002232828 0 0 0 0 0 0 0.001228316 0 0 0 0 0 0 0.001465536 0 0 0 0 0 0 0.001512657
62 7.338162e-05 0 0 0 0 0 0 0.0002069653 0 0 0 0 0 0 0.0004337268 0 0 0 0 0 0 0.0007814496 0 0 0 0 0 0 0.000191434 0 0 0 0 0 0 0.0007654878
63 0.001047013 0 0 0 0 0 0 0.0001202584 0 0 0 0 0 0 0.0002738831 0 0 0 0 0 0 0.0006389744 0 0 0 0 0 0 0.001538113 0 0 0 0 0 0 9.937203e-05
64 0.0007136134 0 0 0 0 0 0 0.0005540266 0 0 0 0 0 0 0.0006364788 0 0 0 0 0 0 0.0004244965 0 0 0 0 0 0 0.0002295825 0 0 0 0 0 0 0.003412499
65 0.0005827132 0 0 0 0 0 0 0.0003627236 0 0 0 0 0 0 1.616296e-05 0 0 0 0 0 0 0.0001055686 0 0 0 0 0 0 4.532657e-05 0 0 0 0 0 0 0.000769771
66 0.0006738392 0 0 0 0 0 0 0.000251649 0 0 0 0 0 0 0.001269603 0 0 0 0 0 0 0.001215773 0 0 0 0 0 0 0.0007075181 0 0 0 0 0 0 0.0002419071
67 0.001174933 0 0 0 0 0 0 7.063046e-05 0 0 0 0 0 0 7.05675e-05 0 0 0 0 0 0 0.0003799665 0 0 0 0 0 0 0.0005938976 0 0 0 0 0 0 0.0006157011
68 0.0009090156 0 0 0 0 0 0 0.000521674 0 0 0 0 0 0 0.0001010125 0 0 0 0 0 0 0.001816039 0 0 0 0 0 0 0.0008443016 0 0 0 0 0 0 0.0006565154
69 0.00124258 0 0 0 0 0 0 0.0001304079 0 0 0 0 0 0 0.0007237956 0 0 0 0 0 0 0.0005578538 0 0 0 0 0 0 0.0005820259 0 0 0 0 0 0 0.000351121
70 0.0001824003 0 0 0 0 0 0 0.0001152706 0 0 0 0 0 0 0.0002428881 0 0 0 0 0 0 0.0003925044 0 0 0 0 0 0 0.0004806683 0 0 0 0 0 0 0.001627566
71 0.0003839139 0 0 0 0 0 0 0.0002433044 0 0 0 0 0 0 7.634578e-05 0 0 0 0 0 0 0.0003915387 0 0 0 0 0 0 0.0009473285 0 0 0 0 0 0 0.0003175447
72 0.000948956 0 0 0 0 0 0 0.0001153726 0 0 0 0 0 0 0.001017461 0 0 0 0 0 0 0.0007285019 0 0 0 0 0 0 0.0007874805 0 0 0 0 0 0 0.002024887
73 0.0003788245 0 0 0 0 0 0 0.0004726119 0 0 0 0 0 0 0.0005473763 0 0 0 0 0 0 0.0005942627 0 0 0 0 0 0 5.873483e-06 0 0 0 0 0 0 0.00041996
74 0.0004167095 0 0 0 0 0 0 2.718968e-05 0 0 0 0 0 0 0.0006496628 0 0 0 0 0 0 0.0007135295 0 0 0 0 0 0 0.0005151502 0 0 0 0 0 0 0.000357465
75 0.0009823996 0 0 0 0 0 0 0.0003688429 0 0 0 0 0 0 0.0006142589 0 0 0 0 0 0 0.00042395 0 0 0 0 0 0 6.089292e-05 0 0 0 0 0 0 0.0003766075
76 0.0006107449 0 0 0 0 0 0 0.0002252576 0 0 0 0 0 0 0.0003567615 0 0 0 0 0 0 0.0004246223 0 0 0 0 0 0 0.0001800999 0 0 0 0 0 0 0.0003994989
77 0.0002738571 0 0 0 0 0 0 2.521707e-05 0 0 0 0 0 0 0.0006786723 0 0 0 0 0 0 0.0004817229 0 0 0 0 0 0 0.000216711 0 0 0 0 0 0 0.003321214
78 0.0006790986 0 0 0 0 0 0 1.84686e-05 0 0 0 0 0 0 0.0006206208 0 0 0 0 0 0 0.0005784241 0 0 0 0 0 0 7.52403e-05 0 0 0 0 0 0 0.0005793006
79 0.0003483262 0 0 0 0 0 0 6.318278e-05 0 0 0 0 0 0 0.001029648 0 0 0 0 0 0 0.0002174559 0 0 0 0 0 0 0.002779053 0 0 0 0 0 0 0.001036505
80 0.0006305147 0 0 0 0 0 0 5.092458e-05 0 0 0 0 0 0 0.0003585399 0 0 0 0 0 0 0.0007859059 0 0 0 0 0 0 0.001740125 0 0 0 0 0 0 0.0008130608
81 0.0009964517 0 0 0 0 0 0 4.333658e-05 0 0 0 0 0 0 8.415246e-05 0 0 0 0 0 0 0.0008502793 0 0 0 0 0 0 0.0005055179 0 0 0 0 0 0 0.002869543
82 0.0003166906 0 0 0 0 0 0 0.0004256753 0 0 0 0 0 0 0.0001480083 0 0 0 0 0 0 0.0006130405 0 0 0 0 0 0 0.0002988458 0 0 0 0 0 0 0.001354492
83 0.00152611 0 0 0 0 0 0 0.0003644907 0 0 0 0 0 0 0.001055593 0 0 0 0 0 0 0.00195623 0 0 0 0 0 0 0.002448525 0 0 0 0 0 0 0.0007097466
84 0.0002854155 0 0 0 0 0 0 3.85633e-05 0 0 0 0 0 0 0.001147425 0 0 0 0 0 0 0.0003501651 0 0 0 0 0 0 0.002345744 0 0 0 0 0 0 0.000519991
85 0.0003337105 0 0 0 0 0 0 0.0004755426 0 0 0 0 0 0 0.001192145 0 0 0 0 0 0 0.0002954564 0 0 0 0 0 0 0.0005127171 0 0 0 0 0 0 0.0006381729
86 0.0002429698 0 0 0 0 0 0 1.821079e-05 0 0 0 0 0 0 0.001047926 0 0 0 0 0 0 0.0005720381 0 0 0 0 0 0 0.0001298131 0 0 0 0 0 0 0.00182675
87 0.0004885376 0 0 0 0 0 0 5.80309e-05 0 0 0 0 0 0 0.0008403298 0 0 0 0 0 0 0.0009038079 0 0 0 0 0 0 0.001548159 0 0 0 0 0 0 0.0001344472
88 1.801956e-05 0 0 0 0 0 0 1.365464e-07 0 0 0 0 0 0 0.001001134 0 0 0 0 0 0 8.994593e-05 0 0 0 0 0 0 0.0003865252 0 0 0 0 0 0 0.001334295
89 0.0006216615 0 0 0 0 0 0 0.0004926877 0 0 0 0 0 0 0.0001530141 0 0 0 0 0 0 0.001327466 0 0 0 0 0 0 4.724404e-05 0 0 0 0 0 0 0.001649567
90 0.0001458237 0 0 0 0 0 0 4.774581e-05 0 0 0 0 0 0 0.0002978075 0 0 0 0 0 0 6.924903e-06 0 0 0 0 0 0 0.003421949 0 0 0 0 0 0 0.001380649
91 0.0008371981 0 0 0 0 0 0 2.81635e-05 0 0 0 0 0 0 0.001411695 0 0 0 0 0 0 0.001793508 0 0 0 0 0 0 0.001896375 0 0 0 0 0 0 0.0004156259
92 0.001084643 0 0 0 0 0 0 8.222488e-05 0 0 0 0 0 0 0.00076897 0 0 0 0 0 0 4.797782e-05 0 0 0 0 0 0 0.000100896 0 0 0 0 0 0 0.0003200141
93 0.0006649462 0 0 0 0 0 0 0.0001241517 0 0 0 0 0 0 0.000314532 0 0 0 0 0 0 0.0008093854 0 0 0 0 0 0 0.0004213126 0 0 0 0 0 0 1.732246e-05
94 0.0003973926 0 0 0 0 0 0 0.0003299942 0 0 0 0 0 0 0.0006215784 0 0 0 0 0 0 0.0003110277 0 0 0 0 0 0 0.0008285246 0 0 0 0 0 0 0.0006746873
95 0.0002958544 0 0 0 0 0 0 0.0002536181 0 0 0 0 0 0 0.0002467038 0 0 0 0 0 0 0.0005594525 0 0 0 0 0 0 0.001599737 0 0 0 0 0 0 0.001298047
96 0.0006216963 0 0 0 0 0 0 0.0001273977 0 0 0 0 0 0 0.001136746 0 0 0 0 0 0 0.0003290352 0 0 0 0 0 0 0.000974412 0 0 0 0 0 0 0.002594546
97 0.0008218141 0 0 0 0 0 0 0.0001779779 0 0 0 0 0 0 0.0004756019 0 0 0 0 0 0 0.0002699972 0 0 0 0 0 0 0.0009557167 0 0 0 0 0 0 0.0006044919
98 0.0007781658 0 0 0 0 0 0 0.0003800179 0 0 0 0 0 0 0.001467246 0 0 0 0 0 0 0.001585123 0 0 0 0 0 0 0.003189952 0 0 0 0 0 0 0.001007707
99 0.0001621072 0 0 0 0 0 0 6.224877e-05 0 0 0 0 0 0 0.000534749 0 0 0 0 0 0 0.0009016635 0 0 0 0 0 0 0.001214657 0 0 0 0 0 0 0.00109805
100 0.0002406697 0 0 0 0 0 0 4.254087e-05 0 0 0 0 0 0 0.0004188087 0 0 0 0 0 0 5.05994e-05 0 0 0 0 0 0 0.0008467992 0 0 0 0 0 0 0.0002415114
