1 0.03318465 0.02127187 0.02127187 0.127213 0.1537206 0.02562616 0.02562616 0.1703939 0.3169515 0.05518975 0.05518975 0.3057775
2 0.1232668 0.04711475 0.04711475 0.01073371 0.2283803 0.004333346 0.004333346 0.05601288 0.2477336 0.1494784 0.1494784 0.07289796
3 0.08353653 0.02474563 0.02474563 0.2524245 0.2912619 0.0141057 0.0141057 0.3858454 0.3713749 0.1519751 0.1519751 0.1652907
4 0.1350154 0.007123609 0.007123609 0.1801156 0.02367657 0.03431771 0.03431771 0.1152385 0.06021018 0.09039829 0.09039829 0.2807213
5 0.01568339 0.003270889 0.003270889 0.0953318 0.2571241 0.07622895 0.07622895 0.06168156 0.00445893 0.01310423 0.01310423 0.06405149
6 0.1244277 0.02009584 0.02009584 0.1114078 0.3730834 0.05563263 0.05563263 0.06284424 0.3819618 0.01431989 0.01431989 0.2827613
7 0.03123848 0.05293168 0.05293168 0.2985549 0.6769322 0.1439864 0.1439864 0.122655 0.07836527 0.02740608 0.02740608 0.1899563
8 0.004254102 0.01402562 0.01402562 0.1979768 0.6203891 0.1271708 0.1271708 0.1827632 0.09846246 0.1338142 0.1338142 0.1638459
9 0.1889132 0.1329995 0.1329995 0.03710097 0.4763601 0.008762712 0.008762712 0.07326552 0.2986173 0.0997996 0.0997996 0.1011912
10 0.4459159 0.2171096 0.2171096 0.1038923 0.3060305 0.09778951 0.09778951 0.07159182 0.2782703 0.01684763 0.01684763 0.08044679
11 0.05885163 0.05808254 0.05808254 0.09062849 0.04530659 0.191186 0.191186 0.2122663 0.4267097 0.05453415 0.05453415 0.1486982
12 0.03682118 0.04133656 0.04133656 0.09332416 0.2098013 0.09052052 0.09052052 0.2796405 0.1016224 0.1128913 0.1128913 0.1239005
13 0.1523814 0.0514585 0.0514585 0.3749767 0.4578983 0.2496001 0.2496001 0.4040418 0.2963667 0.03021393 0.03021393 0.5801166
14 0.1032487 0.03770957 0.03770957 0.03512342 0.1157821 0.1151061 0.1151061 0.07652823 0.129977 0.1793289 0.1793289 0.5122669
15 0.08832902 0.1007269 0.1007269 0.1900047 0.0212757 0.227888 0.227888 0.4252646 0.198102 0.06189564 0.06189564 0.2286088
16 0.0384162 0.01513766 0.01513766 0.1872884 0.3872366 0.1542397 0.1542397 0.5210467 0.3010114 0.109191 0.109191 0.05008965
17 0.006934793 0.02868371 0.02868371 0.005806666 0.04270237 0.1009145 0.1009145 0.3717637 0.4445911 0.1754775 0.1754775 0.08985211
18 0.08849628 0.06894594 0.06894594 0.00319858 0.4089855 0.06186243 0.06186243 0.4293739 0.0002066249 0.002962219 0.002962219 0.2056896
19 0.04693051 0.04097553 0.04097553 0.01537105 0.4993579 0.04708245 0.04708245 0.8454989 0.1445865 0.05720427 0.05720427 0.03612452
20 0.1952539 0.1093439 0.1093439 0.2636795 0.1283172 0.1974338 0.1974338 0.2596867 0.07270563 0.1439004 0.1439004 0.09697917
21 0.02291155 0.004907482 0.004907482 0.100997 0.09159454 0.1614365 0.1614365 0.1814392 0.1215451 0.2129823 0.2129823 0.01747522
22 0.01991182 0.11616 0.11616 0.04806835 0.6277831 0.217453 0.217453 0.6951018 0.02078408 0.01187572 0.01187572 0.1149493
23 0.1104202 0.05567385 0.05567385 0.004849804 0.1829528 0.1222689 0.1222689 0.05006772 0.3005176 0.06047276 0.06047276 0.3942233
24 0.137574 0.03945601 0.03945601 0.2581526 0.1957781 0.113079 0.113079 0.04353925 0.1307922 0.03616882 0.03616882 0.1523787
25 0.09915832 0.01153251 0.01153251 0.1756529 0.3602573 0.007044001 0.007044001 0.1140917 0.0386956 0.1193773 0.1193773 0.12279
26 0.01179379 0.08934744 0.08934744 0.1940457 0.5183003 0.2486963 0.2486963 0.05935707 0.1932773 0.007799172 0.007799172 0.07763298
27 0.04010847 0.08313732 0.08313732 0.2785948 0.265195 0.1863874 0.1863874 0.0905483 0.1528756 0.03919326 0.03919326 0.0661329
28 0.1228608 0.1634028 0.1634028 0.05491138 0.1693821 0.113191 0.113191 0.1141693 0.2381477 0.009808896 0.009808896 0.3238776
29 0.1552286 0.04669503 0.04669503 0.16029 0.3820484 0.09858754 0.09858754 0.1550403 0.06224695 0.03753079 0.03753079 0.1015586
30 0.01452917 0.02438736 0.02438736 0.2227944 0.2505973 0.1605502 0.1605502 0.3597144 0.2420979 0.2272804 0.2272804 0.310292
31 0.07102376 0.09008502 0.09008502 0.3286058 0.05052405 0.1689532 0.1689532 0.4826405 0.2276574 0.134561 0.134561 0.198213
32 0.01515876 0.0826165 0.0826165 0.1315337 0.07132321 0.1261929 0.1261929 0.1070497 0.1550582 0.001298419 0.001298419 0.04110052
33 0.03033932 0.03499362 0.03499362 0.04291945 0.6663516 0.1261628 0.1261628 0.1208217 0.2314031 0.09851091 0.09851091 0.2565151
34 0.05485559 0.03348719 0.03348719 0.07500291 0.1083212 0.2009015 0.2009015 0.1292076 0.1318533 0.07667315 0.07667315 0.01628697
35 0.08061867 0.1142226 0.1142226 0.05014125 0.1664383 0.140599 0.140599 0.3342982 0.172693 0.1141386 0.1141386 0.2885736
36 0.1075802 0.01017347 0.01017347 0.1766779 0.4171935 0.008675073 0.008675073 0.5186429 0.05427081 0.1396457 0.1396457 0.38168
37 0.001655452 0.09382627 0.09382627 0.06081659 0.09792569 0.03739668 0.03739668 0.0602613 0.3501048 0.01630142 0.01630142 0.3703191
38 0.0771891 0.07552325 0.07552325 0.1123109 0.4410397 0.2075962 0.2075962 0.2731919 0.3454487 0.3681161 0.3681161 0.3493522
39 0.1268658 0.001685132 0.001685132 0.2195698 0.02062687 0.1110244 0.1110244 0.178481 0.3922885 0.09192983 0.09192983 0.043958
40 0.03959301 0.04492839 0.04492839 0.1246381 0.04736685 0.2476507 0.2476507 0.3421183 0.4315603 0.03066738 0.03066738 0.3544986
41 0.01511859 0.01679474 0.01679474 0.2089924 0.03102168 0.1830051 0.1830051 0.04240859 0.03313128 0.1114941 0.1114941 0.3434504
42 0.08814014 0.1628152 0.1628152 0.4455343 0.3570914 0.2433992 0.2433992 0.2612941 0.09020724 0.04806763 0.04806763 0.07304641
43 0.09080864 0.07397928 0.07397928 0.1248494 0.3154546 0.09658573 0.09658573 0.03212856 0.06815096 0.03293133 0.03293133 0.02684101
44 0.002097211 0.02938863 0.02938863 0.1636671 0.03540404 0.1279783 0.1279783 0.04662824 0.3201062 0.1127805 0.1127805 0.289785
45 0.07349128 0.04714216 0.04714216 0.3141303 0.2849951 0.1066338 0.1066338 0.6653233 0.3541762 0.1215247 0.1215247 0.2531967
46 0.07386274 0.1396931 0.1396931 0.03886245 0.6764665 0.1332673 0.1332673 0.1374546 0.3272599 0.2296706 0.2296706 0.1260633
47 0.0234821 0.1232099 0.1232099 0.07914595 0.5148317 0.6119585 0.6119585 0.8938123 0.2358779 0.1110316 0.1110316 0.1580196
48 0.002373086 0.01387271 0.01387271 0.2743086 0.196424 0.0994249 0.0994249 0.2282796 0.1392544 0.03251115 0.03251115 0.2190163
49 0.1188695 0.01432324 0.01432324 0.02584146 0.5840213 0.006607291 0.006607291 0.04698128 0.2900955 0.1011737 0.1011737 0.01386425
50 0.06775891 0.007894903 0.007894903 0.06743621 0.2134793 0.07772842 0.07772842 0.1745334 0.1570126 0.07598253 0.07598253 0.04611201
51 0.1595364 0.02052571 0.02052571 0.1353236 0.2825083 0.02369208 0.02369208 0.07780899 0.1289791 0.1930895 0.1930895 0.2715797
52 0.06052294 0.09548548 0.09548548 0.04207694 0.9292584 0.2398768 0.2398768 0.06405975 0.1122003 0.03101308 0.03101308 0.0835686
53 0.05333247 0.01754132 0.01754132 0.05183682 1.143435 0.4075574 0.4075574 0.009406826 0.2917663 0.06798716 0.06798716 0.3276975
54 0.1203093 0.07747114 0.07747114 0.2264027 0.3122992 0.2001423 0.2001423 0.4022377 0.08650392 0.4108244 0.4108244 0.5579304
55 0.0285748 0.004568309 0.004568309 0.1373897 0.4563021 0.07544372 0.07544372 0.09382902 0.04082859 0.05477282 0.05477282 0.1548999
56 0.04452003 0.1097577 0.1097577 0.08625864 0.1467931 0.04277267 0.04277267 0.06550473 0.3893699 0.2088442 0.2088442 0.003925766
57 0.09225704 0.04055823 0.04055823 0.03389206 0.2808681 0.09684437 0.09684437 0.09698362 0.2214749 0.05186265 0.05186265 0.4394873
58 0.1226662 0.1973659 0.1973659 0.1858526 0.2689056 0.09088847 0.09088847 0.3800014 0.2815446 0.15658 0.15658 0.3763503
59 0.05450629 0.09085663 0.09085663 0.1749181 0.5716167 0.2824589 0.2824589 0.218268 0.113296 0.05342245 0.05342245 0.290252
60 0.0448586 0.003846068 0.003846068 0.09366842 0.1976405 0.06437176 0.06437176 0.2810105 0.1952655 0.1516849 0.1516849 0.1647776
61 0.1064974 0.05807943 0.05807943 0.08270791 0.09018015 0.04658979 0.04658979 0.02339322 0.3655375 0.1079435 0.1079435 0.3875614
62 0.01784948 0.01214266 0.01214266 0.06433868 0.1243952 0.04445291 0.04445291 0.1007173 0.2317274 0.2322023 0.2322023 0.08485364
63 0.1422436 0.02778367 0.02778367 0.05609726 0.5089137 0.07535642 0.07535642 0.4990761 0.2497921 0.02916095 0.02916095 0.2996988
64 0.01299712 0.02335774 0.02335774 0.2859148 0.03157918 0.06152066 0.06152066 0.1121802 0.1019721 0.07827782 0.07827782 0.1830937
65 0.1316414 0.1500439 0.1500439 0.267874 0.3645812 0.1052702 0.1052702 0.01861661 0.03303557 0.06266486 0.06266486 0.01767112
66 0.03868549 0.04159063 0.04159063 0.1938733 0.3246663 0.09579324 0.09579324 0.006161473 0.360855 0.2235002 0.2235002 0.1122307
67 0.1022445 0.01364871 0.01364871 0.301341 0.05815373 0.1205007 0.1205007 0.02229873 0.6469287 0.2546535 0.2546535 0.2518319
68 0.01810486 0.03508128 0.03508128 0.075127 0.3904986 0.07078109 0.07078109 0.2476938 0.2905121 0.05581247 0.05581247 0.01366898
69 0.02285302 0.04541639 0.04541639 0.02129703 0.4713893 0.1824751 0.1824751 0.1061642 0.03307473 0.09088438 0.09088438 0.4546717
70 0.0282499 0.1019266 0.1019266 0.06800305 0.05507375 0.07358719 0.07358719 0.3280568 0.1635482 0.08064908 0.08064908 0.09705217
71 0.05290727 0.0323234 0.0323234 0.04797913 0.07066839 0.04988519 0.04988519 0.1768365 0.1883543 0.1193858 0.1193858 0.1191312
72 0.01186013 0.001595521 0.001595521 0.04330116 0.3009227 0.1332562 0.1332562 0.04960704 0.06885011 0.03462804 0.03462804 0.1376947
73 0.07995319 0.06771771 0.06771771 0.1288729 0.5045177 0.3751205 0.3751205 0.5127218 0.440413 0.1465772 0.1465772 0.01465796
74 0.0868848 0.02104247 0.02104247 0.05760743 0.183475 0.2040148 0.2040148 0.05184977 0.05807322 0.2828199 0.2828199 0.5376283
75 0.08738481 0.01990269 0.01990269 0.01372637 0.03205377 0.1720363 0.1720363 0.2641502 0.01786191 0.0475765 0.0475765 0.1002976
76 0.04612543 0.07014528 0.07014528 0.09497406 0.2303386 0.2564027 0.2564027 0.112353 0.0734737 0.09668261 0.09668261 0.2185945
77 0.2033184 0.166474 0.166474 0.2640445 0.1055001 0.1424812 0.1424812 0.1981842 0.3160918 0.1058472 0.1058472 0.3918082
78 0.05311926 0.02178375 0.02178375 0.02887192 0.1339443 0.03070775 0.03070775 0.3323283 0.1503856 0.1742185 0.1742185 0.02717423
79 0.1169021 0.06809634 0.06809634 0.2554431 0.1013274 0.04214223 0.04214223 0.08905887 0.249572 0.0711691 0.0711691 0.09248388
80 0.1236257 0.07709712 0.07709712 0.1087972 0.08792326 0.1019307 0.1019307 0.1248251 0.343345 0.03690373 0.03690373 0.06226199
81 0.002487833 0.07067107 0.07067107 0.04013154 0.1072825 0.1858525 0.1858525 0.01609531 0.1819506 0.01675237 0.01675237 0.4765367
82 0.08629887 0.06483432 0.06483432 0.02422111 0.2337296 0.1260901 0.1260901 0.1919747 0.1335852 0.1135302 0.1135302 0.03113872
83 0.07973438 0.07799552 0.07799552 0.2130054 0.2775451 0.1442501 0.1442501 0.1603385 0.2041499 0.1029642 0.1029642 0.1282067
84 0.09975539 0.1040341 0.1040341 0.06252609 0.3621326 0.1426364 0.1426364 0.07975844 0.1005184 0.04550233 0.04550233 0.09362005
85 0.1054376 0.02486424 0.02486424 0.02365052 0.4193886 0.1719385 0.1719385 0.07895189 0.04468709 0.05596888 0.05596888 0.3578197
86 0.3777238 0.1014416 0.1014416 0.1162629 0.6444841 0.03290893 0.03290893 0.368542 0.4879943 0.0740721 0.0740721 0.4286687
87 0.0476535 0.01292044 0.01292044 0.1940422 0.2143446 0.08431881 0.08431881 0.4785565 0.1880839 0.1839758 0.1839758 0.1848169
88 0.03890892 0.06468382 0.06468382 0.06636989 0.1216653 0.1690181 0.1690181 0.162968 0.2382586 0.2025203 0.2025203 0.2765744
89 0.05568792 0.1162647 0.1162647 0.05016599 0.2030506 0.1097636 0.1097636 0.04477245 0.2938981 0.00922368 0.00922368 0.3249311
90 0.1103279 0.05034874 0.05034874 0.07506361 0.3514039 0.07865252 0.07865252 0.3197686 0.2642063 0.1103492 0.1103492 0.09230806
91 0.03434103 0.0126367 0.0126367 0.1787086 0.3235929 0.03576058 0.03576058 0.2558992 0.3689936 0.03589297 0.03589297 0.1074887
92 0.09986936 0.02112878 0.02112878 0.2332773 0.524356 0.09385053 0.09385053 0.2386363 0.2553969 0.02990692 0.02990692 0.1979464
93 0.0669883 0.1429997 0.1429997 0.126558 0.2180459 0.1788519 0.1788519 0.04435476 0.02422486 0.02235483 0.02235483 0.354218
94 0.08666851 0.004362869 0.004362869 0.003399538 0.1045062 0.06072096 0.06072096 0.2116639 0.01192425 0.0005632316 0.0005632316 0.07890544
95 0.09811121 0.05995535 0.05995535 0.01380402 0.6816561 0.2081303 0.2081303 0.1553663 0.1356846 0.1939644 0.1939644 0.3938498
96 0.1959447 0.02596246 0.02596246 0.01245111 0.3568509 0.2995539 0.2995539 0.0155756 0.3984255 0.08453143 0.08453143 0.3672651
97 0.338973 0.01699345 0.01699345 0.2494436 0.3745983 0.220255 0.220255 0.6982217 0.2470588 0.01324201 0.01324201 0.1076598
98 0.2034762 0.04544496 0.04544496 0.313048 0.24742 0.2464653 0.2464653 0.2399654 0.3586826 0.1787249 0.1787249 0.04828072
99 0.1477218 0.02643646 0.02643646 0.02517038 0.08510262 0.2053715 0.2053715 0.1029425 0.05978857 0.05555334 0.05555334 0.2005106
100 0.1317834 0.07477816 0.07477816 0.1884788 0.4111644 0.09328303 0.09328303 0.1024735 0.1491548 0.0323089 0.0323089 0.007380036
