1 0.3942581 0.004453206 0.08447363 0.3203327 0.1312115 0.7853936
2 0.576959 0.6594987 0.7597151 0.866381 0.9619204 1.038026
3 0.2549689 0.1270225 0.6525888 0.9277697 0.9229348 0.735329
4 0.1353743 0.4203076 0.2379374 0.2504843 0.1830208 0.1085465
5 0.1099156 0.2925641 0.8544335 0.7422943 0.3125569 0.3285909
6 0.4291407 0.09071137 0.2915833 0.4621794 0.7115451 0.4150412
7 0.2991285 0.320421 0.3159232 0.1382083 0.6013796 0.7312082
8 0.2572135 0.11607 0.4065533 0.6071603 0.1784841 0.1831123
9 0.02738345 0.7811387 0.4176617 0.1281609 0.2544492 0.6534895
10 0.06448456 0.3249343 0.05992764 0.1349672 0.3053781 0.3406561
11 0.2905343 0.5321128 0.3500402 0.1176755 0.4108403 0.3344643
12 0.008642238 0.0122244 0.3671696 0.2047591 0.3550818 0.2880729
13 0.2030633 0.02545717 0.1377331 0.07668822 0.3006948 0.2534248
14 0.9129665 0.8901008 1.241885 1.580457 1.445235 1.194799
15 0.4573826 0.6491243 0.1182908 0.2219554 0.6850569 0.7828983
16 0.0003624744 0.03449789 0.2717235 0.7133811 0.006656054 0.1179041
17 0.1459032 0.05641909 0.3894888 0.08147539 0.4147849 0.03820109
18 0.03324783 0.3122524 1.02131 0.9547655 0.69203 1.089674
19 0.1012754 0.3601834 0.22695 0.4207368 0.06334678 0.04183614
20 0.2576667 0.4141663 0.2504062 0.4020022 1.140687 0.6474338
21 0.07739543 0.2107371 0.04512907 0.3498184 0.4070096 0.1160436
22 0.02533547 0.08967294 0.4584343 0.1901129 0.2287324 0.04299345
23 0.1118514 0.01127523 0.5485804 0.9137045 0.04282504 0.1262231
24 0.2939555 0.343846 0.9558486 0.929113 0.7180244 1.077366
25 0.07418818 0.1042267 0.2474664 0.2697255 0.07803166 0.1244691
26 0.4770282 0.6729582 1.274649 1.113484 0.5322741 0.3937057
27 0.2774501 0.6963374 1.775505 1.146428 0.7804348 0.8793319
28 0.4611694 0.343995 0.1149301 0.1717258 1.070343 0.3451804
29 0.3449797 0.4104468 0.1447062 0.7336076 0.8229333 0.7265688
30 0.5047535 0.07467523 2.081398 2.351063 0.9057665 0.1299056
31 0.6079914 0.6549403 0.8394148 1.442462 1.209429 1.136738
32 0.1726775 0.4174137 0.486866 0.1560227 0.3325864 0.7490409
33 0.00992865 0.2835595 0.5636369 0.4703391 0.1285241 0.6136404
34 0.2289233 0.2043396 0.6826671 0.7400422 0.2114603 0.1465295
35 0.8156756 0.7348007 1.032209 1.307378 0.8138756 0.843773
36 0.1817774 0.376088 0.03964187 0.2861474 0.1344202 0.20209
37 0.1102578 0.1998089 0.04463863 0.1130962 0.01809916 0.3393985
38 0.5376584 0.390812 0.4237728 0.7387675 0.1609577 0.2327339
39 0.2059454 0.3581655 0.07826044 1.120845 0.5934225 0.1385876
40 0.1034698 0.3349197 0.1536428 0.006784776 0.3410667 0.3687282
41 0.06266295 0.1838014 0.03307037 0.07643303 0.3081707 0.4921912
42 0.169437 0.252679 0.5083585 0.2142895 0.0920574 0.1880199
43 0.1727418 1.132867 0.8004501 0.9274751 0.2282481 0.3436408
44 0.1174494 0.6338867 0.3818181 0.343198 0.4190218 0.8776775
45 0.1745215 0.03849306 0.1387992 0.08041981 0.3081619 0.1883453
46 0.2075287 0.3229973 0.857186 0.235176 0.002855271 0.338142
47 0.2377486 0.1223867 0.689461 0.6313709 0.4247333 0.6090515
48 0.05109464 0.0648315 0.5245014 0.5843231 0.01067507 0.1171417
49 0.2544844 0.023325 0.05315466 0.2659678 1.052672 0.551682
50 0.145834 0.2509679 0.4773084 0.1453639 0.7562253 0.9360458
51 0.1214843 0.1391893 1.31906 0.6098493 0.3138606 0.4836225
52 0.2652474 0.7576113 1.249668 0.05383823 0.4907089 0.1807589
53 0.5794203 0.269487 0.2954149 0.2573924 0.1223557 0.02472665
54 0.05768179 0.5286975 0.4231829 0.4774663 0.06487554 0.3445435
55 0.3589961 0.251639 0.495888 0.2984641 0.114824 0.2846825
56 0.1133815 0.4784656 0.215796 0.4478792 0.1772943 0.4897446
57 0.07815351 0.009211401 0.08402104 0.1315747 0.01282172 0.1661704
58 1.202898 0.3216155 1.570501 1.25708 1.676643 0.9586562
59 0.1909802 0.01585778 1.05081 0.2377442 0.4809757 0.4698792
60 0.06053456 0.06767853 0.6746865 1.173923 1.05978 0.5566626
61 0.2840827 0.8772636 0.169454 0.1459516 0.470037 0.7787078
62 0.09643488 0.5485567 0.07019306 0.3172177 0.3627894 0.8346392
63 0.1590522 0.5690769 1.195557 0.5817797 0.4248441 0.8081829
64 0.3208354 0.1939569 0.6352583 0.7623557 0.417345 0.2988542
65 0.105582 0.1453512 0.51557 0.2343591 0.1611769 0.1384904
66 0.0641143 0.370855 0.7363571 0.7103116 0.793818 0.6776312
67 0.9564936 0.3212303 0.6999229 1.401495 0.5222816 0.2444369
68 0.1624332 0.3408636 0.5637067 0.3978921 0.1636492 0.394155
69 0.4040407 0.6879351 1.413761 0.9302501 0.6246879 0.8497433
70 0.12106 0.03648651 0.6169126 0.6139313 0.05214952 0.3752774
71 0.7047912 0.7212957 1.282793 1.175778 1.101704 0.9257138
72 0.08763414 0.1894496 0.6140421 0.857416 0.0116689 0.1530133
73 0.1929902 0.2096861 0.1755555 0.03980219 0.4405654 0.233053
74 0.4140303 0.2456713 0.1717769 0.3157143 0.5532427 0.5883257
75 0.4581218 0.126005 0.2763205 0.3390759 1.004194 0.5370762
76 0.2136428 0.2724464 0.514444 1.253925 0.7011734 0.202385
77 0.23838 0.3488641 0.1148117 0.237946 0.1662331 0.1948357
78 0.145874 0.05185535 1.445074 0.6441113 0.5115974 0.5056626
79 1.603293 0.3647524 0.5884809 1.645649 2.117702 0.6632778
80 0.8046908 0.5080547 0.6055544 0.5624921 1.045866 0.661883
81 0.2973777 0.02869836 0.9569277 0.239095 0.5604097 0.01585723
82 0.3612741 0.2548119 0.389132 0.08156737 0.9005339 0.5018487
83 0.5163911 0.4255424 1.326424 1.088631 0.9610384 0.2737554
84 0.06734426 0.2038227 0.2051563 0.09468796 0.01018103 0.5724392
85 0.1039096 0.394898 0.6789819 0.4881018 0.3558683 0.7290867
86 0.05080271 0.03616088 0.3729636 0.2208198 0.06319405 0.03929771
87 0.5343183 0.6723626 0.1390237 0.1914718 0.2301048 0.2934643
88 0.642787 0.3004637 0.4263882 0.8926481 0.7605372 0.002538476
89 0.3899732 0.8059659 0.3776308 0.02879294 0.005620668 0.8420254
90 0.2806091 0.3987018 0.6894825 0.2800607 0.3159891 0.2902247
91 0.3835587 0.5310257 1.424258 0.5958531 0.8654719 0.5756195
92 0.1304961 0.02217504 0.09755207 0.00692348 0.06425964 0.3812661
93 0.08279492 0.04678292 0.533664 0.09495777 0.246994 0.3758996
94 0.1145298 0.2188589 0.4807477 0.0199686 0.806642 0.8164924
95 0.3247743 0.2345341 0.8711694 0.658561 0.3214109 0.5610334
96 0.1081423 0.7203457 0.1284803 0.6296243 0.6276361 1.001435
97 0.2824778 0.122773 0.6467945 0.1079568 0.1667431 0.302677
98 0.06436326 0.3877654 0.7642536 0.7617189 0.216754 0.6636307
99 0.5033478 0.01992757 0.5737581 0.8958875 0.4691371 0.04881597
100 0.3211914 0.4095325 0.5563629 0.2267684 0.1934801 0.7294855
