1 0.03822955 0.1957453 0.11415 0.06014497 0.2194687 0.2337731
2 0.1746748 0.1078141 0.08299232 0.02809273 0.01210201 0.04686943
3 0.06959524 0.1422939 0.1705818 0.06076229 0.1152871 0.1027613
4 0.01693864 0.009448959 0.1451463 0.05320879 0.05297928 0.1147716
5 0.04395491 0.0242146 0.07366386 0.04023343 0.1682228 0.09485012
6 0.02810036 0.002089218 0.1566633 0.1916291 0.1105083 0.1047459
7 0.07947046 0.03477379 0.1402171 0.07420877 0.02126145 0.02854588
8 0.1127845 0.05433846 0.07759379 0.1573685 0.06722813 0.05140492
9 0.03716237 0.05612535 0.05468652 0.04193816 0.1256203 0.06658885
10 0.1727466 0.1198165 0.4080028 0.1316667 0.02672523 0.02861222
11 0.02881389 0.08826485 0.03755441 0.1312181 0.08102864 0.08045204
12 0.009816637 0.01516343 0.1502184 0.01747992 0.111241 0.04402974
13 0.06684167 0.004429742 0.07139363 0.3086862 0.1224009 0.2364451
14 0.0558342 0.1074542 0.007476839 0.04110714 0.06407185 0.08913015
15 0.08817715 0.110357 0.05306971 0.3474938 0.3705485 0.1553825
16 0.07294398 0.06981615 0.2413661 0.3694143 0.06139577 0.0896114
17 0.08835641 0.1774165 0.1132042 0.03318564 0.03488502 0.1263532
18 0.1288338 0.1686106 0.3065229 0.1568524 0.08065994 0.08352307
19 0.004975756 0.2057552 0.1798761 0.2276144 0.01743648 0.07088945
20 0.02725917 0.1022551 0.06470884 0.04824531 0.1030121 0.04188526
21 0.0521208 0.01595624 0.06627858 0.02401775 0.07962067 0.201985
22 0.04963127 0.1378439 0.04301996 0.2124612 0.08725312 0.0281522
23 0.009396466 0.01789687 0.07502686 0.06742095 0.0838251 0.1944591
24 0.1103661 0.078657 0.01937632 0.06102975 0.1776267 0.1274368
25 0.01561693 0.07674606 0.007000626 0.0726277 0.02384254 0.06440076
26 0.1107507 0.1232118 0.06369502 0.004359714 0.004893664 0.02510754
27 0.02911235 0.07538774 0.07877544 0.131525 0.02412778 0.0839809
28 0.1322899 0.003601294 0.1003721 0.09479438 0.001308308 0.2854011
29 0.007989848 0.06138128 0.07721923 0.08371457 0.1401808 0.1288375
30 0.08697467 0.07760861 0.2242331 0.04105943 0.1991083 0.1353928
31 0.01611444 0.2364795 0.04067222 0.006787641 0.04213205 0.07935864
32 0.03068111 0.04248598 0.1784182 0.06203041 0.05580942 0.06725779
33 0.09061633 0.03806791 0.1123944 0.1364675 0.2379772 0.1506988
34 0.00935397 0.04732104 0.1013309 0.2174903 0.08497705 0.08476418
35 0.04583546 0.0220564 0.2049344 0.1078454 0.0981023 0.03159756
36 0.1022982 0.1171138 0.1389186 0.1560362 0.009759537 0.02418642
37 0.04967164 0.1108617 0.08618689 0.2060752 0.2943256 0.01378889
38 0.1756501 0.1238941 0.05543754 0.1751524 0.1455044 0.3307279
39 0.02918908 0.1457219 0.07969322 0.09533362 0.07554728 0.08211476
40 0.09456478 0.04856307 0.04115428 0.2142693 0.005301611 0.0178962
41 0.1358579 0.2097501 0.126731 0.004376858 0.02191265 0.05310212
42 0.002697133 0.3566292 0.2333347 0.004517071 0.1421924 0.04828297
43 0.111997 0.07536533 0.1769132 0.1081016 0.02015738 0.01451611
44 0.03504391 0.1408308 0.03412898 0.009849044 0.169174 0.1737766
45 0.1997131 0.07342916 0.154953 0.05834695 0.06277625 0.004823851
46 0.02541552 0.2395842 0.09647943 0.105761 0.2476967 0.1106631
47 0.07091199 0.2085264 0.302493 0.07623084 0.007611871 0.2109207
48 0.108559 0.1431165 0.3250995 0.1728421 0.09811118 0.000164003
49 0.008653918 0.02591393 0.04390107 0.1215772 0.04656745 0.1820889
50 0.01825677 0.09564921 0.0672322 0.2135326 0.07227411 0.124685
51 0.05336548 0.07021892 0.1873749 0.01918248 0.0262974 0.09363222
52 0.05293975 0.1518511 0.2420346 0.1681382 0.2133341 0.1962014
53 0.07628055 0.03722014 0.3963168 0.06205157 0.1129125 0.09389452
54 0.03381586 0.01760973 0.2162495 0.3238218 0.01021212 0.08191776
55 0.07120081 0.04666494 0.04899071 0.1110632 0.1764124 0.04507958
56 0.03791926 0.08207724 0.003202372 0.08282657 0.1457441 0.144747
57 0.08449015 0.02468882 0.008589753 0.02833443 0.005207116 0.1221031
58 0.06882468 0.1632689 0.2460727 0.1315664 0.04847678 0.05735568
59 0.004081229 0.05057672 0.3188559 0.05336446 0.0320181 0.2155348
60 0.09979897 0.1159994 0.01308191 0.03003148 0.09127349 0.2156409
61 0.09996731 0.1473952 0.08393572 0.01504774 0.05102103 0.1151623
62 0.2230254 0.1386018 0.04724356 0.06929664 0.1321477 0.135547
63 0.06734888 0.01984089 0.1527354 0.04883496 0.02604888 0.004884135
64 0.002104032 0.1298032 0.004752386 0.01575435 0.05108474 0.1543808
65 0.1448581 0.1990951 0.09105378 0.1563223 0.2582028 0.05285188
66 0.01250529 0.1189652 0.1511513 0.03492968 0.06944165 0.009192256
67 0.2041492 0.08943444 0.06562169 0.08547189 0.09821766 0.1719954
68 0.03581833 0.02557857 0.198186 0.03277682 0.1026941 0.03492775
69 0.08776092 0.01310225 0.05778862 0.1048496 0.07179943 0.1767165
70 0.107346 0.1039357 0.2135114 0.05081877 0.04101286 0.0227078
71 0.05130267 0.2061066 0.1738571 0.01780021 0.1211533 0.05089046
72 0.1039496 0.0657717 0.04070016 0.2083031 0.1289107 0.2881014
73 0.08421417 0.02483789 0.1614505 0.1572598 0.2615377 0.1798402
74 0.008609071 0.08088483 0.1597883 0.02596697 0.07017366 0.2383621
75 0.1131492 0.03209949 0.07560231 0.1896282 0.2707353 0.101701
76 0.08133311 0.04707877 0.1945785 0.04932743 0.1292192 0.05750598
77 0.01075671 0.1949956 0.05415476 0.1564293 0.04073293 0.08286032
78 0.006373204 0.1002137 0.1914437 0.1277945 0.04918894 0.03577341
79 0.1151435 0.1513236 0.1051113 0.01028249 0.2107246 0.07646571
80 0.01088683 0.02347168 0.01350005 0.04510115 0.008966462 0.05450241
81 0.004294071 0.2095945 0.06902533 0.2407071 0.1250887 0.2105506
82 0.06745897 0.01062053 0.02738059 0.2070615 0.08405946 0.08084743
83 0.01154356 0.002501658 0.1034238 0.1215318 0.1649576 0.1423029
84 0.02259542 0.2192506 0.03430684 0.1573601 0.03261732 0.08927085
85 0.03245101 0.02005226 0.009947548 0.1241627 0.3149329 0.09025731
86 0.0428443 0.002464871 0.1827299 0.007807112 0.2274119 0.1351174
87 0.1125925 0.09949403 0.119898 0.04874992 0.03355841 0.12932
88 0.0004034033 0.04662433 0.07288861 0.1961179 0.0441705 0.008892776
89 0.006486949 0.1048559 0.0446888 0.03283879 0.0782199 0.03178949
90 0.01662958 0.03913624 0.1370017 0.008455321 0.02543511 0.04518154
91 0.07081199 0.02553773 0.1381421 0.08506563 0.006305878 0.1089276
92 0.1390093 0.01973543 0.227578 0.08117719 0.07254893 0.2031016
93 0.03040823 0.08962757 0.233649 0.4897527 0.020688 0.2159713
94 0.001968648 0.07699533 0.1786541 0.1073461 0.2274059 0.02028994
95 0.02271761 0.03882622 0.2256402 0.04616411 0.1023839 0.04951109
96 0.007167414 0.0157819 0.2842357 0.2139117 0.01069144 0.02320138
97 0.2815363 0.1670193 0.1329706 0.1907077 0.1368411 0.05145256
98 0.09578578 0.2313154 0.1581625 0.2152611 0.01831497 0.2430419
99 0.08069211 0.03820568 0.164629 0.238175 0.0869632 0.05401828
100 0.08960954 6.536341e-05 0.2593617 0.07037724 0.1541477 0.08943911
