1 0.2860104 0.02423755 0.05241284 0.3319624 0.1251831 0.6701009
2 0.3005803 0.2173414 0.08679541 0.1484767 0.3349019 0.2215262
3 0.1363081 0.03855089 0.3217253 0.5303009 0.5078732 0.3220071
4 0.2401818 0.4109504 0.02899082 0.3291302 0.2643159 0.4320559
5 0.00407045 0.176838 0.2235937 0.4254084 0.4004212 0.2121981
6 0.1262298 0.1244056 0.03864531 0.1549088 0.1659328 0.2365243
7 0.2478032 0.1478572 0.3545562 0.3832353 0.8081427 0.8215791
8 0.08741968 0.04930734 0.2822854 0.5058166 0.2111947 0.2150313
9 0.0477061 0.5899742 0.1920217 0.1220236 0.260115 0.4430462
10 0.1062105 0.02083576 0.4200824 0.1614414 0.03124351 0.284324
11 0.5156284 0.3581136 0.5786605 0.02210347 0.5963648 0.2274533
12 0.2270412 0.0525259 0.3818782 0.4324744 0.2513368 0.001168162
13 0.008890734 0.01144701 0.08529314 0.07008725 0.1049626 0.2324805
14 0.5404565 0.6702571 0.8571025 0.9178652 0.9486398 0.9152724
15 0.3770165 0.4622577 0.08676153 0.1565604 0.6198991 0.5943008
16 0.1824787 0.2349586 0.5201966 0.3080739 0.2240614 0.1866278
17 0.1812475 0.1477582 0.1007718 0.1097486 0.3688789 0.1751204
18 0.1908477 0.2213082 0.2418042 0.001968494 0.1724822 0.6770635
19 0.1485435 0.5217371 0.1654324 0.3530821 0.04559446 0.3271134
20 0.1338396 0.5556414 0.5818429 0.1304994 0.6171405 0.06021441
21 0.1665881 0.1388581 0.2888418 0.2993301 0.07092386 0.05576018
22 0.1134158 0.281927 0.3566544 0.1519957 0.4108883 0.07198476
23 0.05703154 0.1766356 0.3351214 0.666333 0.05554921 0.1800159
24 0.2656415 0.01329302 0.5192907 0.6952673 0.3852011 0.4163572
25 0.2447021 0.1126266 0.3863796 0.005453444 0.3239266 0.04855311
26 0.1727563 0.5023509 0.6237145 0.270998 0.1591861 0.1215625
27 0.1199675 0.3387437 0.8618077 0.4907686 0.4651126 0.4152796
28 0.4181082 0.04271556 0.4476854 0.2177571 0.8799211 0.5536554
29 0.189839 0.2774566 0.06692339 0.5513894 0.3471934 0.3071003
30 0.3648307 0.108509 1.361866 1.524152 0.7199276 0.04978331
31 0.1724474 0.3072291 0.9823773 0.3182489 0.1636577 0.4635024
32 0.1003904 0.07510382 0.02318885 0.1758957 0.1386959 0.1948417
33 0.213195 0.1202716 0.07178973 0.3394174 0.2576042 0.1910915
34 0.4594081 0.02110203 0.09805426 0.01985854 0.6478853 0.2522494
35 0.03179545 0.05301423 0.3757707 0.293416 0.1374795 0.01985859
36 0.1225027 0.3322298 0.2634369 0.470677 0.1657615 0.255721
37 0.224049 0.1330542 0.06223655 0.2749471 0.3130968 0.1065888
38 0.0476242 0.3950861 0.8153416 0.4439023 0.5980512 0.2746374
39 0.4862739 0.4696165 0.7028774 0.3868431 0.5584585 0.43102
40 0.1592671 0.3701852 0.238368 0.5372199 0.0899401 0.2522372
41 0.2264941 0.1375863 0.09326182 0.2912044 0.3576153 0.251215
42 0.4536208 0.1305781 0.1423397 0.3713603 0.4451813 0.4228178
43 0.1854991 1.277742 1.778856 0.2943501 0.4048318 0.9267867
44 0.1393606 0.301252 0.05966497 0.1656465 0.02127055 0.4215775
45 0.1122416 0.02989313 0.103477 0.1557572 0.03433827 0.01759849
46 0.4393719 0.05129989 0.5102501 0.09434534 0.2422443 0.06411859
47 0.1816174 0.1489891 0.05353023 0.02727501 0.1429586 0.3295827
48 0.1040571 0.05583581 0.2557404 0.31749 0.07763388 0.04311668
49 0.05371359 0.05490228 0.5606346 0.452721 0.5826939 0.2143832
50 0.2035791 0.1422147 0.3965566 0.2371707 0.1099433 0.5309822
51 0.03711468 0.06131955 0.3019707 0.1208538 0.08791605 0.1012703
52 0.2860976 0.9027211 1.969227 1.119917 0.4686516 0.8749239
53 0.3874307 0.2577983 0.1167344 0.2551285 0.07961012 0.04380172
54 0.02252237 0.4063271 0.2199714 0.2222133 0.06155293 0.2998769
55 0.1339743 0.1223617 0.2941591 0.1129873 0.1227973 0.1541961
56 0.1862374 0.4731696 0.01968914 0.1856149 0.3428782 0.5985355
57 0.02565343 0.0573228 0.0625732 0.3083481 0.1105331 0.05764669
58 0.6777652 0.2305991 0.8204821 0.2459728 0.8184159 0.4816494
59 0.08318531 0.2404335 0.613115 0.1569637 0.1434029 0.0197484
60 0.4261679 0.01334449 0.3649352 0.2354552 0.1060427 0.1129
61 0.04074092 0.6327046 0.1533762 0.4101131 0.03878182 0.372876
62 0.152164 0.1546395 0.04149836 0.4000927 0.1295279 0.24395
63 0.1842103 0.0401877 0.2029493 0.4547499 0.1963441 0.1264672
64 0.08904905 0.01854769 0.07333028 0.2194717 0.06737021 0.1278693
65 0.08613475 0.2297907 0.7805143 0.6228866 0.1460476 0.3240926
66 0.2517046 0.5150443 0.7763117 0.723594 0.6414385 0.5695137
67 0.8967238 0.4081339 0.5132844 1.183257 0.6654806 0.4745563
68 0.3491785 0.4049973 0.6897982 0.5259673 0.3493407 0.4248631
69 0.1540832 0.2815568 0.4867115 0.2098184 0.119688 0.2246683
70 0.2628466 0.1128055 0.6494966 0.760004 0.5031194 0.09682928
71 0.4481631 0.5679837 0.9578588 0.6784221 0.757897 0.7346035
72 0.2176118 0.4401901 0.3581269 0.04866819 0.4998591 0.7859986
73 0.0764473 0.1035364 0.2917402 0.2127821 0.2742896 0.1330518
74 0.1919935 0.2549222 0.009298579 0.1229166 0.3433546 0.5701216
75 0.06198278 0.2639994 0.09126065 0.1826991 0.2032254 0.01101289
76 0.1561213 0.2391896 0.07520083 0.7110396 0.1841356 0.2325876
77 0.2634796 0.1625302 0.1627085 0.2849488 0.177412 0.05150258
78 0.09398491 0.08105599 0.817901 0.2170718 0.1887967 0.1954911
79 1.163555 0.2068918 0.07308525 0.8661837 1.50551 0.3445007
80 0.4567597 0.2685256 0.4397799 0.3317219 0.6360515 0.3717949
81 0.1114554 0.212234 1.325718 0.766163 0.04909378 0.4751906
82 0.3293298 0.2629236 0.173217 0.05397965 0.6379771 0.3631645
83 0.108504 0.1776985 0.5566456 0.196506 0.3383075 0.08605426
84 0.02287499 0.01649086 0.2057842 0.01212404 0.04019302 0.2410798
85 0.03040735 0.193445 0.4183591 0.3109214 0.188952 0.4243454
86 0.06193808 0.005610917 0.08967046 0.2663474 0.03720982 0.02820635
87 0.3643932 0.5950236 0.07152383 0.08719894 0.2223098 0.3585495
88 0.5057657 0.3037032 0.2915095 0.7857272 0.4723381 0.1620244
89 0.1608772 0.7851953 0.2165761 0.03986663 0.1986867 0.8210234
90 0.4572693 0.05907821 0.4315601 0.1099785 0.6903109 0.1587068
91 0.06284525 0.2725318 0.6574235 0.105079 0.2898593 0.1224203
92 0.03040338 0.4083635 0.4080327 0.1414261 0.2017243 0.7485652
93 0.2686437 0.007003944 0.1495179 0.3032567 0.2115444 0.06869027
94 0.1497677 0.1420526 0.3996834 0.2358802 0.1626756 0.3977909
95 0.2851299 0.07106565 0.2773145 0.4085348 0.1828901 0.1304784
96 0.1328408 0.4481809 0.08735212 0.5630431 0.4547436 0.5843766
97 0.1421472 0.1315135 0.3958924 0.06825287 0.2308023 0.3570978
98 0.1521941 0.1370767 0.319618 0.07530363 0.2713417 0.2000381
99 0.4088424 0.2116609 0.5911908 0.5443178 0.5825634 0.3694253
100 0.322522 0.08030029 0.08909463 0.005585038 0.395751 0.1497239
