1 0.0001898776 4.169695e-05 2.582932e-05 4.741776e-06 0.0004221803 0.0003815002 0.0008859279 0.000687547 4.571264e-05 0.0002206836 0.0007087443 0.001280242
2 0.0005148519 0.0001332042 0.0003888515 0.0001489448 0.0002806593 0.0003080417 0.0001461353 0.0001821009 0.0005608062 0.0004934795 0.001047718 0.0002194327
3 0.0002403569 0.0002511423 8.969172e-05 4.166477e-05 0.0002684395 0.0003395322 0.001299408 0.0002974451 0.0003850477 0.0004418553 0.0002961537 0.001084553
4 0.0001750978 0.0002193825 0.0001561755 8.863294e-06 0.0004329307 7.920572e-05 0.0004413994 0.0002491928 0.0004241838 6.73421e-06 0.001494315 0.0004044424
5 0.0002187646 3.373071e-05 0.0005704384 4.865459e-05 0.0008576269 0.000201655 0.0006879937 0.0001916988 0.001185965 0.0004188817 0.0008486404 0.001563217
6 0.0003738828 5.105471e-06 0.0001555015 6.170344e-06 9.792706e-05 0.0004123105 0.0003314962 0.0001238092 0.002171662 0.0002834285 0.001065613 0.001005675
7 1.837019e-05 3.570374e-05 0.0009621885 5.884185e-05 0.0001874157 0.0001646324 0.0009600093 0.0001372441 0.0002981459 9.456111e-05 6.241495e-05 0.0003437717
8 0.0001270209 0.0004525947 0.0003348917 5.578523e-05 0.0008388991 0.0002674961 0.001298886 0.0005832316 0.0006921003 0.000750136 0.0002439814 5.302527e-05
9 0.0002211108 5.959583e-05 0.0001058968 1.063242e-05 0.0002865471 0.0001037374 0.0007766392 0.0001376201 1.948852e-05 0.0005688319 0.000363699 0.0002900654
10 0.0001786385 4.809605e-06 2.080198e-05 0.000173091 0.0001291526 0.000113991 0.0003181712 0.0004002643 9.188307e-05 0.0005517583 0.000263611 0.0006076958
11 0.0007251248 0.0001422658 0.000475768 5.904029e-05 0.0003412383 0.0007074225 3.068278e-05 6.07296e-05 3.649007e-05 0.0006578529 0.0001716647 0.001634463
12 0.001028647 0.000949504 0.000131971 0.000325257 0.002126519 0.0005120962 0.001317961 0.0008742052 0.0008745466 0.0001115959 0.0008563227 0.001392004
13 0.0002288257 0.0002124653 0.0008635309 7.510811e-05 0.0001354985 0.0007748206 0.000866986 0.0002984094 0.0007299389 0.0008959364 0.0003162341 0.001048913
14 0.0007999611 0.0007951807 0.0002319364 0.0007612029 0.002565855 0.0007883772 9.41908e-05 0.0005710604 0.0002827937 3.230161e-05 0.002016841 0.0001382159
15 0.0001790144 0.0001899427 0.0003784186 0.0004987276 0.0001451115 0.001078766 0.0005992281 5.892254e-05 9.189441e-06 0.0005226278 7.401894e-05 0.002275112
16 0.0001248735 5.887336e-05 6.711594e-05 0.0003805188 7.882682e-05 0.001151862 0.0002291478 1.252843e-05 0.001007098 0.0003237184 0.0009015691 0.001212855
17 0.0005752631 9.864341e-05 7.91501e-05 0.0002636635 0.000178479 0.000374375 0.0005943493 3.549854e-06 0.0001222546 4.807894e-05 0.0004489331 0.0007402022
18 0.0001206251 0.0002466501 8.769497e-05 0.0001689654 0.001088713 9.237723e-05 2.609827e-05 0.0001971989 0.0003353825 0.0002112117 0.0004757187 0.001540105
19 0.001004389 0.0002671921 0.0003379541 0.0001291584 0.0004062033 0.0008980636 0.0002400151 0.0001401122 0.0006950237 7.927643e-05 0.000237849 7.162718e-05
20 0.0003877609 0.0001116405 0.0004371455 9.082092e-05 0.001151283 0.0008698392 0.0002525793 0.0003506287 1.914021e-05 4.542443e-05 0.0004761651 0.0009106571
21 0.0002939821 5.493952e-05 0.0005568237 0.0001526768 0.0003640422 0.0003629495 0.0003709654 0.0001680226 0.0004493636 0.0006593412 0.001055486 3.905332e-05
22 0.0001003519 1.055199e-05 0.0007248709 0.0003892764 0.0006425544 0.0008716216 0.0003785076 0.0002251564 0.0007607677 1.794211e-05 0.0005377198 0.0006151841
23 0.000561198 0.000441275 0.0001624639 0.0001813478 0.001366799 0.0002548632 0.0007906099 0.000804517 0.001092701 7.750974e-05 0.001919262 0.0004823528
24 9.295127e-05 0.0002016811 0.00068945 0.0003357688 0.0003851074 0.001613043 8.670194e-05 0.0002453539 0.0007990561 0.0002334511 0.0001507271 0.001474105
25 0.0006184142 0.0001685865 7.728261e-06 0.0001155731 0.0002367147 0.0003625453 0.0002860295 0.0003242853 0.001493887 3.775567e-06 8.423461e-05 0.0001738933
26 0.0007121944 0.0002648385 0.0003936786 0.0002890404 0.0005547756 0.001020934 0.0008216201 0.0003141881 2.85672e-05 5.852482e-05 1.77311e-05 0.0002269431
27 0.0002144921 0.0004484963 0.0001705684 0.0002346964 0.0001798852 0.0005197335 0.0002089549 0.0001486052 0.0012454 0.0002594624 0.0005375042 0.0006081726
28 0.0008118233 0.0003386522 0.0008512895 1.87122e-06 0.0002179716 0.0003820977 0.001322701 7.963724e-05 0.0001766236 0.0007101498 0.000399603 0.002728115
29 0.0004290068 0.0003712795 0.000641843 6.117047e-05 0.0002790066 0.001069103 0.0007394769 0.0001026721 0.001584931 8.0479e-05 0.0002592481 0.0004724154
30 0.000296874 0.0003312138 0.0003269354 3.211512e-05 0.0001413139 0.0006090754 0.0002694468 0.0003601957 0.0009094667 5.536753e-05 0.0009561355 0.001694086
31 3.886377e-05 0.0001502109 0.000580489 0.0003629956 0.0001866117 8.315687e-05 0.000681818 0.0004492958 0.0004360024 0.0005563512 0.0002814602 0.0002709244
32 0.0006809954 0.0001971151 0.00021122 4.576911e-05 9.184737e-05 0.0002855674 0.0004627565 0.0001456521 0.001159099 0.0001667678 0.0006982769 0.0006696139
33 0.0003620883 0.0001966016 0.0003286001 1.33241e-05 0.0001609306 0.0009794461 0.0001821977 0.0002463052 0.0002207976 0.0006702884 0.0008753149 0.002127874
34 0.0008930835 5.436567e-05 0.0001927128 0.0002969679 0.0006968359 0.0005353081 0.0009303851 0.0003910075 0.0007212742 0.0005645343 0.0001098985 6.855031e-05
35 0.0002821728 3.600755e-05 0.0004398385 0.0001926933 0.0003943472 0.0004977967 0.001042668 9.853678e-05 0.0001839495 0.0004149819 0.0001350421 0.000956257
36 0.0006316083 0.000469175 0.0005882184 7.206294e-05 0.001074977 0.0002070101 0.0001651394 2.35574e-05 0.0003472748 0.0003128466 0.000465518 0.0005896083
37 0.00028241 0.0002621877 0.0001426511 0.0001123094 0.0001861851 0.0003153813 0.0004250256 0.0004331356 0.0001753029 0.0002655339 0.0009636163 0.001346715
38 0.0001024039 0.0002446054 0.0003909956 0.000207449 0.0004795763 0.0002035651 0.000614261 0.0003256686 0.0003946274 0.0006500091 0.0004984562 0.000791325
39 0.0002762004 2.188092e-05 0.0003142736 2.967885e-05 0.0002189224 0.0003686315 0.001719398 0.0004872863 0.0001169286 0.0001075412 0.0007373035 0.001768551
40 0.0004790189 5.719548e-05 0.0002628109 8.348972e-06 0.0003144578 0.0002098669 0.0006232308 0.0001030247 0.0007654047 0.0002442987 0.0006178484 0.000968464
41 0.0004054542 0.0003906516 0.0002460585 0.0002242171 0.0007035938 0.0001608525 0.001411223 0.0002084686 0.0003681221 0.0004099659 0.0007585874 0.002315237
42 0.000413682 9.238521e-05 0.0001349049 0.000310554 0.0001360269 0.00153302 0.0002159159 0.0001651917 3.503357e-05 0.0003745285 9.989337e-05 0.0005997703
43 0.0002129172 3.506324e-05 0.0003959044 0.000198659 0.0008588725 0.0001575596 0.0002172056 6.435642e-05 0.0001137055 0.0001305751 3.459472e-05 9.092598e-05
44 0.0004137773 2.477137e-05 0.0001528383 2.978764e-05 0.0001462209 0.000709173 0.0003689522 7.759137e-05 0.0003591473 0.0003608088 0.0009706044 0.0004907722
45 1.361553e-05 2.041592e-05 0.0003820651 4.52401e-05 0.0003064996 0.0004464397 0.0008866226 0.0002819661 0.0004308089 4.12991e-05 2.248953e-05 0.001515994
46 0.0002360811 0.0003248956 0.0004974904 0.0003213461 0.0004713669 0.001557098 0.0005478096 0.0003132234 0.0008024475 0.0009080859 0.000955075 0.001473054
47 3.821206e-05 0.0003676626 0.001007665 0.0001169181 0.000336107 0.000226395 6.253465e-05 0.0002701788 0.0002236115 0.0004180374 0.0005025103 0.001123417
48 0.0001774639 0.0002451141 0.0006983895 0.00020717 0.0004569418 0.001069002 0.000825456 0.0003426728 0.0002630527 0.0006909079 0.000130137 0.001210362
49 0.00025493 0.0002006661 0.00061454 1.350854e-05 0.0003209182 0.000243145 0.001389114 0.0003700023 0.0009602365 0.0004712796 0.0005892698 0.001079437
50 3.839183e-05 0.0001502286 5.791062e-05 0.0005271354 0.0009139148 0.0002200335 0.0008777546 0.0001452931 0.0004844777 0.000102825 0.0007562773 0.0001995432
51 0.0001223719 8.726687e-05 0.000301343 4.091357e-05 4.305134e-06 0.0002171481 0.0002681975 0.0001675316 9.930153e-05 0.0001067167 0.001184909 0.0002503357
52 0.0003889556 5.991244e-05 0.001003799 5.24599e-05 0.0001168293 0.0003371539 0.0002074763 0.000502658 0.0002777606 0.0007533923 0.0007051974 0.0001450313
53 0.0004003953 0.0002369799 0.0005249657 4.179898e-05 0.0005635966 2.909132e-05 0.0005182578 0.0001819301 0.0003854055 4.638398e-05 0.0004987061 0.000890643
54 0.0001355339 9.993541e-05 3.092045e-05 0.0002201053 0.0006050771 0.0005789223 0.0004565573 0.0001735372 0.001297331 0.0002542871 0.0006591132 0.0002058228
55 0.0001511869 3.63353e-06 0.0001666397 0.0001282654 0.0001323925 9.202954e-05 0.0004833063 0.0001136305 0.000763745 0.0002702487 0.0001565663 0.0004548886
56 0.0001757588 0.0002964111 0.0003513502 0.0001598353 0.0001056918 0.0003736087 0.0006011589 0.0002666528 0.0002970753 0.000252022 0.000413817 0.001623189
57 6.108552e-05 5.809141e-05 0.0001241396 5.740534e-05 7.828157e-05 0.0001733678 0.0004148498 0.0001124598 0.0006409115 0.0003183666 0.0005091651 0.0001840218
58 0.0008567858 0.0006675557 0.0003523178 0.0001148657 0.002034544 0.0003071667 0.0007140025 0.0001334469 6.754478e-05 0.0002865501 0.0001625186 0.0008124718
59 0.0007203887 0.0002369327 9.27005e-06 0.000229981 5.773964e-05 0.0007326628 0.001110643 0.0002400036 0.0007946739 0.0002379369 0.0007792541 0.0002404839
60 0.0003516023 0.000142796 0.0002978183 5.342357e-05 9.092227e-05 0.0001443821 4.915382e-05 0.0001550492 0.002270403 0.0002980053 9.275331e-05 0.001312719
61 0.0003904932 0.0001884213 0.000160702 0.0001325652 0.0001117645 0.0005182143 0.001430179 0.0004501545 0.0004719453 0.001073479 0.0004948575 0.0004558969
62 0.0002382796 8.376299e-05 9.081526e-05 0.0002246263 0.0003520688 0.0001676589 0.0008347297 0.0002606467 0.001013811 0.0006572191 0.000693626 0.001680752
63 0.0009193262 0.0003874176 0.0001234123 0.0003620076 0.001002554 0.0005194335 0.0005775319 0.0005330617 0.0003969916 0.0004407746 0.001557389 0.00119815
64 0.0003902366 0.0005407053 0.0005487292 8.519713e-06 0.0001298618 0.001503585 0.0004253975 6.219202e-06 0.0009534025 0.0005369489 0.0006507401 0.001518639
65 0.0001533868 4.760427e-05 0.0003747302 4.452173e-05 5.700554e-05 0.0002738501 2.356852e-05 7.100377e-05 6.039904e-05 5.520319e-05 0.0004477104 0.0003525562
66 0.0002923189 6.245899e-05 0.000923519 0.000157113 0.0005078663 0.0002774616 0.001118595 0.0004642254 0.0009780957 0.0001693938 0.0001285007 0.0008077575
67 0.0002815328 0.000133687 7.597689e-05 5.209445e-05 9.006402e-05 2.261985e-05 6.839207e-05 0.0001285099 0.0006176884 2.362373e-05 0.0008764795 0.0001051909
68 0.0002281089 0.000209079 0.0003575284 0.0002756223 0.0009129729 0.0002009355 0.001532762 0.0002000401 0.0006158508 0.0003785761 0.002039825 0.001578972
69 0.0005441127 0.0001790638 0.0004252982 0.0001536282 0.0002001733 7.344699e-05 0.001427032 0.0001362252 0.0006228848 0.0006404251 0.0004999168 0.001208269
70 1.957129e-05 1.763097e-05 0.0004939282 0.000129174 0.000577336 0.0002872787 0.000568303 0.000232967 0.000878043 0.0006504913 4.480574e-05 0.001528401
71 0.0004199199 7.849141e-05 0.0006951148 0.0001512738 0.0002655773 0.0001903141 0.001215145 0.0002134058 0.0005321627 0.0003612447 0.0006269919 0.0004074593
72 0.0003748087 0.0001199904 0.0008600442 8.459473e-05 0.0001960191 0.0005912205 0.0004832252 0.0004117323 0.0001747631 0.0006726471 0.0002760009 1.842526e-05
73 0.0001862716 7.087701e-05 1.385384e-05 6.667746e-06 8.223388e-06 8.428321e-05 0.0003057036 0.0001398367 0.0004549954 4.606225e-05 0.0005476206 7.664109e-05
74 0.0002947452 1.378021e-05 0.0005231093 0.0001757206 0.0002015032 0.0005658137 0.000833209 0.0001512015 0.0005697142 2.702679e-05 0.0007946599 0.0004047048
75 0.0008080459 0.0001924438 1.48308e-06 0.0001897779 0.0007864843 0.0002291178 0.0009358615 4.741617e-05 0.001802813 0.0005286607 0.0009637937 3.73282e-05
76 0.0003355119 0.0004760038 0.0006539841 8.742659e-05 0.0006383316 0.0002043203 0.00215272 0.0003601609 0.0009578115 0.0002776161 7.071594e-05 0.000473911
77 5.611863e-05 0.0002120857 1.672955e-05 9.267742e-05 0.0007877211 7.845211e-05 0.0009917867 0.0003038979 5.124363e-05 0.000593606 0.0006070172 0.0008563891
78 3.46195e-05 0.0001570412 0.001089834 0.0001652652 0.0002485557 0.0001839088 4.182849e-05 3.484101e-05 0.000165489 0.0001898178 0.0002266714 0.0006472118
79 0.0005884353 0.0001625692 0.0004721897 0.0004360859 0.0001076141 0.0001542015 0.0005354888 4.014309e-05 0.0009124431 0.0003151726 0.0002901263 5.779422e-07
80 0.000470945 0.0002576888 0.0001691028 4.706842e-05 0.0004504307 0.0003830028 0.0009940318 9.626578e-05 0.0001361278 0.0002673765 0.0004865971 0.0002251051
81 3.345864e-05 8.966729e-05 0.0006364154 0.0001726317 0.0001079433 0.0007255962 0.0001995229 5.84106e-05 0.001623549 5.756911e-05 0.0007732895 1.639104e-05
82 0.0003753435 0.0001161903 0.0001411182 0.0003637821 9.808824e-05 0.001215481 0.0003443165 0.0004004392 4.247526e-05 0.0006170562 0.0001523916 0.0009450089
83 0.0003756861 0.000215002 0.0003009415 0.0002010439 0.0002230275 0.000101994 0.0008855076 0.0001279973 0.0012044 0.0001232504 0.0009887787 0.001212256
84 0.0001585804 4.448282e-05 0.0002623792 9.230268e-05 8.426566e-05 0.000114776 0.0001335773 0.0001708649 0.0006140399 0.0002969884 1.004838e-05 7.915103e-05
85 0.0005917611 2.028954e-05 7.483473e-06 0.0001786179 0.0008083675 0.001048762 0.0003221577 4.170013e-05 7.510733e-05 0.0006835221 0.0004295261 0.002140293
86 0.0001800711 0.0002513199 8.923279e-06 5.598209e-05 0.0003724098 0.0004984462 0.0006956037 0.0003836994 0.0002344115 2.77469e-06 0.0001025302 0.0006731384
87 0.000341722 0.0002867251 0.0009248451 0.0005491795 3.813036e-07 0.001375374 0.0004432655 0.0005365819 0.0007599372 0.0008203813 0.001066601 0.0002245629
88 0.0002662017 0.0002667808 0.001126074 0.0002551139 0.0004161044 0.0009666167 0.000155252 0.0002469868 0.001316292 0.000720222 0.001124562 0.002100571
89 0.0003501106 6.343525e-05 0.0007231641 9.588866e-05 0.0002328244 3.859627e-05 1.262639e-05 0.0001298758 0.001848772 0.0008286579 0.001148058 0.000931988
90 7.172424e-05 0.0003102316 0.000532412 7.496443e-05 0.0006520401 9.565731e-05 0.0004228144 2.144846e-05 0.0008219763 0.0001605051 0.0007311081 0.0008024015
91 0.0005997058 0.0001222775 0.000218286 3.153001e-05 0.0002182824 0.0008346516 0.001066261 0.0001990635 2.209608e-05 0.0002284614 0.0004668802 0.0004345955
92 0.0006283499 0.0001002433 0.0003172185 8.199344e-05 0.0006176048 0.0008565236 0.0005172975 0.0001956321 0.000818619 0.0002176681 0.0008389825 0.0002851642
93 0.0005359501 2.71522e-05 0.0003853075 0.0001004962 0.0001070106 4.722698e-06 0.001080857 0.0001428789 0.0002236173 0.0006469456 0.00083606 0.0003312071
94 9.611266e-05 1.398075e-05 0.0004711474 0.0001523338 0.000181292 0.000751512 0.001143741 0.0003692872 0.0009089941 0.0002966419 0.0007703853 0.001027442
95 0.0003566295 0.0002607302 0.0006459861 0.000574113 0.000427068 0.001411338 0.0009636985 7.805077e-06 0.0001119294 0.0003758879 0.001483129 0.002464348
96 0.0005211435 1.934778e-05 0.001019802 4.048751e-05 0.0004785583 0.0006754401 0.0001532308 0.0007203696 0.0007756514 0.0006734055 0.0003883045 0.0001720354
97 0.0002678448 0.000321003 0.0001547148 0.0001404462 0.0008087585 8.916746e-05 0.0009645005 0.0001631671 0.0003062601 0.0002072645 0.0008032527 0.0009801454
98 0.0007497992 0.0001132694 0.0008199188 4.176961e-05 0.0003646651 0.0008511232 0.0001874118 0.0002549467 0.0007089173 0.0004199228 0.0005876549 4.552129e-05
99 0.0006272383 6.63775e-05 0.0001158864 3.863799e-05 0.0003195098 0.0003938468 0.0004596772 0.0003183926 0.0003216769 0.0001787426 0.0001717334 0.0005379447
100 0.0001260054 0.0001085143 0.0007168104 0.0001351497 0.0009178069 0.0007824739 0.0003948859 0.0001428334 0.0002904095 0.0001343882 0.0007555599 0.001038408
