1 0.1904171 0.09510465 0.09510465 0.1061277 0.329765 0.09552775 0.09552775 0.2029126 0.2189584 0.08727166 0.08727166 0.3016555
2 0.1478558 0.07681156 0.07681156 0.05316161 0.1946009 0.08601902 0.08601902 0.08596178 0.05687601 0.1609597 0.1609597 0.03851671
3 0.1035168 0.1337417 0.1337417 0.1192351 0.2513245 0.2266073 0.2266073 0.1945671 0.3633235 0.4218007 0.4218007 0.366124
4 0.08723996 0.07022849 0.07022849 0.2189895 0.4836706 0.1630659 0.1630659 0.08359719 0.1989726 0.08360432 0.08360432 0.06279127
5 0.534974 0.03330888 0.03330888 0.4208746 0.06753308 0.2574106 0.2574106 0.2840305 0.607125 0.4084349 0.4084349 0.1260067
6 0.1714878 0.2090607 0.2090607 0.1105863 0.09842409 0.1390036 0.1390036 0.4277181 0.1397351 0.1582918 0.1582918 0.01064987
7 0.2138604 0.01214625 0.01214625 0.2122238 0.2495723 0.04153778 0.04153778 0.5019801 0.5075503 0.3225596 0.3225596 0.0656848
8 0.2185369 0.00132077 0.00132077 0.02840276 0.3531703 0.08325715 0.08325715 0.08129912 0.2583147 0.2652169 0.2652169 0.8459222
9 0.2861371 0.1128448 0.1128448 0.04181474 0.08519373 0.3373578 0.3373578 0.1840272 0.1477769 0.3085173 0.3085173 0.3281026
10 0.1714824 0.1189555 0.1189555 0.08087117 0.5029075 0.02279178 0.02279178 0.6171082 0.5640436 0.08598771 0.08598771 0.5190312
11 0.1319708 0.004273334 0.004273334 0.2007218 0.009330611 0.1030453 0.1030453 0.2898048 0.4868697 0.3842934 0.3842934 0.2437482
12 0.280597 0.01503268 0.01503268 0.274478 0.005073772 0.02327294 0.02327294 0.2074576 0.432688 0.01402111 0.01402111 0.1124544
13 0.1288883 0.05403101 0.05403101 0.01458219 0.5035968 0.2237059 0.2237059 0.4509833 0.3880169 0.352665 0.352665 0.3897169
14 0.04258751 0.03429165 0.03429165 0.1847538 1.091074 0.006538354 0.006538354 0.2112145 0.02747716 0.07135562 0.07135562 0.4172199
15 0.101433 0.01479858 0.01479858 0.04503968 0.74487 0.1115139 0.1115139 0.9272691 0.01441029 0.2199702 0.2199702 0.4000938
16 0.4373837 0.05086025 0.05086025 0.4195683 0.5526264 0.1224108 0.1224108 0.0729463 0.06219442 0.005463784 0.005463784 0.06439764
17 0.1833439 0.01548036 0.01548036 0.03991917 0.215488 0.03817757 0.03817757 0.3804103 0.3245501 0.2421656 0.2421656 0.1378718
18 0.2397169 0.02003407 0.02003407 0.0960633 0.230138 0.2068973 0.2068973 0.6648297 0.3433442 0.02012858 0.02012858 0.1892966
19 0.1474008 0.08197628 0.08197628 0.01997485 0.03493754 0.2933902 0.2933902 0.3065617 0.4071265 0.1553612 0.1553612 0.01160922
20 0.07908146 0.159479 0.159479 0.120006 0.6488903 0.07416053 0.07416053 0.5584959 0.3127562 0.1573423 0.1573423 0.4734252
21 0.01414959 0.05056918 0.05056918 0.09941451 0.340631 0.1414724 0.1414724 0.08220226 0.5478645 0.09143431 0.09143431 0.04833493
22 0.3764266 0.08141634 0.08141634 0.4689852 0.2325056 0.008489882 0.008489882 0.343976 0.3282567 0.05937961 0.05937961 0.02640985
23 0.01118466 0.03868895 0.03868895 0.03432555 0.007869856 0.1566029 0.1566029 0.4428309 0.5896936 0.2244508 0.2244508 0.2796121
24 0.02905337 0.0133754 0.0133754 0.1626967 0.2309885 0.0130836 0.0130836 0.07741084 0.07056052 0.05559864 0.05559864 0.134469
25 0.2420779 0.1821576 0.1821576 0.4438166 1.104826 0.3027532 0.3027532 0.3516639 0.7586108 0.2300848 0.2300848 0.4044161
26 0.04755573 0.1666659 0.1666659 0.104153 0.2551778 0.03501474 0.03501474 0.2102378 0.213392 0.2183642 0.2183642 0.01714585
27 0.2256412 0.0982931 0.0982931 0.3339263 0.01193291 0.1112654 0.1112654 0.4811601 0.3461103 0.1770166 0.1770166 0.1127019
28 0.1591421 0.05527566 0.05527566 0.1283796 0.6326498 0.01253562 0.01253562 0.2709626 0.04135309 0.4454485 0.4454485 0.7621918
29 0.08858897 0.01802206 0.01802206 0.01387869 0.4978221 0.1750422 0.1750422 0.4965757 0.08472671 0.1816026 0.1816026 0.3188352
30 0.09395121 0.08465306 0.08465306 0.2899549 0.4931305 0.07896913 0.07896913 0.02442436 0.563773 0.2176457 0.2176457 0.2144771
31 0.22353 0.0195718 0.0195718 0.05602319 1.06378 0.03204315 0.03204315 0.224793 0.2013678 0.02756409 0.02756409 0.6621016
32 0.08348537 0.004993452 0.004993452 0.1895538 0.03786662 0.04608069 0.04608069 0.5339446 0.3976754 0.007097727 0.007097727 0.3756794
33 0.0387289 0.01076819 0.01076819 0.2681783 0.7646553 0.144253 0.144253 0.1981979 0.3331184 0.2047036 0.2047036 0.2351786
34 0.03254032 0.0730959 0.0730959 0.1145543 0.4426785 1.055367 1.055367 1.000614 0.2724498 0.1813675 0.1813675 0.01171815
35 0.06709629 0.140868 0.140868 0.100058 0.04391822 0.1386134 0.1386134 0.5409734 0.5323716 0.06911245 0.06911245 0.00692974
36 0.1623442 0.09859723 0.09859723 0.2428532 0.1543918 0.04234862 0.04234862 0.4039867 0.3813908 0.1202195 0.1202195 0.2643916
37 0.2011263 0.006093119 0.006093119 0.4045298 0.2987086 0.298575 0.298575 0.1841045 0.09563444 0.06940868 0.06940868 0.1559842
38 0.03992932 0.01136028 0.01136028 0.3165326 0.3614168 0.3123712 0.3123712 0.09839777 0.07360557 0.3472581 0.3472581 0.1132496
39 0.2368717 0.005690111 0.005690111 0.243434 0.2497775 0.0161151 0.0161151 0.1920515 0.04601866 0.03000415 0.03000415 0.1772602
40 0.3393167 0.03715742 0.03715742 0.1650679 0.3794989 0.2172492 0.2172492 0.4227777 0.4760341 0.02544785 0.02544785 0.1941188
41 0.1164716 0.04993232 0.04993232 0.1675473 0.03216997 0.00910201 0.00910201 0.1381032 0.1095837 0.04505347 0.04505347 0.1624386
42 0.03438539 0.02730626 0.02730626 0.04036382 0.7801636 0.4044896 0.4044896 1.411814 0.9031434 0.09925897 0.09925897 0.6124269
43 0.05247085 0.02912176 0.02912176 0.02353576 0.08877442 0.07380165 0.07380165 0.01185201 0.3123327 0.1569251 0.1569251 0.08140035
44 0.3598127 0.1304127 0.1304127 0.06866787 0.5108182 0.1430575 0.1430575 0.3496458 0.07795639 0.2085929 0.2085929 0.07282434
45 0.189892 0.0132874 0.0132874 0.05384346 0.117362 0.1319404 0.1319404 0.2572469 0.7715418 0.6650941 0.6650941 0.2801473
46 0.2485054 0.06290751 0.06290751 0.175968 0.3291666 0.02422534 0.02422534 0.4014424 0.7040726 0.2907139 0.2907139 0.590534
47 0.2455513 0.1255981 0.1255981 0.2276135 0.2078209 0.1432483 0.1432483 0.4323093 0.3695757 0.2083495 0.2083495 0.3044859
48 0.04050083 0.0560854 0.0560854 0.2516794 0.008970553 0.1426209 0.1426209 0.03053447 0.4213237 0.1203134 0.1203134 0.2558474
49 0.03501061 0.0839969 0.0839969 0.2636196 1.175679 0.4580851 0.4580851 0.04413381 0.3148438 0.01929791 0.01929791 0.4078219
50 0.1922518 0.07927653 0.07927653 0.1776311 0.2762923 0.1726744 0.1726744 0.2595462 0.08576235 0.06027405 0.06027405 0.2357669
51 0.04245872 0.002205002 0.002205002 0.3447973 0.3027175 0.08551665 0.08551665 0.0972484 0.1613805 0.1593987 0.1593987 0.6541294
52 0.1880135 0.02342493 0.02342493 0.1293167 0.9349346 0.01474797 0.01474797 0.4060685 0.1729723 0.06518339 0.06518339 0.4225046
53 0.192363 0.2002499 0.2002499 0.3081868 0.1894583 0.418445 0.418445 0.8184968 0.2427918 0.009115504 0.009115504 0.195308
54 0.0651107 0.07505804 0.07505804 0.3482458 1.141511 0.05383022 0.05383022 0.6735321 0.4837259 0.2028076 0.2028076 0.5345982
55 0.2159486 0.1576923 0.1576923 0.02804606 0.4500364 0.3099043 0.3099043 0.08842965 0.01516987 0.1397772 0.1397772 0.1081821
56 0.08671416 0.002736484 0.002736484 0.183192 0.1206651 0.1295032 0.1295032 0.1824439 0.1639904 0.2065667 0.2065667 0.01970267
57 0.05351482 0.1172857 0.1172857 0.04746221 0.1560386 0.1344157 0.1344157 0.135882 0.3103588 0.1028712 0.1028712 0.1180291
58 0.1293799 0.1280662 0.1280662 0.2465609 0.06696684 0.07662811 0.07662811 0.2657196 0.2822514 0.1052617 0.1052617 0.1110338
59 0.18845 0.02878426 0.02878426 0.1079583 0.61027 0.0436345 0.0436345 0.5337076 0.1656543 0.03308524 0.03308524 0.1241279
60 0.08423909 0.01460592 0.01460592 0.1496738 0.1387087 0.09569754 0.09569754 0.5289625 0.09966776 0.01377773 0.01377773 0.5082019
61 0.06229957 0.003188181 0.003188181 0.05029367 0.2114056 0.2877287 0.2877287 0.1866109 0.1478129 0.06675603 0.06675603 0.167495
62 0.01165288 0.01519533 0.01519533 0.0232438 0.5764488 0.04717705 0.04717705 0.3756146 0.4514092 0.113949 0.113949 0.1602757
63 0.07007856 0.1404273 0.1404273 0.07124685 0.1702387 0.1299378 0.1299378 0.1125666 0.1930123 0.03401584 0.03401584 0.08366217
64 0.194906 0.05530883 0.05530883 0.1073373 0.5166418 0.1567854 0.1567854 0.5951711 0.01125174 0.1653363 0.1653363 0.06915716
65 0.2137706 0.03115386 0.03115386 0.1523061 0.6618061 0.1304777 0.1304777 0.348374 0.06346375 0.01404872 0.01404872 0.2227049
66 0.05030435 0.03416204 0.03416204 0.09746383 0.4735543 0.0549377 0.0549377 0.03828241 0.2483883 0.2720426 0.2720426 0.1812093
67 0.0566194 0.07866536 0.07866536 0.1598946 0.2624348 0.02110809 0.02110809 0.3001297 0.5004547 0.1523732 0.1523732 0.1796005
68 0.1891499 0.1053884 0.1053884 0.2618666 0.09911916 0.1789181 0.1789181 0.007794443 0.3239471 0.1447831 0.1447831 0.2841897
69 0.06434642 8.638039e-05 8.638039e-05 0.2450478 0.01435754 0.1856051 0.1856051 0.123501 0.2953992 0.2340546 0.2340546 0.2137869
70 0.1084972 0.08806179 0.08806179 0.3108908 0.1386129 0.04031277 0.04031277 0.04099855 0.1371193 0.01286408 0.01286408 0.07801398
71 0.3642253 0.07992491 0.07992491 0.1189748 0.008282578 0.1797397 0.1797397 0.4365495 0.09377398 0.03048658 0.03048658 0.03303493
72 0.3121976 0.1464254 0.1464254 0.1496665 0.5355826 0.01573346 0.01573346 0.3106572 0.0301128 0.07578049 0.07578049 0.4482012
73 0.1400431 0.05990674 0.05990674 0.2464121 0.1981139 0.1790387 0.1790387 0.5217212 0.2034443 0.2653802 0.2653802 0.2930696
74 0.0843477 0.07019953 0.07019953 0.09461127 0.2208196 0.2039779 0.2039779 0.2284679 0.3883256 0.1072394 0.1072394 0.1917003
75 0.1519822 0.09734673 0.09734673 0.09446818 0.2851257 0.1976813 0.1976813 0.251491 0.2822436 0.2293649 0.2293649 0.3401819
76 0.08349804 0.07523459 0.07523459 0.06540515 0.3080926 0.5704722 0.5704722 0.7893214 0.176314 0.09151453 0.09151453 0.04028685
77 0.1730823 0.00146754 0.00146754 0.2525595 1.443664 0.3893216 0.3893216 0.2551928 0.05324639 0.07346106 0.07346106 0.181996
78 0.367677 0.00644112 0.00644112 0.4879563 0.1822496 0.1974952 0.1974952 0.1374991 0.08439674 0.02653845 0.02653845 0.4306622
79 0.2842654 0.1891369 0.1891369 0.101619 0.1133652 0.2455542 0.2455542 0.5794026 0.1281138 0.1801425 0.1801425 0.1855026
80 0.2911902 0.1058573 0.1058573 0.3666563 0.08984363 0.07615461 0.07615461 0.05495155 0.1439465 0.007487828 0.007487828 0.07503101
81 0.07124871 0.06148068 0.06148068 0.3422125 0.04959334 0.1665187 0.1665187 0.2790104 0.2367635 0.1841971 0.1841971 0.5914061
82 0.180661 0.02573049 0.02573049 0.1930074 0.0002367359 0.1714556 0.1714556 0.359064 0.2292946 0.03119269 0.03119269 0.1373904
83 0.2292722 0.03622325 0.03622325 0.3787596 0.1351654 0.3749655 0.3749655 0.7333758 0.3802412 0.0554034 0.0554034 0.1920734
84 0.1071314 0.09810886 0.09810886 0.03314098 0.1520789 0.2511662 0.2511662 0.3593152 0.3626935 0.1025147 0.1025147 0.1540863
85 0.1021234 0.06233111 0.06233111 0.5037672 0.5264856 0.01679568 0.01679568 0.1091734 0.2601673 0.2005651 0.2005651 0.9163102
86 0.007254782 0.1447308 0.1447308 0.06379494 0.15819 0.1475919 0.1475919 0.144016 0.07269587 0.06381788 0.06381788 0.1932254
87 0.1794618 0.03163146 0.03163146 0.02983905 0.3371879 0.1695603 0.1695603 0.08599702 0.1021726 0.1698487 0.1698487 0.3228785
88 0.06999737 0.099065 0.099065 0.02986498 0.1683576 0.03627344 0.03627344 0.3374576 0.06750605 0.006321796 0.006321796 0.2963308
89 0.0473463 0.05175324 0.05175324 0.1636276 0.5099473 0.7346561 0.7346561 0.0591107 0.2776134 0.09308586 0.09308586 0.1487953
90 0.03508693 0.06370347 0.06370347 0.2721592 0.6364397 0.135728 0.135728 0.03245306 0.1256068 0.03210119 0.03210119 0.3576643
91 0.03936315 0.1183876 0.1183876 0.1536807 0.03875932 0.4432011 0.4432011 0.1026985 0.08158061 0.0008929142 0.0008929142 0.5058439
92 0.1308339 0.2290822 0.2290822 0.2406402 0.04340866 0.07382659 0.07382659 0.7119349 0.1110347 0.2904898 0.2904898 0.7022606
93 0.03634786 0.07151533 0.07151533 0.1749599 0.6465633 0.2332992 0.2332992 0.1739912 0.4503637 0.2351184 0.2351184 0.3321958
94 0.04159393 0.07476474 0.07476474 0.4965442 0.4245604 0.2514068 0.2514068 0.9050404 0.2146313 0.1146128 0.1146128 0.07583695
95 0.07110993 0.0132678 0.0132678 0.1289033 0.6060567 0.03543435 0.03543435 0.2983118 0.504744 0.05327805 0.05327805 0.6302191
96 0.1288005 0.07849412 0.07849412 0.2622652 0.3078976 0.1394326 0.1394326 0.3268228 0.01923873 0.1595467 0.1595467 0.07928445
97 0.0352965 0.08212124 0.08212124 0.1875769 0.825988 0.3656792 0.3656792 0.3538826 0.02978598 0.0531712 0.0531712 0.1518224
98 0.04861883 0.08244706 0.08244706 0.1465767 0.4581472 0.3291986 0.3291986 0.4276884 0.2742861 0.08533613 0.08533613 0.1048839
99 0.02278069 0.1932255 0.1932255 0.09437146 0.005192391 0.05720325 0.05720325 0.03806602 0.06339139 0.1343192 0.1343192 0.428845
100 0.1624285 0.1316554 0.1316554 0.2899243 0.4876468 0.04128443 0.04128443 0.1655129 0.2072325 0.04991418 0.04991418 0.506866
