1 0.0003659243 0 0 0 0 0 0 0.00023142 0 0 0 0 0 0 0.004275798 0 0 0 0 0 0 0.000512462 0 0 0 0 0 0 0.001639478 0 0 0 0 0 0 0.005488639
2 0.0001437563 0 0 0 0 0 0 7.639349e-05 0 0 0 0 0 0 0.002543442 0 0 0 0 0 0 0.000636683 0 0 0 0 0 0 0.006035432 0 0 0 0 0 0 0.006147892
3 0.001136068 0 0 0 0 0 0 0.0006025585 0 0 0 0 0 0 0.0006572419 0 0 0 0 0 0 0.005111451 0 0 0 0 0 0 0.003050454 0 0 0 0 0 0 0.00386768
4 0.0002509109 0 0 0 0 0 0 0.001648001 0 0 0 0 0 0 0.003360348 0 0 0 0 0 0 0.007472216 0 0 0 0 0 0 0.006928009 0 0 0 0 0 0 0.004249206
5 0.001681502 0 0 0 0 0 0 0.0005113434 0 0 0 0 0 0 0.0009506864 0 0 0 0 0 0 0.006641506 0 0 0 0 0 0 0.003308137 0 0 0 0 0 0 0.01138349
6 0.002094542 0 0 0 0 0 0 0.0006702963 0 0 0 0 0 0 0.004655304 0 0 0 0 0 0 0.003868724 0 0 0 0 0 0 0.001629365 0 0 0 0 0 0 0.008847642
7 0.002594988 0 0 0 0 0 0 0.0007511673 0 0 0 0 0 0 0.001220634 0 0 0 0 0 0 0.0005289829 0 0 0 0 0 0 0.001624854 0 0 0 0 0 0 0.008690096
8 0.004278375 0 0 0 0 0 0 0.001075318 0 0 0 0 0 0 0.002075084 0 0 0 0 0 0 0.001111132 0 0 0 0 0 0 0.0007085476 0 0 0 0 0 0 0.00544071
9 0.0002312986 0 0 0 0 0 0 0.001550448 0 0 0 0 0 0 0.004552956 0 0 0 0 0 0 0.002866581 0 0 0 0 0 0 0.003072474 0 0 0 0 0 0 0.002842416
10 0.0001315863 0 0 0 0 0 0 0.0002677246 0 0 0 0 0 0 0.000621151 0 0 0 0 0 0 0.004082212 0 0 0 0 0 0 0.0003531282 0 0 0 0 0 0 0.000113626
11 0.005516879 0 0 0 0 0 0 0.001026039 0 0 0 0 0 0 0.0003754137 0 0 0 0 0 0 0.005824676 0 0 0 0 0 0 0.005776978 0 0 0 0 0 0 0.005755354
12 0.005678759 0 0 0 0 0 0 0.0005342003 0 0 0 0 0 0 0.001039521 0 0 0 0 0 0 0.0001735485 0 0 0 0 0 0 0.001026547 0 0 0 0 0 0 0.00501557
13 0.001859213 0 0 0 0 0 0 0.0006129936 0 0 0 0 0 0 0.002660278 0 0 0 0 0 0 0.0008505312 0 0 0 0 0 0 0.001627825 0 0 0 0 0 0 0.0009081962
14 0.003585589 0 0 0 0 0 0 0.0006719019 0 0 0 0 0 0 0.004502438 0 0 0 0 0 0 0.00149202 0 0 0 0 0 0 0.005147947 0 0 0 0 0 0 0.003749967
15 0.0005760863 0 0 0 0 0 0 0.001886247 0 0 0 0 0 0 9.420707e-05 0 0 0 0 0 0 0.000121342 0 0 0 0 0 0 0.00422435 0 0 0 0 0 0 0.009111521
16 0.002538017 0 0 0 0 0 0 0.001370387 0 0 0 0 0 0 9.891073e-05 0 0 0 0 0 0 0.003219597 0 0 0 0 0 0 0.002010414 0 0 0 0 0 0 0.007523592
17 0.001244495 0 0 0 0 0 0 0.0003565249 0 0 0 0 0 0 0.003305706 0 0 0 0 0 0 0.000186824 0 0 0 0 0 0 0.002004151 0 0 0 0 0 0 0.007065746
18 0.002276399 0 0 0 0 0 0 0.0001430027 0 0 0 0 0 0 0.001319933 0 0 0 0 0 0 0.000242486 0 0 0 0 0 0 0.003995583 0 0 0 0 0 0 0.001198207
19 0.001950412 0 0 0 0 0 0 0.0003081356 0 0 0 0 0 0 0.0006110065 0 0 0 0 0 0 0.00248183 0 0 0 0 0 0 0.006052724 0 0 0 0 0 0 0.003509611
20 0.003725506 0 0 0 0 0 0 0.001835197 0 0 0 0 0 0 0.001989279 0 0 0 0 0 0 0.003191903 0 0 0 0 0 0 0.005349078 0 0 0 0 0 0 0.0008840414
21 0.002009293 0 0 0 0 0 0 0.001435729 0 0 0 0 0 0 0.0002909828 0 0 0 0 0 0 0.004655279 0 0 0 0 0 0 0.008607377 0 0 0 0 0 0 0.003831501
22 0.001753134 0 0 0 0 0 0 0.0007226827 0 0 0 0 0 0 0.003714555 0 0 0 0 0 0 0.0002542638 0 0 0 0 0 0 0.003670836 0 0 0 0 0 0 0.009499254
23 0.007701837 0 0 0 0 0 0 0.0004074527 0 0 0 0 0 0 0.0001773283 0 0 0 0 0 0 1.192873e-05 0 0 0 0 0 0 0.0004583781 0 0 0 0 0 0 0.005179895
24 0.003033039 0 0 0 0 0 0 0.0008079747 0 0 0 0 0 0 0.002335444 0 0 0 0 0 0 0.001548479 0 0 0 0 0 0 0.007819322 0 0 0 0 0 0 0.00077926
25 0.0007053874 0 0 0 0 0 0 0.0005129932 0 0 0 0 0 0 4.925518e-05 0 0 0 0 0 0 0.0006710483 0 0 0 0 0 0 0.005431379 0 0 0 0 0 0 0.0005933396
26 0.002909285 0 0 0 0 0 0 0.0004595471 0 0 0 0 0 0 0.00793442 0 0 0 0 0 0 0.001790147 0 0 0 0 0 0 0.001533626 0 0 0 0 0 0 0.005601935
27 4.065027e-05 0 0 0 0 0 0 0.000304777 0 0 0 0 0 0 0.001892864 0 0 0 0 0 0 0.0006825923 0 0 0 0 0 0 0.005948983 0 0 0 0 0 0 0.003406852
28 0.003949464 0 0 0 0 0 0 0.0002680082 0 0 0 0 0 0 0.0006041232 0 0 0 0 0 0 0.002376219 0 0 0 0 0 0 0.004170884 0 0 0 0 0 0 0.01315226
29 0.00317616 0 0 0 0 0 0 0.001011374 0 0 0 0 0 0 0.001288282 0 0 0 0 0 0 0.0004910481 0 0 0 0 0 0 0.004535615 0 0 0 0 0 0 0.0003913516
30 0.002697597 0 0 0 0 0 0 0.00142742 0 0 0 0 0 0 0.00516528 0 0 0 0 0 0 0.004732148 0 0 0 0 0 0 0.01382526 0 0 0 0 0 0 0.004784021
31 0.0002800066 0 0 0 0 0 0 0.002405182 0 0 0 0 0 0 0.001117393 0 0 0 0 0 0 0.002873893 0 0 0 0 0 0 0.006592356 0 0 0 0 0 0 0.030544
32 0.002615882 0 0 0 0 0 0 0.001127953 0 0 0 0 0 0 0.005421493 0 0 0 0 0 0 0.001803898 0 0 0 0 0 0 0.0001692399 0 0 0 0 0 0 0.001415014
33 0.007826609 0 0 0 0 0 0 0.0008139587 0 0 0 0 0 0 0.0004773282 0 0 0 0 0 0 7.77175e-05 0 0 0 0 0 0 0.01036997 0 0 0 0 0 0 1.712452e-05
34 0.008165423 0 0 0 0 0 0 0.0003430312 0 0 0 0 0 0 0.003111369 0 0 0 0 0 0 0.0007170619 0 0 0 0 0 0 0.0002242464 0 0 0 0 0 0 0.005196666
35 0.002263772 0 0 0 0 0 0 0.001201232 0 0 0 0 0 0 0.003940974 0 0 0 0 0 0 0.001692968 0 0 0 0 0 0 0.003051639 0 0 0 0 0 0 0.007024675
36 0.0004011864 0 0 0 0 0 0 0.001156842 0 0 0 0 0 0 0.0006147991 0 0 0 0 0 0 0.0001747543 0 0 0 0 0 0 0.003434387 0 0 0 0 0 0 0.005568838
37 0.002941392 0 0 0 0 0 0 0.001287757 0 0 0 0 0 0 0.004408166 0 0 0 0 0 0 0.002001092 0 0 0 0 0 0 0.004494385 0 0 0 0 0 0 0.002892947
38 0.001176596 0 0 0 0 0 0 0.001681318 0 0 0 0 0 0 0.004344525 0 0 0 0 0 0 0.004045161 0 0 0 0 0 0 0.003889369 0 0 0 0 0 0 0.01230105
39 0.005187528 0 0 0 0 0 0 2.21289e-05 0 0 0 0 0 0 0.004619214 0 0 0 0 0 0 0.0008439186 0 0 0 0 0 0 0.001110122 0 0 0 0 0 0 0.0008165059
40 0.0005457169 0 0 0 0 0 0 0.0004570948 0 0 0 0 0 0 0.00255776 0 0 0 0 0 0 0.002947035 0 0 0 0 0 0 0.002267299 0 0 0 0 0 0 0.007127264
41 0.0006163684 0 0 0 0 0 0 0.00142831 0 0 0 0 0 0 0.003043673 0 0 0 0 0 0 0.003635545 0 0 0 0 0 0 0.006586065 0 0 0 0 0 0 0.006537219
42 0.004604738 0 0 0 0 0 0 0.0007618703 0 0 0 0 0 0 0.001754032 0 0 0 0 0 0 0.001525515 0 0 0 0 0 0 0.00159587 0 0 0 0 0 0 0.003872934
43 0.001190048 0 0 0 0 0 0 0.0002241803 0 0 0 0 0 0 0.001262071 0 0 0 0 0 0 0.00165934 0 0 0 0 0 0 0.0003765191 0 0 0 0 0 0 0.006552657
44 0.0018885 0 0 0 0 0 0 0.0004783137 0 0 0 0 0 0 0.00217472 0 0 0 0 0 0 0.001655881 0 0 0 0 0 0 0.003109021 0 0 0 0 0 0 0.002956017
45 0.0002643907 0 0 0 0 0 0 0.001672647 0 0 0 0 0 0 0.00185416 0 0 0 0 0 0 0.006982444 0 0 0 0 0 0 0.001669171 0 0 0 0 0 0 0.005153962
46 0.007958899 0 0 0 0 0 0 0.00148039 0 0 0 0 0 0 0.0005685204 0 0 0 0 0 0 0.004518518 0 0 0 0 0 0 0.00657355 0 0 0 0 0 0 0.005959562
47 0.001950826 0 0 0 0 0 0 0.0006653074 0 0 0 0 0 0 0.000157212 0 0 0 0 0 0 0.000160913 0 0 0 0 0 0 0.003077487 0 0 0 0 0 0 0.007269638
48 0.001031977 0 0 0 0 0 0 0.0005469076 0 0 0 0 0 0 0.0003490259 0 0 0 0 0 0 0.001821219 0 0 0 0 0 0 0.006302222 0 0 0 0 0 0 0.003513213
49 0.001479448 0 0 0 0 0 0 0.0011154 0 0 0 0 0 0 0.004376806 0 0 0 0 0 0 0.000464539 0 0 0 0 0 0 0.00459847 0 0 0 0 0 0 0.004412037
50 0.003634701 0 0 0 0 0 0 0.0006898581 0 0 0 0 0 0 0.003749594 0 0 0 0 0 0 0.002589245 0 0 0 0 0 0 0.002624369 0 0 0 0 0 0 0.001983356
51 0.001359071 0 0 0 0 0 0 0.0005297553 0 0 0 0 0 0 0.001785211 0 0 0 0 0 0 0.00272135 0 0 0 0 0 0 0.001420986 0 0 0 0 0 0 0.00116419
52 0.00561257 0 0 0 0 0 0 0.002965676 0 0 0 0 0 0 0.003433546 0 0 0 0 0 0 8.123736e-05 0 0 0 0 0 0 0.007958284 0 0 0 0 0 0 0.00196753
53 0.001361862 0 0 0 0 0 0 0.001701025 0 0 0 0 0 0 0.002319133 0 0 0 0 0 0 0.004558337 0 0 0 0 0 0 0.002380859 0 0 0 0 0 0 0.01046944
54 0.00278049 0 0 0 0 0 0 3.091098e-05 0 0 0 0 0 0 0.001457027 0 0 0 0 0 0 0.002879529 0 0 0 0 0 0 0.00658853 0 0 0 0 0 0 0.004858224
55 0.0006264628 0 0 0 0 0 0 0.001333394 0 0 0 0 0 0 0.002118184 0 0 0 0 0 0 0.0006976466 0 0 0 0 0 0 0.0005337638 0 0 0 0 0 0 0.00179713
56 0.0009882965 0 0 0 0 0 0 0.0008690126 0 0 0 0 0 0 0.003318352 0 0 0 0 0 0 0.0008011221 0 0 0 0 0 0 0.0004773941 0 0 0 0 0 0 0.008616207
57 0.003726801 0 0 0 0 0 0 0.001324773 0 0 0 0 0 0 0.0007037754 0 0 0 0 0 0 0.001217344 0 0 0 0 0 0 0.004322684 0 0 0 0 0 0 0.003673227
58 0.001255234 0 0 0 0 0 0 0.0007036246 0 0 0 0 0 0 0.0008163058 0 0 0 0 0 0 0.00306546 0 0 0 0 0 0 0.0005567506 0 0 0 0 0 0 0.004702522
59 0.004133829 0 0 0 0 0 0 0.0003312671 0 0 0 0 0 0 0.004798412 0 0 0 0 0 0 0.002669286 0 0 0 0 0 0 0.001112554 0 0 0 0 0 0 0.01195982
60 0.0008278624 0 0 0 0 0 0 0.0005924776 0 0 0 0 0 0 0.002986578 0 0 0 0 0 0 0.0023301 0 0 0 0 0 0 0.008716344 0 0 0 0 0 0 0.004624277
61 0.0008590758 0 0 0 0 0 0 0.0006666045 0 0 0 0 0 0 0.001271276 0 0 0 0 0 0 0.001664108 0 0 0 0 0 0 0.0007293539 0 0 0 0 0 0 0.001658387
62 7.473478e-05 0 0 0 0 0 0 0.00084491 0 0 0 0 0 0 0.003780075 0 0 0 0 0 0 0.001850597 0 0 0 0 0 0 0.002762362 0 0 0 0 0 0 0.006834774
63 0.001239807 0 0 0 0 0 0 0.001391372 0 0 0 0 0 0 0.001698323 0 0 0 0 0 0 0.0005063497 0 0 0 0 0 0 0.005061778 0 0 0 0 0 0 0.00346269
64 0.0008829299 0 0 0 0 0 0 0.0003200374 0 0 0 0 0 0 0.003704567 0 0 0 0 0 0 0.001110928 0 0 0 0 0 0 0.001668817 0 0 0 0 0 0 0.004721833
65 0.0001722284 0 0 0 0 0 0 0.0007357969 0 0 0 0 0 0 0.002237661 0 0 0 0 0 0 0.001807973 0 0 0 0 0 0 0.001566904 0 0 0 0 0 0 0.001825993
66 0.0001334405 0 0 0 0 0 0 0.001007604 0 0 0 0 0 0 0.0005557969 0 0 0 0 0 0 0.002186466 0 0 0 0 0 0 0.003298491 0 0 0 0 0 0 0.004573515
67 0.0009015848 0 0 0 0 0 0 0.001834628 0 0 0 0 0 0 0.005318252 0 0 0 0 0 0 0.002772888 0 0 0 0 0 0 0.006264198 0 0 0 0 0 0 0.002044207
68 0.004793787 0 0 0 0 0 0 0.0001753199 0 0 0 0 0 0 0.004610927 0 0 0 0 0 0 0.001317805 0 0 0 0 0 0 0.003521042 0 0 0 0 0 0 0.006242202
69 0.001901986 0 0 0 0 0 0 0.0001147309 0 0 0 0 0 0 0.0005730731 0 0 0 0 0 0 0.003343891 0 0 0 0 0 0 0.009064214 0 0 0 0 0 0 0.004174922
70 0.003442241 0 0 0 0 0 0 0.0001103705 0 0 0 0 0 0 0.003575554 0 0 0 0 0 0 0.00669984 0 0 0 0 0 0 0.002201127 0 0 0 0 0 0 0.005726705
71 0.001562307 0 0 0 0 0 0 0.000924388 0 0 0 0 0 0 0.002108805 0 0 0 0 0 0 0.000827108 0 0 0 0 0 0 0.002358629 0 0 0 0 0 0 0.0008328932
72 0.003044635 0 0 0 0 0 0 0.000870253 0 0 0 0 0 0 0.00555643 0 0 0 0 0 0 0.002619049 0 0 0 0 0 0 0.0003691678 0 0 0 0 0 0 0.005971119
73 0.005939321 0 0 0 0 0 0 0.003944037 0 0 0 0 0 0 0.006746533 0 0 0 0 0 0 0.00312177 0 0 0 0 0 0 0.004294251 0 0 0 0 0 0 0.008552852
74 0.003508488 0 0 0 0 0 0 0.0004357295 0 0 0 0 0 0 0.00129729 0 0 0 0 0 0 0.001635659 0 0 0 0 0 0 0.002927082 0 0 0 0 0 0 0.00271686
75 5.486849e-05 0 0 0 0 0 0 0.0006455974 0 0 0 0 0 0 0.003582008 0 0 0 0 0 0 0.0005133309 0 0 0 0 0 0 0.002104745 0 0 0 0 0 0 0.001570829
76 0.001184968 0 0 0 0 0 0 0.0006642797 0 0 0 0 0 0 0.001218598 0 0 0 0 0 0 0.0001088962 0 0 0 0 0 0 0.00564612 0 0 0 0 0 0 0.001127453
77 0.002441587 0 0 0 0 0 0 0.002283592 0 0 0 0 0 0 0.003076571 0 0 0 0 0 0 0.003078017 0 0 0 0 0 0 0.001446721 0 0 0 0 0 0 0.0006937827
78 0.002623893 0 0 0 0 0 0 0.0001719083 0 0 0 0 0 0 0.000754548 0 0 0 0 0 0 0.003254785 0 0 0 0 0 0 0.002127164 0 0 0 0 0 0 0.002929049
79 0.0009570697 0 0 0 0 0 0 0.0007628466 0 0 0 0 0 0 0.003591463 0 0 0 0 0 0 0.002707987 0 0 0 0 0 0 0.005119067 0 0 0 0 0 0 0.004427802
80 0.0007299233 0 0 0 0 0 0 0.002135598 0 0 0 0 0 0 0.000468925 0 0 0 0 0 0 0.005161867 0 0 0 0 0 0 0.0004160172 0 0 0 0 0 0 0.002380053
81 0.002334399 0 0 0 0 0 0 2.685448e-05 0 0 0 0 0 0 0.00491814 0 0 0 0 0 0 0.002602308 0 0 0 0 0 0 0.007592689 0 0 0 0 0 0 0.003163281
82 6.612183e-05 0 0 0 0 0 0 0.00185028 0 0 0 0 0 0 0.002853228 0 0 0 0 0 0 0.002204037 0 0 0 0 0 0 0.001267244 0 0 0 0 0 0 0.00575904
83 0.002246134 0 0 0 0 0 0 0.002454276 0 0 0 0 0 0 0.002878676 0 0 0 0 0 0 0.000115199 0 0 0 0 0 0 0.0005373345 0 0 0 0 0 0 0.004215072
84 0.003283889 0 0 0 0 0 0 0.003186202 0 0 0 0 0 0 0.01028627 0 0 0 0 0 0 0.002492094 0 0 0 0 0 0 0.006730754 0 0 0 0 0 0 0.006025637
85 0.002600428 0 0 0 0 0 0 0.001143714 0 0 0 0 0 0 0.004761011 0 0 0 0 0 0 0.001979552 0 0 0 0 0 0 0.002782789 0 0 0 0 0 0 0.003088514
86 0.0007699097 0 0 0 0 0 0 0.0007584129 0 0 0 0 0 0 0.006788267 0 0 0 0 0 0 0.002797361 0 0 0 0 0 0 0.003770231 0 0 0 0 0 0 0.003366896
87 0.004259011 0 0 0 0 0 0 0.001635494 0 0 0 0 0 0 1.224988e-05 0 0 0 0 0 0 0.0001613385 0 0 0 0 0 0 0.0007618863 0 0 0 0 0 0 0.006524567
88 0.002509078 0 0 0 0 0 0 0.0008613583 0 0 0 0 0 0 0.0003620785 0 0 0 0 0 0 0.00206278 0 0 0 0 0 0 0.003899153 0 0 0 0 0 0 9.735634e-05
89 0.002217954 0 0 0 0 0 0 0.0009998993 0 0 0 0 0 0 0.002971827 0 0 0 0 0 0 0.00547531 0 0 0 0 0 0 0.001523246 0 0 0 0 0 0 0.005924058
90 0.0008211704 0 0 0 0 0 0 0.0001079127 0 0 0 0 0 0 0.001268115 0 0 0 0 0 0 5.989818e-05 0 0 0 0 0 0 0.001964688 0 0 0 0 0 0 0.002146336
91 0.003300795 0 0 0 0 0 0 0.001036744 0 0 0 0 0 0 0.002564652 0 0 0 0 0 0 0.00145999 0 0 0 0 0 0 0.001678555 0 0 0 0 0 0 0.0006547933
92 0.001352997 0 0 0 0 0 0 0.0008356913 0 0 0 0 0 0 0.004409348 0 0 0 0 0 0 0.003352886 0 0 0 0 0 0 0.006636135 0 0 0 0 0 0 0.002744191
93 0.0002032952 0 0 0 0 0 0 0.001139852 0 0 0 0 0 0 0.003462256 0 0 0 0 0 0 0.003862142 0 0 0 0 0 0 0.00330946 0 0 0 0 0 0 0.01395735
94 0.000911983 0 0 0 0 0 0 0.0005904714 0 0 0 0 0 0 0.002519447 0 0 0 0 0 0 0.001565865 0 0 0 0 0 0 0.005386886 0 0 0 0 0 0 0.005506158
95 0.0004675967 0 0 0 0 0 0 6.259737e-05 0 0 0 0 0 0 0.0002994027 0 0 0 0 0 0 0.002587827 0 0 0 0 0 0 0.002309234 0 0 0 0 0 0 0.009668777
96 0.001928836 0 0 0 0 0 0 0.0006863546 0 0 0 0 0 0 0.002903688 0 0 0 0 0 0 0.004779274 0 0 0 0 0 0 0.0007803952 0 0 0 0 0 0 0.003152194
97 0.0004102843 0 0 0 0 0 0 0.0006741035 0 0 0 0 0 0 0.0001645822 0 0 0 0 0 0 0.0007674438 0 0 0 0 0 0 0.006963161 0 0 0 0 0 0 0.004033065
98 0.0008265631 0 0 0 0 0 0 0.0001151499 0 0 0 0 0 0 0.002906685 0 0 0 0 0 0 0.001622349 0 0 0 0 0 0 0.0002270074 0 0 0 0 0 0 0.007693146
99 0.005141587 0 0 0 0 0 0 0.0006946769 0 0 0 0 0 0 0.001680075 0 0 0 0 0 0 0.003305159 0 0 0 0 0 0 0.005963969 0 0 0 0 0 0 0.005189143
100 0.002027628 0 0 0 0 0 0 0.0008580276 0 0 0 0 0 0 0.005167854 0 0 0 0 0 0 0.002044414 0 0 0 0 0 0 0.003411878 0 0 0 0 0 0 0.003525105
