1 0.01587737 0.01573435 0.08937887 0.09261388 0.1523735 0.1393208 0.1123006 0.1116104 0.1519077 0.1707184 0.3456922 0.3425391 0.2322536 0.2223018 0.143605 0.06774727 0.1422339 0.4700659 0.1658299 0.3126333 0.2533685 0.09573697 0.2053057 0.000763468 0.0004461836 0.0009138686 0.001142945 0.001465443 0.001830922 1.122302 1.233614 0.3889327 0.005266554 0.003927429 0.001753833 0.004618898 0.00824013 0.005664741 0.006325435 0.005100454 0.002591715 0.008031753 0.009694811 0.009337811
2 0.01580293 0.01571357 0.07127647 0.08545038 0.1547751 0.1532273 0.1352076 0.1364241 0.150991 0.1615359 0.3157515 0.3267047 0.2473973 0.2505735 0.08594439 0.03449857 0.1666433 0.3747355 0.1654642 0.3767367 0.305312 0.1464993 0.3465556 0.0008011715 0.0003685498 0.0009243973 0.0009574923 0.00137046 0.001856204 0.7722251 1.613558 0.6056346 0.005344939 0.003829544 0.001732145 0.004217034 0.008354005 0.005401758 0.006385013 0.004627534 0.002560425 0.007115419 0.009793702 0.008718086
3 0.01592267 0.01571616 0.07244188 0.08406065 0.1671133 0.1639487 0.1330355 0.1354809 0.1461596 0.1611972 0.3024813 0.2946192 0.2047286 0.1960264 0.08747019 0.0227118 0.1717159 0.2704863 0.1775457 0.3969439 0.315289 0.2438074 0.297141 0.0008303988 0.0003956381 0.0008535177 0.0008840269 0.001371644 0.001699745 0.8262273 2.229033 0.42999 0.005015795 0.003732594 0.001673577 0.004447302 0.00777239 0.005447537 0.006260328 0.004658306 0.002666642 0.008114961 0.009404136 0.009877074
4 0.01577506 0.01573175 0.07986206 0.08719226 0.1564252 0.1522393 0.1310259 0.1266069 0.1499028 0.1620247 0.3557105 0.3363122 0.2699486 0.2702263 0.1348066 0.05888511 0.157308 0.2481169 0.1595444 0.2960613 0.186604 0.1198581 0.2193434 0.0007027039 0.0003989255 0.0008281451 0.001000122 0.001327265 0.001978357 0.9193769 1.608515 0.7436842 0.00535056 0.004046327 0.00167178 0.00418964 0.008369841 0.005104016 0.006427638 0.00491344 0.002495299 0.007311076 0.009831845 0.00874549
5 0.01593693 0.01571725 0.09221343 0.08987227 0.1443593 0.1350634 0.1487097 0.1430917 0.1469805 0.1681328 0.3272399 0.3104302 0.2301265 0.2313342 0.1824896 0.08123183 0.1719345 0.3250395 0.09289597 0.2009941 0.3067612 0.2199096 0.3295452 0.0008720684 0.0004095668 0.0009799268 0.000958237 0.001444559 0.00180974 0.6947265 1.43239 0.3897493 0.005152418 0.003829856 0.001736684 0.004522266 0.008031469 0.005596488 0.006445503 0.005152796 0.002687263 0.00823036 0.009854442 0.009802199
6 0.01588137 0.01572656 0.08411035 0.09342935 0.1423589 0.1337107 0.1274441 0.1299713 0.162679 0.1540204 0.3349336 0.3384318 0.2482228 0.2611838 0.1282576 0.09199399 0.2211037 0.439678 0.1118138 0.1756513 0.2678924 0.1087578 0.265861 0.0009185331 0.0004201155 0.001008768 0.001003557 0.001351677 0.001965735 0.503856 1.426224 0.4561816 0.005552422 0.004019641 0.001775713 0.004352223 0.008650982 0.005485563 0.006400191 0.004718158 0.002578178 0.007413457 0.009779658 0.009020622
7 0.01586438 0.01573069 0.08940904 0.09081698 0.1537981 0.1593519 0.1590294 0.1575965 0.1661007 0.1727559 0.3509488 0.3429192 0.2458793 0.2570591 0.1517243 0.07291085 0.1662239 0.4536377 0.1919235 0.3606464 0.3736733 0.2551276 0.3527116 0.0008680517 0.0004099391 0.0009547446 0.001018392 0.001562807 0.001954992 0.7360687 1.726056 0.3423231 0.005677967 0.004159352 0.001818574 0.004558656 0.008838266 0.005731845 0.006697019 0.005013066 0.002641822 0.007732422 0.01023643 0.009384394
8 0.01590392 0.01571607 0.08887881 0.09050967 0.1671951 0.1558311 0.126987 0.139222 0.1436649 0.1407958 0.2928622 0.2944996 0.2225111 0.2205842 0.1567419 0.09909365 0.1706479 0.4418971 0.261775 0.343255 0.2739921 0.2481066 0.3960869 0.000771825 0.0003598087 0.0008457067 0.0009774835 0.001362038 0.001809013 0.8351734 1.484071 0.5927128 0.005228697 0.003930106 0.001746714 0.004775641 0.008106061 0.005768097 0.006750703 0.005230474 0.002703313 0.008411462 0.01032302 0.009933029
9 0.01578772 0.01571444 0.07679503 0.09107673 0.1704471 0.1585045 0.1409047 0.1526165 0.1518915 0.1479432 0.3327393 0.3248982 0.2524985 0.2625746 0.08779432 0.05178687 0.1692602 0.4935219 0.2554149 0.2720141 0.2941483 0.2439361 0.3374637 0.0008594505 0.0003600264 0.0009044783 0.0008842077 0.001397878 0.001715239 0.9621124 1.664159 0.4398426 0.005291725 0.00394999 0.001653678 0.004039629 0.008277186 0.00498948 0.006822152 0.004817927 0.002596397 0.007027419 0.01036695 0.008788664
10 0.01585869 0.0157163 0.06940511 0.08950743 0.1561105 0.1622838 0.1305789 0.1164492 0.1512928 0.1680793 0.312996 0.3061017 0.2389808 0.2416915 0.1040988 0.02945286 0.2110097 0.2969206 0.2224215 0.4724331 0.3106003 0.1247083 0.2087987 0.0009159849 0.0004074788 0.001005701 0.001027534 0.00132122 0.001956667 1.122598 2.021868 0.4611292 0.005246413 0.003756578 0.001784709 0.004419692 0.008106208 0.005587294 0.006446138 0.004614129 0.002740856 0.007788091 0.009678399 0.009591027
11 0.01587599 0.01571976 0.07823663 0.08635609 0.1605689 0.1581395 0.1464832 0.1433895 0.1492552 0.1451775 0.3149217 0.3079514 0.2406644 0.2392648 0.100936 0.0417526 0.1871338 0.3388856 0.1671219 0.329398 0.3246445 0.2764463 0.3568733 0.000864229 0.000419252 0.001001789 0.001012715 0.001522792 0.001971186 0.8379779 2.477754 0.6233737 0.005246189 0.003952287 0.001743395 0.004598735 0.008145479 0.005591222 0.006453654 0.004882832 0.002672257 0.007969432 0.009829915 0.009566644
12 0.01586706 0.01568903 0.07027373 0.08978546 0.1514296 0.1446968 0.1101056 0.1132459 0.1307799 0.1373337 0.2791379 0.2564058 0.206231 0.2029907 0.06490987 0.05073711 0.220516 0.4271326 0.187664 0.3481904 0.1732462 0.1231978 0.2317589 0.0008760008 0.000402274 0.000944539 0.0009999779 0.001401866 0.001846863 0.7475131 2.10527 0.390094 0.005002432 0.00388877 0.001729609 0.004810917 0.007791418 0.005742404 0.006595033 0.004821315 0.00287507 0.008264062 0.01003033 0.01017034
13 0.01582567 0.01571361 0.08178501 0.09187909 0.1526741 0.1550383 0.11863 0.1058366 0.1378739 0.1421872 0.2983379 0.2916406 0.2446277 0.2442485 0.1317781 0.06501829 0.1911402 0.2942792 0.2100759 0.3852417 0.2816781 0.07604378 0.2060746 0.0009328226 0.0004383222 0.001006307 0.001072763 0.00152173 0.001914156 1.373242 2.619902 0.6306308 0.005022986 0.003782889 0.00169596 0.00442379 0.007835481 0.005393478 0.006830209 0.005046449 0.002885592 0.008294128 0.01038129 0.01014948
14 0.01593642 0.0157144 0.07604845 0.08500743 0.1224031 0.1282789 0.1137502 0.1037053 0.1182163 0.1298056 0.3141805 0.2971667 0.210475 0.1981884 0.1055107 0.05267815 0.1757345 0.1521993 0.06941499 0.3030925 0.241675 0.09414371 0.1667735 0.0007692768 0.0003760339 0.0008392013 0.0008633875 0.001214231 0.001767192 0.5159314 1.31778 0.784218 0.005020184 0.003892688 0.001666868 0.004544497 0.007813374 0.005412694 0.00628389 0.004859564 0.002610234 0.008033604 0.00956258 0.009604611
15 0.0160763 0.01571138 0.08588736 0.1032434 0.1427003 0.1123737 0.1292051 0.1240595 0.1599226 0.1856038 0.337222 0.3400781 0.2673109 0.2710171 0.146574 0.08625667 0.2044086 0.3781999 0.08263417 0.1454374 0.1913412 0.06836594 0.2105568 0.0008737886 0.0004036987 0.000957326 0.001063244 0.001445659 0.001803244 0.5810466 1.401012 0.556108 0.005658119 0.004015457 0.001850881 0.004393911 0.008774343 0.0056862 0.006780458 0.005180988 0.002649964 0.007852422 0.01037019 0.009518617
16 0.01588642 0.01571589 0.09181117 0.09449758 0.1604316 0.1457151 0.1309076 0.1325572 0.1454147 0.1730801 0.3165087 0.3148352 0.2400045 0.2416576 0.1688419 0.07023675 0.1364801 0.5311995 0.1998609 0.3305248 0.2841864 0.1452228 0.2681229 0.0008821797 0.000412198 0.001083284 0.001032974 0.001489356 0.001778245 1.220131 1.992836 0.4674674 0.005281455 0.003829599 0.001801288 0.004692134 0.00814368 0.005861604 0.006587105 0.005059312 0.002678901 0.008039321 0.009937108 0.009612143
17 0.01586166 0.0157142 0.07643955 0.08835171 0.1632693 0.164367 0.1061762 0.1038347 0.1501957 0.1549896 0.3401791 0.3424384 0.2617933 0.2543176 0.08719796 0.04838359 0.1700825 0.4418691 0.2317415 0.3990791 0.1770261 0.06597223 0.2136691 0.0008228895 0.0003340427 0.0009439167 0.0009340268 0.001453981 0.001756605 0.9121555 1.279734 0.3212007 0.005429771 0.004013578 0.0017658 0.004498454 0.008410965 0.005556664 0.006656818 0.004890882 0.002673543 0.007797029 0.01003478 0.009528876
18 0.01583251 0.01571385 0.07439666 0.09040454 0.1471849 0.1325894 0.113893 0.1121952 0.1527966 0.1470322 0.3199832 0.3315592 0.2536084 0.2407714 0.08568242 0.03722993 0.171433 0.3927757 0.1575408 0.2516632 0.1977698 0.0981681 0.2018361 0.0008312796 0.0003845255 0.0008758482 0.0009307388 0.001355816 0.001619277 0.8800101 1.325795 0.4039506 0.005319888 0.003948626 0.001707792 0.004236227 0.008311036 0.005264607 0.006031832 0.004599396 0.002413224 0.007076672 0.009218982 0.008511411
19 0.01586963 0.01571418 0.07937496 0.09273152 0.165467 0.1580325 0.1145335 0.1102715 0.1417599 0.1550762 0.3241768 0.3196072 0.2745145 0.2482308 0.1048939 0.06771968 0.1919478 0.4876226 0.2628875 0.4216541 0.172492 0.08340626 0.2266477 0.0008722034 0.0004285115 0.0009922132 0.001040903 0.00138413 0.00194507 0.8775641 1.211152 0.3948739 0.005283965 0.003992202 0.001685669 0.004351572 0.008203848 0.0052466 0.006534474 0.005167673 0.002586495 0.007879836 0.009914465 0.009207808
20 0.01585661 0.01571481 0.08552664 0.09833736 0.1573721 0.1427032 0.1201903 0.1345137 0.1544854 0.1611042 0.3375002 0.3434519 0.2439516 0.2511607 0.1355575 0.08824995 0.2201903 0.5790655 0.1869662 0.2120123 0.224309 0.1207138 0.2814546 0.0008380125 0.0004082503 0.0009622263 0.0009846352 0.00138981 0.001918284 0.769578 1.234407 0.3457825 0.005404966 0.003847509 0.001791302 0.004365721 0.008408811 0.005586365 0.006671972 0.004869143 0.002669279 0.007885005 0.0101077 0.009581529
21 0.01586836 0.01572171 0.08841144 0.1022473 0.1661918 0.1571819 0.119462 0.1246451 0.1512604 0.1681548 0.3178188 0.3074903 0.2816484 0.2679488 0.130827 0.07105841 0.2032016 0.4414878 0.2239805 0.2880179 0.1678705 0.07956542 0.2071441 0.0009544355 0.000415919 0.0009121212 0.001055905 0.001490743 0.002018107 0.8917055 1.191342 0.3325192 0.005425592 0.004014428 0.001782531 0.004527278 0.008406869 0.005578725 0.006525275 0.005101765 0.002622069 0.007727652 0.009917867 0.009209969
22 0.01591397 0.01571362 0.08842709 0.0887554 0.150451 0.1418702 0.1200278 0.1282017 0.1394409 0.1598027 0.3112882 0.31378 0.2456816 0.2368931 0.1744698 0.06844639 0.1355341 0.3119548 0.1470374 0.2238617 0.1920405 0.1086751 0.3053907 0.000768021 0.0004101013 0.0009927038 0.001077078 0.001318782 0.001928116 0.7943062 2.154116 0.5131344 0.005291924 0.003821899 0.001754088 0.004374174 0.008230536 0.005529329 0.006231456 0.005080865 0.002480976 0.007590528 0.009598653 0.008830707
23 0.01580666 0.01574002 0.08148795 0.09296494 0.1328684 0.1204949 0.08182218 0.08553128 0.1411794 0.1603585 0.3235694 0.3253516 0.2206931 0.2222562 0.1152637 0.05717644 0.1608814 0.3861668 0.0851554 0.3193734 0.07516796 0.01708185 0.1563443 0.0008287584 0.000392737 0.0009732563 0.0009115205 0.001409245 0.001698605 1.508779 1.133307 0.3910307 0.00514935 0.003697204 0.001744599 0.004448563 0.007943206 0.005626514 0.006271712 0.004814637 0.002661343 0.008096563 0.009511644 0.009759874
24 0.01581323 0.01571967 0.09122445 0.09549972 0.1481328 0.1420889 0.1362 0.1240779 0.1603516 0.1530489 0.3255753 0.3222053 0.2335246 0.2413526 0.1248949 0.06149082 0.1516654 0.4424593 0.1313569 0.4061732 0.2159794 0.1426238 0.2550017 0.0009188436 0.0004127516 0.0009575734 0.0009719649 0.001360242 0.001845983 1.187566 3.394468 0.3554603 0.005417129 0.004056227 0.001703558 0.004382528 0.008445842 0.005363492 0.006501014 0.004891068 0.002505381 0.00764125 0.009927555 0.009291988
25 0.01594341 0.01571443 0.09004144 0.08713578 0.1781579 0.159471 0.08455307 0.1047482 0.1384123 0.1493547 0.3504007 0.3468232 0.2758995 0.2603523 0.1555379 0.08477881 0.1397645 0.6745716 0.3444529 0.3827383 0.1183233 0.02964643 0.238013 0.000830742 0.0003889233 0.0009113845 0.0009481777 0.001386118 0.001674363 0.5225007 1.320514 0.5702681 0.005168579 0.003870804 0.001682299 0.004295782 0.008030228 0.005272651 0.006560078 0.005396981 0.002627007 0.008119409 0.01004752 0.009425973
26 0.01581819 0.01571502 0.08409609 0.09966327 0.1551365 0.1524392 0.1120009 0.1213107 0.1357418 0.1539061 0.2681339 0.2845766 0.2236371 0.2407111 0.1358309 0.09111648 0.2012792 0.4444911 0.1934242 0.4810334 0.2313676 0.08537909 0.2363678 0.0008899507 0.0004226528 0.0009729234 0.001051309 0.001602089 0.001869211 1.151603 1.376915 0.3856173 0.005315695 0.00362901 0.001868687 0.004512904 0.008200652 0.005923828 0.006792468 0.004668331 0.002841787 0.00802911 0.0102588 0.01006086
27 0.01594886 0.01571879 0.08711599 0.08733012 0.1655536 0.156444 0.1117623 0.1155327 0.1393839 0.1508272 0.3226928 0.3015045 0.2285195 0.2189188 0.1842218 0.04701354 0.1555606 0.3989342 0.2913431 0.3730488 0.1939351 0.07989312 0.2031255 0.000912575 0.00041088 0.0009565473 0.000965837 0.001542366 0.002020611 0.6338209 1.888682 0.5680958 0.005102412 0.003931585 0.001767594 0.004825399 0.00791331 0.005765569 0.006372904 0.005070629 0.002784634 0.008500074 0.009631489 0.01000298
28 0.01590778 0.015714 0.0928787 0.09559294 0.147236 0.146218 0.1450904 0.1530279 0.1625376 0.1567859 0.3635659 0.3470298 0.2605348 0.2679792 0.1592362 0.08420615 0.1809451 0.3737086 0.1482889 0.3057087 0.3178509 0.2558208 0.4289548 0.0008908611 0.0004276901 0.0009250872 0.001022862 0.001365294 0.002018049 0.5622786 2.85784 0.5166947 0.005209503 0.004023778 0.001667117 0.004321848 0.008169303 0.005219926 0.007078387 0.005241202 0.002779659 0.007971812 0.01078827 0.00989649
29 0.01582196 0.01572061 0.08198476 0.09278393 0.1596556 0.1444671 0.1223566 0.1154636 0.156103 0.1600383 0.3211491 0.3151912 0.2438265 0.2489834 0.1249021 0.05559711 0.1583693 0.3866185 0.1887332 0.2760068 0.2065711 0.08568453 0.1750512 0.0009333591 0.0003986552 0.000981535 0.0009818536 0.001511114 0.001971558 0.9628782 2.129971 0.775016 0.005218315 0.003873079 0.001665257 0.004340265 0.008074487 0.005377883 0.006540868 0.004913117 0.002579426 0.007618154 0.00989619 0.009334562
30 0.01592675 0.01573023 0.06667882 0.07749301 0.167367 0.1574553 0.1099572 0.118947 0.1423844 0.1595676 0.3476406 0.3434729 0.2423839 0.2524587 0.09369405 0.02018833 0.1426659 0.5877084 0.2721192 0.3134638 0.180837 0.06172067 0.2494228 0.0009105507 0.0004099986 0.0009726214 0.0009983211 0.00139377 0.001881298 1.05758 1.967571 0.3929648 0.005527046 0.00391925 0.001855899 0.004531082 0.008583828 0.005814828 0.00646223 0.004810604 0.002702751 0.007998167 0.009779722 0.009678347
31 0.01599507 0.01572465 0.08924813 0.09789712 0.1613426 0.1448472 0.1206893 0.1144946 0.150464 0.1527531 0.3192147 0.3148953 0.2503888 0.2469242 0.1717427 0.08805087 0.1594547 0.6005872 0.2538408 0.3416008 0.2599398 0.0813628 0.1319271 0.0008489245 0.0004202825 0.0009445391 0.001024794 0.001288933 0.001938708 0.6651017 2.39693 0.519827 0.005270677 0.003853544 0.001760272 0.004675973 0.008133892 0.005853804 0.006858423 0.005330261 0.002650177 0.008198475 0.01043184 0.009807804
32 0.01585563 0.01571608 0.07965987 0.08573408 0.1638762 0.1665565 0.1264244 0.121689 0.1500375 0.1559377 0.2901384 0.3036786 0.2369 0.2460436 0.09770186 0.05104588 0.1257411 0.4749202 0.2762141 0.5397914 0.2591719 0.1250236 0.2224514 0.0008182438 0.0004133662 0.000910748 0.001066775 0.001420532 0.001941846 0.6965691 1.830638 0.4209744 0.005393708 0.003829632 0.001801576 0.004580608 0.008348076 0.005843482 0.006829889 0.004901798 0.002749441 0.007939431 0.01032275 0.009787902
33 0.01605267 0.01571647 0.07855234 0.08601528 0.1228718 0.1228924 0.1268067 0.115285 0.1599472 0.1739426 0.322542 0.3265104 0.2610376 0.2488546 0.1402901 0.04874354 0.1533136 0.2039872 0.04546999 0.2478952 0.3808461 0.129311 0.2287522 0.0007881957 0.0003742421 0.001015529 0.0009866587 0.001362509 0.001803497 0.6559389 0.9851301 0.5672612 0.005518055 0.004061641 0.001757136 0.004350559 0.008625659 0.00547068 0.006277982 0.004793091 0.002646178 0.007980832 0.009568104 0.009672232
34 0.01593547 0.01571505 0.08033171 0.09004278 0.1806885 0.179262 0.1410699 0.1393567 0.1442955 0.1483641 0.2893046 0.2928019 0.2435636 0.2456159 0.133034 0.04961817 0.1451101 0.6047468 0.4876603 0.6364685 0.2420381 0.1884606 0.2612784 0.000898595 0.0003935677 0.0009407514 0.0009030937 0.001395281 0.001968085 0.7300068 1.173133 0.5946766 0.005283108 0.003876522 0.001743479 0.004344231 0.008223693 0.005461509 0.006751266 0.004971695 0.00269718 0.00773451 0.01028116 0.009486958
35 0.01587709 0.01571571 0.07564207 0.09580398 0.1425219 0.1242898 0.1084074 0.1184869 0.1435666 0.1625097 0.3204661 0.3149712 0.2376098 0.2511703 0.1388373 0.04218534 0.174896 0.3228824 0.07105346 0.2215132 0.1683732 0.0844581 0.2388012 0.0008552152 0.0003848927 0.0009921963 0.000937329 0.001616707 0.00208424 1.468048 1.20739 0.5211388 0.005264505 0.003773329 0.001775541 0.004471115 0.00814606 0.005660678 0.006496007 0.004661696 0.002657049 0.007498297 0.009811287 0.009253068
36 0.01585009 0.01571911 0.08853475 0.1052305 0.1540582 0.1450255 0.1375222 0.1290362 0.1491985 0.1640055 0.3734368 0.3849861 0.2272969 0.2271012 0.09803529 0.08098638 0.20704 0.2757869 0.1088798 0.1780746 0.3542939 0.2059839 0.2441374 0.0008880927 0.0004344444 0.0008555421 0.001073396 0.001306353 0.002105694 0.7062051 2.554328 0.550908 0.005346895 0.003835432 0.001732769 0.004109323 0.00833058 0.005342316 0.00673481 0.004977728 0.002652002 0.007684678 0.01018649 0.009512751
37 0.01585058 0.01571422 0.08631511 0.08506353 0.1715084 0.1704151 0.1292665 0.127048 0.1511826 0.1579217 0.3260037 0.3269528 0.230013 0.2435468 0.1382821 0.05763444 0.1222484 0.5391281 0.3800776 0.481817 0.2466858 0.1089669 0.20516 0.0007632167 0.0004048185 0.0009589073 0.001103115 0.001360076 0.001958128 1.00327 1.782988 0.4828011 0.005227363 0.003794452 0.001750402 0.00434137 0.008103377 0.005526328 0.006540317 0.004932982 0.002709834 0.007942433 0.009931798 0.009609843
38 0.01582095 0.01571467 0.07727892 0.08179495 0.1721143 0.1610179 0.1302104 0.1393075 0.1426221 0.154102 0.3122479 0.3018307 0.2234039 0.2363255 0.1042938 0.04428019 0.1281132 0.4341467 0.2579769 0.3049719 0.2937497 0.2245716 0.2596106 0.0008144332 0.0003393411 0.0008547332 0.0009221291 0.001308706 0.001777464 0.6641583 1.537931 0.4645009 0.005317076 0.003877179 0.001706903 0.004250142 0.008233481 0.005364764 0.006546825 0.004799018 0.002594912 0.007259629 0.009938391 0.008953242
39 0.01585186 0.01571893 0.09175783 0.09164223 0.1565239 0.1395154 0.124226 0.1196856 0.160804 0.1662236 0.3529491 0.3298327 0.2632313 0.2525368 0.1430868 0.07007448 0.150791 0.432359 0.1984609 0.2854054 0.2531765 0.1458195 0.2633509 0.0008771507 0.0003998884 0.0008882235 0.001050877 0.001410075 0.001978236 0.7101972 1.240218 0.3858059 0.005412579 0.004249801 0.00171397 0.004754554 0.00845276 0.005572448 0.006976139 0.005586669 0.002766398 0.008605561 0.0107195 0.01022654
40 0.01596516 0.01571368 0.08945304 0.09774012 0.161392 0.1599973 0.1176931 0.1251106 0.1541992 0.172037 0.3237588 0.3069457 0.2591359 0.2600035 0.2036197 0.08398432 0.1824394 0.3787718 0.2305555 0.3607662 0.2151414 0.1362823 0.2816415 0.0008346256 0.0004142871 0.0009358939 0.001008709 0.001377208 0.001879006 0.9898817 1.728783 0.6255233 0.005388244 0.004007916 0.001736984 0.004442106 0.00842708 0.005517197 0.006782932 0.005265006 0.00267254 0.008222886 0.01038487 0.009772665
41 0.01596203 0.0157164 0.09341336 0.1033285 0.1474177 0.1383437 0.1226455 0.1309477 0.1418708 0.1599317 0.3290218 0.3379185 0.2362825 0.2510392 0.1369582 0.09158127 0.1903653 0.4259883 0.1685578 0.3516021 0.2375842 0.1514936 0.2348999 0.0008448967 0.0004021581 0.0008578808 0.0009926253 0.001421095 0.001855952 0.8693852 1.66434 0.450153 0.005669083 0.003995166 0.001914521 0.004618092 0.008751641 0.005898145 0.006990739 0.005007844 0.002848676 0.007926403 0.01061723 0.009777685
42 0.01586529 0.01570536 0.08869161 0.08895991 0.1537804 0.1605153 0.1280219 0.1074249 0.149635 0.1544804 0.3255764 0.2985173 0.2325559 0.2381119 0.1142416 0.06703167 0.1460871 0.288087 0.342197 0.6714839 0.3959545 0.1266006 0.1891437 0.0009671373 0.0004666034 0.001058667 0.00108485 0.001527866 0.002125558 0.927399 1.877228 0.3827483 0.005020516 0.00391104 0.001673305 0.004648428 0.007789232 0.005492089 0.006823377 0.005151243 0.002820702 0.008410484 0.01029068 0.01017737
43 0.01588994 0.01571431 0.08001085 0.09047506 0.152239 0.1480205 0.1097571 0.1159311 0.1479608 0.1609423 0.3381376 0.3503929 0.2429617 0.2476065 0.1101584 0.05611016 0.1692665 0.2644697 0.1331779 0.3277534 0.1985882 0.09204266 0.2619226 0.0008682339 0.0003929797 0.000985173 0.000954526 0.001293846 0.001828177 0.8477016 1.997223 0.5108918 0.005515839 0.00392674 0.001835523 0.004497963 0.00855284 0.005749531 0.006720797 0.004905038 0.002780409 0.008054115 0.01027653 0.009812517
44 0.01581393 0.01571791 0.07089738 0.08428983 0.1519855 0.1405938 0.1233367 0.1243011 0.1528732 0.1381977 0.3420394 0.3525284 0.2495101 0.2540249 0.07316706 0.04526568 0.1629679 0.5230765 0.1357022 0.2717009 0.3166151 0.1088822 0.3115123 0.0008407033 0.0004290738 0.001086059 0.0009973742 0.0014155 0.001887711 0.5870277 1.579334 0.4510866 0.005268263 0.003884633 0.001741059 0.004503209 0.008222704 0.005581892 0.006683239 0.004785859 0.002697749 0.007626417 0.01026724 0.009502831
45 0.01583896 0.01571415 0.07594796 0.08843976 0.16926 0.1596981 0.1503217 0.1419915 0.1476556 0.1536847 0.3288589 0.3164253 0.2422022 0.2399418 0.08581911 0.05175261 0.1750291 0.475055 0.2336403 0.4230963 0.4417862 0.2807221 0.2729975 0.0008300059 0.0004178101 0.0008973557 0.0009847241 0.001384729 0.00185144 0.8557177 4.06204 0.3882491 0.005207603 0.00395037 0.001672261 0.004422832 0.008074872 0.005396157 0.006679851 0.004940946 0.002583973 0.007577495 0.01007834 0.009253331
46 0.01591696 0.01571845 0.09435691 0.09699308 0.1517445 0.1399926 0.1385351 0.1210706 0.1541186 0.1559014 0.326774 0.3338989 0.2377491 0.2397876 0.1836446 0.07768372 0.1782298 0.4613232 0.1598415 0.2535942 0.2954411 0.1469528 0.1737693 0.000877035 0.0004042851 0.001067479 0.001068628 0.001455894 0.001790041 0.5375827 1.673227 0.5486455 0.00519782 0.003812917 0.001747017 0.004345045 0.008052037 0.005409856 0.006438482 0.004946469 0.002658241 0.007668338 0.009814178 0.009133999
47 0.01580948 0.01571509 0.07932247 0.09410849 0.1585014 0.1557588 0.1215056 0.1319655 0.1247585 0.1407497 0.3002854 0.3090274 0.2086988 0.2161456 0.08870408 0.07353991 0.1749002 0.3980236 0.1989015 0.4754015 0.1665795 0.1839203 0.3043877 0.0008422982 0.0003866854 0.0009088746 0.001032698 0.001324728 0.001844926 0.7459294 1.555317 0.3508002 0.005057906 0.003637247 0.001751642 0.004375296 0.007828478 0.005532688 0.006638447 0.004701253 0.002628792 0.007559576 0.01013418 0.009564173
48 0.01595382 0.01571353 0.07396797 0.08237731 0.1514937 0.1444847 0.1115682 0.1148237 0.1495848 0.1691285 0.3169465 0.3197336 0.2530245 0.2491361 0.140982 0.03824543 0.1575427 0.3893611 0.1293387 0.4109452 0.169216 0.07380443 0.2166655 0.0008420429 0.0003992993 0.000897068 0.0009302453 0.001463382 0.001995551 0.6918706 1.661389 0.5392137 0.005310067 0.003825454 0.001709792 0.004272092 0.008232331 0.005420952 0.00621265 0.004739656 0.002544303 0.007649589 0.009446071 0.009177458
49 0.01587805 0.01571436 0.08522948 0.09608324 0.1729118 0.1607332 0.1269034 0.1218804 0.1360719 0.137137 0.295175 0.2956135 0.2542355 0.2562744 0.1109727 0.1007001 0.2199971 0.6036737 0.2722204 0.3920164 0.2931086 0.118217 0.1941877 0.0008317159 0.0004117912 0.0009145206 0.001040086 0.001437168 0.002080116 0.7449235 1.586293 0.3875756 0.005267207 0.003837571 0.001734509 0.004617588 0.008122505 0.005736243 0.006961165 0.005214714 0.002682284 0.0079289 0.01056213 0.009530329
50 0.01588019 0.01570765 0.07516746 0.08544453 0.1562685 0.151411 0.1334939 0.1208787 0.1513425 0.1528906 0.2984887 0.292964 0.2579079 0.2578875 0.1053503 0.04574278 0.1460783 0.4128488 0.2387798 0.3940678 0.2376386 0.1601886 0.2188447 0.0008181656 0.0003902769 0.0008759201 0.0009504853 0.001329683 0.001792526 0.7534882 3.116666 0.4488806 0.005348186 0.003992921 0.001745991 0.004419093 0.008350559 0.005438045 0.006733863 0.004895567 0.002742363 0.007608728 0.01031576 0.009434196
51 0.01585503 0.0157137 0.08438417 0.08747407 0.1407207 0.1362402 0.1313364 0.1431716 0.1497342 0.1591349 0.3353845 0.3294516 0.2338701 0.2411088 0.1252777 0.04799423 0.1197354 0.2657239 0.1208702 0.2846426 0.3119791 0.2637776 0.5032162 0.0008703887 0.0004057302 0.001018655 0.0009280561 0.00146824 0.001930509 1.00522 1.496325 0.3385369 0.005323369 0.003961265 0.001795731 0.004459029 0.008304802 0.005480883 0.006575103 0.00489353 0.002738066 0.007934056 0.00996531 0.00954429
52 0.0159322 0.01571356 0.0877232 0.09042086 0.1340027 0.1435624 0.1185626 0.1125862 0.1483851 0.1531823 0.3298738 0.3220626 0.2683401 0.2708942 0.1374786 0.07442795 0.1846298 0.2517056 0.1145912 0.3566003 0.1939438 0.08931145 0.2019521 0.0008036173 0.0004044098 0.0009688077 0.0009611074 0.001428254 0.0018316 0.63249 1.101471 0.4591022 0.005397614 0.004040279 0.001747672 0.004367288 0.008400557 0.005367 0.006739308 0.004999045 0.002663994 0.007524389 0.01024744 0.00912521
53 0.01587082 0.01570928 0.09478964 0.1062626 0.1901309 0.1843621 0.1322109 0.1327177 0.1601588 0.1693845 0.3261132 0.3196498 0.2637613 0.2821727 0.1702063 0.1377894 0.2817537 0.3882463 0.3189765 0.4348871 0.3082949 0.1834019 0.3044385 0.000905106 0.0004181707 0.0009930477 0.0009440844 0.001730117 0.001942394 0.827585 1.973037 0.5655257 0.005408992 0.003937501 0.001768066 0.004445523 0.008413553 0.005634801 0.007543722 0.005328088 0.002853594 0.007701315 0.01158932 0.009707487
54 0.01587753 0.01571375 0.08498817 0.09899677 0.1583038 0.1303445 0.1226039 0.137288 0.1494741 0.1448786 0.3141418 0.3131599 0.2486187 0.2500015 0.1188744 0.09879636 0.1955562 0.4845914 0.1834918 0.2233088 0.2161665 0.1012862 0.2905597 0.0009278324 0.000444382 0.0009810001 0.001146525 0.001642468 0.001930047 0.8222237 2.602598 0.8185387 0.005250729 0.003968903 0.001788578 0.004739415 0.008189965 0.00573946 0.006709211 0.005160146 0.002760549 0.008337436 0.01025165 0.009976496
55 0.01582172 0.01571426 0.0984194 0.1013703 0.1693604 0.1642542 0.1363131 0.1382227 0.13561 0.147591 0.3085588 0.3049818 0.2394024 0.2529729 0.1642054 0.1024905 0.1908787 0.4840084 0.243501 0.3751598 0.2558685 0.1880102 0.3056894 0.0008866418 0.0004286465 0.000984919 0.001101448 0.001573927 0.001878834 1.214226 1.505812 0.361373 0.005240008 0.003786459 0.001750343 0.004432296 0.008127573 0.005594872 0.006799458 0.005146896 0.002712953 0.007828576 0.01043289 0.009452817
56 0.01587655 0.01571412 0.0806339 0.09299983 0.1615218 0.1587032 0.1340168 0.1353037 0.1599656 0.1771553 0.3032779 0.319138 0.2619118 0.2676431 0.1047376 0.04721134 0.1625731 0.4191876 0.2067176 0.446378 0.2762492 0.2094512 0.2786671 0.0009371226 0.0004331041 0.0009565008 0.001044651 0.001445797 0.001962192 1.198711 1.514288 0.4325482 0.005646039 0.003967195 0.001822428 0.004408984 0.008746757 0.005740967 0.006699757 0.004680626 0.00261128 0.007311646 0.01015417 0.009152481
57 0.01587227 0.01571405 0.08108787 0.08916239 0.1568111 0.1527319 0.140553 0.1366448 0.1379623 0.1597727 0.3101337 0.3063611 0.2681977 0.2570191 0.1277004 0.05200737 0.171102 0.3129042 0.1704968 0.3031986 0.3760741 0.1749417 0.338508 0.0009632866 0.000411378 0.0009171635 0.001027917 0.001388015 0.001734658 1.159756 1.800989 0.5257613 0.005299711 0.003914302 0.00181182 0.004667254 0.008248847 0.005835578 0.006626626 0.005068386 0.002784326 0.008380888 0.01003037 0.01008799
58 0.01584745 0.01571547 0.06497283 0.07434372 0.1368057 0.1330869 0.1229692 0.1239549 0.1457324 0.1569659 0.3166725 0.3084663 0.2206652 0.2223967 0.05673437 0.008732756 0.1033174 0.3973553 0.1187215 0.2372335 0.2526009 0.09971457 0.2622686 0.0008369763 0.0004154436 0.0009936745 0.001070067 0.001315472 0.001781709 0.6922196 1.902978 0.3860015 0.005417445 0.004013113 0.001768513 0.004546749 0.008456406 0.005609803 0.006228917 0.004739278 0.002557649 0.00762027 0.009474314 0.009237007
59 0.01584704 0.01571371 0.07786707 0.09383728 0.1490007 0.1526582 0.1258684 0.1280513 0.1468215 0.1624146 0.3224939 0.3195088 0.2641794 0.2654065 0.1250028 0.06422293 0.20314 0.2898323 0.1765939 0.3808399 0.2897038 0.1557947 0.2845314 0.0008471515 0.0004147153 0.0009567221 0.0009523318 0.001299442 0.00187118 0.9079094 0.9869722 0.5068685 0.005374973 0.003932315 0.001759072 0.004434386 0.008341215 0.005558567 0.006757951 0.004837489 0.002640078 0.007324902 0.0102989 0.009094167
60 0.01592253 0.01571397 0.08407837 0.08917414 0.1441242 0.1291203 0.1319732 0.1391685 0.137874 0.1411325 0.3222011 0.3284044 0.2478437 0.2569723 0.1399829 0.06218189 0.1722031 0.3470262 0.09397422 0.2165214 0.2768851 0.1568036 0.3287497 0.0007797467 0.0003860594 0.0009003265 0.001001114 0.001417553 0.001924824 0.9667655 1.835254 0.4622793 0.005274408 0.003882771 0.001756939 0.004431196 0.008250065 0.005514632 0.006527255 0.004882415 0.002711607 0.008095493 0.00995081 0.009754746
61 0.01588432 0.01571374 0.08249818 0.09066586 0.1594007 0.1605394 0.1192369 0.1166769 0.1427821 0.1486337 0.3024723 0.3113427 0.2487099 0.2435594 0.1051917 0.05825111 0.1677408 0.3385878 0.2469451 0.4509938 0.2094262 0.09864685 0.2443296 0.0007672636 0.000403906 0.000951258 0.0009219138 0.00130673 0.001771008 0.8112969 1.91864 0.6954318 0.005009761 0.003669047 0.001666518 0.004127116 0.007782882 0.005159284 0.006651844 0.005002155 0.002657901 0.007558503 0.01014729 0.009177168
62 0.01591604 0.01571387 0.07878127 0.089956 0.1434185 0.1455449 0.1356106 0.1290826 0.1350913 0.1561112 0.315906 0.3120206 0.2467919 0.2523695 0.1277394 0.06488554 0.1774536 0.2629742 0.1679595 0.4300487 0.3837834 0.2052232 0.2540644 0.0007933615 0.000363189 0.0009740486 0.00099396 0.001232277 0.001893044 0.8337793 1.511063 0.5433815 0.005261341 0.003774411 0.001764722 0.004393183 0.008137342 0.005629365 0.006794703 0.004863703 0.002748055 0.007713514 0.01024644 0.009631372
63 0.01582388 0.01571369 0.07511557 0.08440067 0.1385358 0.1334719 0.1310234 0.1297594 0.1423498 0.1410308 0.2946194 0.293685 0.2724395 0.268373 0.1131601 0.02973246 0.1592369 0.3033059 0.1178825 0.2687998 0.2419129 0.1506038 0.2294769 0.0008408424 0.0003853221 0.001023306 0.001022368 0.001257879 0.001918417 1.152556 1.744126 0.4965701 0.005372404 0.004106101 0.001769306 0.004686464 0.008389057 0.005690238 0.006446786 0.004819699 0.002594906 0.007658878 0.009821348 0.009400846
64 0.01587865 0.01571837 0.07777799 0.093262 0.155931 0.1401576 0.1292106 0.1242067 0.1374412 0.1427133 0.3258278 0.3073752 0.2219241 0.2164736 0.0806342 0.06106263 0.1886106 0.4518362 0.1951873 0.2633365 0.2102441 0.1491213 0.2911031 0.0008171689 0.0003854268 0.0008983016 0.0009282481 0.001339517 0.001749294 0.7004155 0.9273642 0.3601809 0.005150757 0.003925005 0.001659774 0.004525489 0.007973892 0.005375763 0.006433878 0.005011102 0.002510999 0.007793638 0.009719728 0.009238531
65 0.01588251 0.01571697 0.08736255 0.09882935 0.1541413 0.1347838 0.1317644 0.1229184 0.1503466 0.1692684 0.3612883 0.3427291 0.2614187 0.2518301 0.1831413 0.1123297 0.2187901 0.4770331 0.1674339 0.2255175 0.2295785 0.1325163 0.2435268 0.0007758242 0.0003488852 0.0008650761 0.0008942112 0.001375286 0.001741921 0.7707843 1.898986 0.5172259 0.005483128 0.00413704 0.001791807 0.004759905 0.008509092 0.005739618 0.00688278 0.005568659 0.002669288 0.008306435 0.01058159 0.009653704
66 0.01583639 0.01571484 0.0843034 0.0901901 0.1489873 0.149582 0.1389008 0.1354702 0.1511642 0.1412459 0.3274941 0.318696 0.262187 0.2488227 0.1309882 0.05263117 0.1349149 0.2734471 0.121516 0.2392246 0.3584498 0.2226343 0.3343362 0.0007280135 0.0003896647 0.0009006346 0.000968566 0.001317853 0.001736698 0.7951839 1.050552 0.4508846 0.005251707 0.004093973 0.001688821 0.00441603 0.008218242 0.005252652 0.006452123 0.004928048 0.002410226 0.006941705 0.009881752 0.008461962
67 0.01578369 0.01571719 0.08900138 0.08980307 0.1406962 0.1416796 0.1451119 0.1415201 0.1392842 0.1539541 0.2940539 0.2997866 0.2491566 0.2496585 0.1342539 0.07888205 0.1715063 0.2705114 0.1152391 0.2163614 0.3887646 0.2445684 0.2389366 0.0009005069 0.0004176687 0.0009167908 0.001069388 0.001515545 0.00207361 1.05752 1.469105 0.4528055 0.005321298 0.003851388 0.001764931 0.004270539 0.008267489 0.005447134 0.006414594 0.004812934 0.002581739 0.007328445 0.009802004 0.008891202
68 0.01586167 0.01571359 0.07859084 0.09217044 0.1489512 0.1453881 0.1166723 0.123895 0.142363 0.1421854 0.3132414 0.301001 0.2339363 0.225647 0.1034954 0.0728504 0.2089717 0.4173816 0.2368891 0.3115026 0.2519731 0.1753451 0.2757751 0.0008072633 0.0003870597 0.001005788 0.001065572 0.001245684 0.00192074 0.7356526 1.177301 0.668936 0.005177585 0.003925913 0.001669299 0.004393649 0.008038577 0.005295246 0.006586781 0.005106804 0.002594363 0.007774881 0.01000898 0.009191758
69 0.01587627 0.01572508 0.08464512 0.09918955 0.1553364 0.1487834 0.1396598 0.1334975 0.1595994 0.1628825 0.3475447 0.3561677 0.2422826 0.2466817 0.1548186 0.08080051 0.2121457 0.2687606 0.1214321 0.244665 0.2271661 0.1105614 0.2568851 0.0008346834 0.0003983808 0.0008205975 0.001069334 0.001369662 0.001905299 1.194587 1.488219 0.3638539 0.005610313 0.004066767 0.001857833 0.004719401 0.008724197 0.005910498 0.007000999 0.005062734 0.002877236 0.0085732 0.01058414 0.0104831
70 0.01587163 0.01571376 0.08093132 0.1024454 0.147935 0.1479325 0.1205725 0.1269356 0.1440774 0.1636124 0.3292387 0.3237337 0.2360372 0.2440047 0.1132588 0.06032877 0.2232354 0.3652687 0.1839213 0.3777461 0.2781416 0.1257775 0.2442602 0.0008696786 0.0004283102 0.0009186076 0.001027797 0.00142516 0.001768115 0.9149554 2.229 0.3844005 0.005238662 0.003716615 0.001747073 0.004426882 0.008138417 0.005675226 0.006684882 0.004817911 0.002682719 0.007716117 0.0102449 0.009572928
71 0.01583525 0.01571531 0.06731451 0.08769738 0.1677393 0.1627464 0.1308261 0.1287381 0.1536644 0.1479749 0.323071 0.3033974 0.2562607 0.2649177 0.08238051 0.03765055 0.1848141 0.5723438 0.2849308 0.4236313 0.2315898 0.1855286 0.3365367 0.0008788409 0.0003854467 0.000863675 0.0009371153 0.001443934 0.001752109 0.6940876 1.588883 0.4599675 0.005204569 0.003942513 0.001664766 0.004362051 0.008089458 0.005267653 0.006915671 0.004690802 0.002664702 0.007414487 0.01039795 0.009439477
72 0.01586253 0.01571449 0.09096506 0.09253209 0.1749127 0.1687325 0.1312456 0.1388103 0.1479145 0.1537446 0.3392148 0.3543583 0.2370542 0.2329875 0.1645565 0.06665263 0.1776484 0.4446459 0.2564931 0.3860411 0.3088187 0.2123683 0.3096149 0.0009256144 0.0004448145 0.0009895915 0.001019997 0.001451777 0.002083491 1.535241 1.827776 0.3965797 0.005394486 0.003990831 0.001812904 0.004811955 0.008362058 0.005954456 0.006676013 0.005161464 0.002756613 0.00852997 0.01014791 0.0102394
73 0.0159551 0.01571403 0.07717928 0.095464 0.1607362 0.1605284 0.1023312 0.1043296 0.1412348 0.1542523 0.3089121 0.3050502 0.2345404 0.2386452 0.1177163 0.05750811 0.234878 0.4026324 0.2010567 0.4714772 0.1924147 0.05659801 0.2001529 0.0009605378 0.0003620623 0.001060552 0.001087309 0.001282999 0.001810522 0.6310165 1.590472 0.4552716 0.005256118 0.00384078 0.001803706 0.004711359 0.008126556 0.005886549 0.006827266 0.004775072 0.0029136 0.008474887 0.01023478 0.0105421
74 0.01587672 0.01571355 0.07883091 0.08159214 0.1481063 0.1479271 0.1212536 0.1264063 0.1419785 0.1415779 0.2905566 0.2937838 0.2574513 0.2427706 0.1214902 0.04082684 0.1512801 0.4134618 0.1292002 0.3681217 0.219872 0.1388069 0.3039549 0.0009207942 0.0004322813 0.000973767 0.001158125 0.001506106 0.00198077 1.204288 2.822469 0.4884271 0.005095119 0.003867024 0.001683063 0.004497606 0.007951798 0.005429531 0.006011825 0.004683751 0.002504778 0.007790991 0.009162726 0.009225584
75 0.01593068 0.01571381 0.08710948 0.09538337 0.1563522 0.1497364 0.1043092 0.1019596 0.1399954 0.1491087 0.3133067 0.3180958 0.2334053 0.2409269 0.1583773 0.08887259 0.1930313 0.35584 0.1842929 0.2444676 0.1730916 0.04776125 0.1813699 0.000823991 0.0003770867 0.0009978778 0.0009458575 0.00144668 0.001743162 0.6578837 1.344508 0.5017816 0.005323297 0.003904264 0.001756674 0.004582509 0.008300671 0.005733183 0.006653402 0.004969493 0.002633581 0.007866189 0.01015442 0.009606902
76 0.01583799 0.01571522 0.08558985 0.09904367 0.1758501 0.1825673 0.1278073 0.1327085 0.1558605 0.1659391 0.3635973 0.3800268 0.2493036 0.2651104 0.1320387 0.06987612 0.2015301 0.3837882 0.4007843 0.6385752 0.2118946 0.1475087 0.2764024 0.0009179167 0.0004985041 0.001013131 0.001131405 0.001474782 0.002075961 0.7681957 1.969307 0.4916886 0.005541445 0.003918256 0.00175089 0.004072358 0.008618428 0.005341201 0.007123613 0.004766912 0.002769911 0.007224487 0.0107791 0.009323391
77 0.01591053 0.01572221 0.09348975 0.1070629 0.1837763 0.1588613 0.1292675 0.132784 0.1432253 0.156006 0.3364046 0.3310296 0.2383875 0.2352853 0.1449389 0.09558562 0.177688 0.84279 0.4303621 0.271522 0.2783581 0.1456654 0.3048961 0.0008477648 0.0004531048 0.0009674035 0.001073378 0.001510415 0.001913499 1.061305 1.900708 0.5500147 0.005113538 0.003830768 0.001732142 0.004645066 0.007948449 0.005717958 0.006581021 0.005202507 0.002774838 0.008330339 0.01013984 0.009966871
78 0.01591926 0.01572179 0.06760845 0.09888932 0.1686563 0.1610807 0.1132883 0.1097036 0.1418155 0.154456 0.3056488 0.3104308 0.2382634 0.2469515 0.07783209 0.0370609 0.2213163 0.3811814 0.1941082 0.4288122 0.2283629 0.1002216 0.1937816 0.0008178363 0.0004091248 0.00103515 0.0009855372 0.001440522 0.001771235 0.7319126 2.232578 0.5159316 0.005137881 0.00365455 0.001722358 0.004347555 0.007955521 0.005506523 0.006797975 0.004547449 0.002696813 0.007400417 0.01030303 0.009424895
79 0.01596574 0.01571374 0.09776641 0.1073773 0.1636477 0.1669795 0.1190815 0.1231016 0.1523853 0.1744488 0.3129805 0.3151039 0.2505202 0.2443535 0.1459666 0.1448642 0.2086374 0.5785085 0.2816146 0.3481244 0.2715513 0.1038576 0.2113017 0.0008285211 0.000364003 0.0007655974 0.0009462852 0.001426236 0.002000691 0.816146 2.019656 0.5705644 0.00538127 0.00386941 0.001790363 0.004474594 0.008349095 0.005684276 0.006851677 0.005359945 0.002685156 0.008124522 0.01056562 0.009600292
80 0.01584508 0.01571505 0.09947322 0.1112224 0.1636802 0.1567027 0.136045 0.1357267 0.1644506 0.1725197 0.3411738 0.362128 0.2822396 0.2854161 0.2060881 0.1451654 0.2516087 0.3236766 0.1504183 0.3289889 0.2886949 0.1637105 0.2888393 0.0008882171 0.0004222577 0.0009669798 0.001008967 0.001530664 0.001959433 1.482525 1.987277 0.4639051 0.005644852 0.004037135 0.001835926 0.004502384 0.00874195 0.005759514 0.007285965 0.00541082 0.002775468 0.007804968 0.01119688 0.009495929
81 0.01578599 0.0157156 0.07191521 0.07703658 0.1595851 0.1535525 0.1151469 0.1062818 0.1525646 0.1566425 0.3333166 0.3191534 0.2464381 0.2564261 0.09941268 0.02412208 0.1249157 0.4141046 0.2576335 0.3865026 0.2842758 0.06454548 0.1664611 0.0008601612 0.0004256468 0.000992407 0.0009557319 0.001407559 0.001830885 1.201579 1.68198 0.4719746 0.00537381 0.003998519 0.001697568 0.004354296 0.008369166 0.005395892 0.00666246 0.004900689 0.002600683 0.0078415 0.01006436 0.009634384
82 0.01595025 0.01572901 0.09191366 0.09970381 0.1470811 0.1404169 0.1172061 0.1195009 0.1474402 0.1691583 0.3317245 0.3271901 0.2546501 0.2521458 0.1192954 0.0628234 0.1398703 0.333238 0.1026017 0.2019358 0.2746752 0.1477168 0.2254897 0.0007312066 0.0004155293 0.000904166 0.001020553 0.001427077 0.001750024 0.6897569 1.724675 0.4802236 0.005475286 0.003982852 0.001768624 0.004450667 0.008518414 0.005603927 0.006290329 0.004957294 0.002502844 0.007473213 0.009592377 0.008852885
83 0.01593868 0.01572846 0.07563604 0.09733861 0.173507 0.1661242 0.1136699 0.1156126 0.1440691 0.1551884 0.2974765 0.297697 0.2473712 0.2337995 0.09881932 0.06771629 0.2232693 0.5074799 0.3661931 0.5288662 0.2144848 0.1550851 0.3170176 0.0007994267 0.0003925545 0.0009977802 0.001020622 0.001402061 0.001896078 0.7018354 1.338035 0.4910259 0.00512616 0.003880587 0.001772365 0.004784883 0.008001464 0.005828141 0.006596349 0.004907081 0.002776428 0.008268759 0.01007232 0.01005653
84 0.01586254 0.01570952 0.07360832 0.08490703 0.1668067 0.1605532 0.1429778 0.1425643 0.1451639 0.1536888 0.3217716 0.3129545 0.2593998 0.2688465 0.08765567 0.0369063 0.1791142 0.6016002 0.3721489 0.3654429 0.3069035 0.1444638 0.2694154 0.0008678281 0.0004070974 0.0009412049 0.001007408 0.001507595 0.001668692 0.7608192 2.666498 0.6334713 0.00535253 0.003953748 0.001730748 0.004519436 0.008302653 0.005629232 0.007034537 0.004979912 0.002797827 0.007950934 0.01060291 0.00983987
85 0.01583449 0.01571389 0.08675245 0.1081903 0.1630656 0.1485099 0.1231345 0.143482 0.1405397 0.1631552 0.3186894 0.2955206 0.2359319 0.2475254 0.1164161 0.09757782 0.2101001 0.5795861 0.2817598 0.3785185 0.2666667 0.2354757 0.3685649 0.0008881571 0.0004197356 0.0009332485 0.001027287 0.001431843 0.0020081 0.9418008 2.362226 0.450777 0.00507129 0.003742075 0.00172872 0.004579272 0.007909663 0.005678596 0.006844923 0.005059911 0.002820823 0.008159475 0.01047247 0.009956243
86 0.01591989 0.0157184 0.0904134 0.1058933 0.1680284 0.1544244 0.1297742 0.1314251 0.1463037 0.1520172 0.3011372 0.2905684 0.2000492 0.2181883 0.1142323 0.08777823 0.1772705 0.4773252 0.2429923 0.3186786 0.2150706 0.1200961 0.1963025 0.0007343245 0.0003746597 0.0009451016 0.000984701 0.0012685 0.001786363 0.7898274 2.285111 0.4795381 0.005143398 0.003730019 0.001718285 0.004387039 0.008010636 0.005524597 0.006639921 0.00492601 0.002649985 0.007599558 0.01012588 0.009326344
87 0.01589921 0.01571821 0.09105578 0.09763062 0.1635422 0.1590776 0.120037 0.1148519 0.1280348 0.1472736 0.3144266 0.3208049 0.2351407 0.2341099 0.1600191 0.08187626 0.2186779 0.2890903 0.1782445 0.2689543 0.2511214 0.09255651 0.1981943 0.0009081763 0.0003909542 0.0009851052 0.001017135 0.001367498 0.001975217 1.04106 1.420255 0.4200011 0.004981244 0.003608464 0.001703648 0.004167526 0.007775566 0.005289823 0.006659068 0.005041566 0.002768816 0.007824192 0.01024934 0.009505678
88 0.01582401 0.01571488 0.0859538 0.09297038 0.1645615 0.1601722 0.1259115 0.1215936 0.1449213 0.1555519 0.3113021 0.3141971 0.2516685 0.2633437 0.1675933 0.05663093 0.189071 0.3595381 0.2087937 0.3555569 0.3077424 0.1377503 0.2457875 0.0009624649 0.0004421918 0.0009397381 0.001140247 0.0014869 0.00210664 1.15124 1.511904 0.47274 0.005263251 0.003830483 0.001754629 0.004479688 0.008187879 0.005592408 0.006558654 0.004777497 0.002595681 0.007450171 0.01003543 0.009074756
89 0.01587808 0.01572938 0.08027913 0.09331177 0.1897001 0.1815089 0.1230108 0.1302874 0.1505789 0.1474639 0.3442798 0.3398238 0.2640518 0.2717081 0.1249908 0.07871973 0.2206876 0.4493833 0.3182315 0.488717 0.2184758 0.1342611 0.2616192 0.0008288919 0.0003614501 0.0009986087 0.0009380817 0.001315241 0.001693691 0.6695017 1.385187 0.4809253 0.005261808 0.003939566 0.001699911 0.004107497 0.008232517 0.005079757 0.007039275 0.004989868 0.002670897 0.00720703 0.01081421 0.009076908
90 0.01585953 0.01571543 0.0728685 0.08134213 0.1377325 0.13795 0.1126779 0.1112458 0.1391331 0.1538949 0.2908069 0.2881273 0.2104089 0.2198779 0.1041489 0.03332692 0.1497025 0.2605061 0.09681883 0.2658495 0.194812 0.09023033 0.1766218 0.0008661882 0.0004045303 0.001045445 0.0009561663 0.001410286 0.001854426 0.8945181 1.308513 0.4355412 0.005112447 0.003661669 0.001726053 0.004329462 0.007920531 0.005504584 0.006132877 0.004395499 0.00266276 0.007597468 0.009255123 0.009399444
91 0.01582981 0.01571368 0.08771582 0.09264547 0.1581843 0.1562226 0.1291758 0.1401836 0.1453159 0.1439736 0.2661271 0.2754741 0.2460075 0.2468246 0.1365379 0.07655421 0.1568282 0.4940762 0.2788044 0.3015802 0.2915854 0.2049114 0.3341547 0.0008751531 0.0004143326 0.0009358282 0.001038747 0.00136079 0.001943761 1.216094 2.194647 0.5181934 0.005072366 0.003634102 0.001678716 0.004121684 0.007834821 0.005211362 0.006638861 0.004976295 0.002604835 0.00791629 0.01007653 0.009507472
92 0.01581898 0.0157137 0.09398702 0.09373386 0.1714812 0.1799759 0.1447561 0.15431 0.1577893 0.1452083 0.3441132 0.3585137 0.2536531 0.2542977 0.1519639 0.09956301 0.1523404 0.495186 0.3052927 0.4034439 0.2930604 0.2895008 0.4947595 0.0008977829 0.0004413019 0.0009761836 0.001067074 0.001373236 0.001979424 0.7018178 2.647168 0.301122 0.00529456 0.003920065 0.00169928 0.004294545 0.008241444 0.005347118 0.006925186 0.00519586 0.002634172 0.00751493 0.01057061 0.009240606
93 0.01580885 0.0157142 0.08246515 0.08807543 0.1704287 0.1524128 0.1279673 0.1216551 0.1322541 0.133828 0.3125731 0.2929899 0.2389017 0.2359159 0.1275786 0.06832373 0.1371588 0.5009456 0.2264024 0.3412754 0.3402409 0.2139675 0.26637 0.0007331606 0.0003883389 0.0008535053 0.0009998986 0.001287974 0.001713812 0.79834 1.894682 0.4810177 0.004965805 0.003837544 0.001649593 0.004394132 0.007748096 0.005217387 0.006453149 0.005056812 0.002590823 0.007621776 0.009916018 0.009049617
94 0.01596598 0.015722 0.08992796 0.1039376 0.1728752 0.1719816 0.1202007 0.1149907 0.1411941 0.1497311 0.3083171 0.297673 0.2277913 0.2278135 0.1378564 0.1065532 0.2537213 0.4504172 0.3438802 0.5888569 0.2269308 0.1480865 0.2694508 0.0009202217 0.0004339034 0.001002871 0.001049327 0.001367492 0.002003655 0.7916115 1.894192 0.3871556 0.004972002 0.003720255 0.001725159 0.004867025 0.007676003 0.005901123 0.007173744 0.005359599 0.002898075 0.008871008 0.01085764 0.01072773
95 0.01576128 0.01571367 0.07903511 0.08605771 0.1335681 0.1454842 0.1137837 0.1259187 0.1476141 0.1410848 0.3122535 0.3280535 0.2389419 0.229859 0.1044306 0.05790351 0.166808 0.2674088 0.1311683 0.3903222 0.154866 0.1495835 0.3592787 0.0008912113 0.0004080383 0.0009680578 0.001091479 0.001382735 0.001789838 1.493478 1.566457 0.4471936 0.005344146 0.003905811 0.001737755 0.004256419 0.008294729 0.005408128 0.006472137 0.004913618 0.002636435 0.007700084 0.009826859 0.009356562
96 0.01584877 0.01571472 0.08286059 0.09629705 0.1524225 0.1430037 0.135921 0.1364417 0.1540496 0.1425531 0.3181723 0.3111004 0.2733808 0.2741135 0.1500193 0.08976284 0.1715345 0.4875116 0.1260394 0.2692982 0.3105117 0.2001311 0.2774419 0.000887416 0.0003696212 0.0009182825 0.001038736 0.001362221 0.001800174 1.053971 1.737226 0.428767 0.005212786 0.003932273 0.001708962 0.0044548 0.008078504 0.005409341 0.006440049 0.004883037 0.002512736 0.007321708 0.009748963 0.008874492
97 0.01584968 0.01571483 0.08724727 0.09813396 0.1729401 0.1530816 0.1255253 0.1310903 0.1590779 0.1741678 0.3379032 0.3250481 0.2485089 0.2640197 0.09078603 0.07083948 0.1568671 0.475245 0.2622951 0.3155291 0.2358626 0.1933577 0.3013815 0.0009923033 0.0004466947 0.0009485589 0.001053795 0.001518672 0.002048788 0.8614225 2.937878 0.5849605 0.005309738 0.003881681 0.001675796 0.004040882 0.008282503 0.00510033 0.006822581 0.005111464 0.002639292 0.007792659 0.01041425 0.009364922
98 0.01587142 0.01571483 0.08426757 0.09224955 0.1663398 0.1683232 0.1204096 0.1172462 0.1495479 0.171104 0.3076514 0.329878 0.2545885 0.2386124 0.1025399 0.06390653 0.1782329 0.5135709 0.315525 0.4409583 0.1936014 0.098257 0.2121821 0.0008369383 0.000417999 0.0009751736 0.001001787 0.001544427 0.001872242 0.8758516 2.122701 0.4618171 0.005438971 0.003878558 0.001818584 0.004478214 0.008416266 0.005712604 0.006582191 0.005075162 0.002645787 0.007936076 0.009931324 0.009424725
99 0.0158355 0.0157151 0.08733269 0.09583997 0.1641854 0.1467672 0.1148303 0.1108243 0.1363109 0.1392327 0.3346294 0.3054322 0.2259972 0.2342729 0.1425207 0.106294 0.2167482 0.4042391 0.1541874 0.3114465 0.2223676 0.09185379 0.2234904 0.0007777353 0.0003841727 0.0009057783 0.001086708 0.001374815 0.001993575 0.838853 1.885676 0.6909804 0.005021386 0.003900013 0.001650156 0.004384573 0.007836087 0.005179565 0.00671812 0.004957323 0.002726985 0.007710985 0.01021652 0.009422672
100 0.01587565 0.01572851 0.08307934 0.09597073 0.1635548 0.1538964 0.1291995 0.143835 0.1693746 0.1807944 0.3262472 0.3122704 0.2322033 0.2578804 0.09633964 0.04253854 0.1878399 0.4173324 0.1779 0.3188642 0.2090728 0.1468562 0.3877233 0.0008090093 0.0003998494 0.0009789469 0.001012677 0.001374102 0.001931043 0.6079124 1.390765 0.5191419 0.005432252 0.003953841 0.001797528 0.004611899 0.008431524 0.005780638 0.006913996 0.004814346 0.002798708 0.007907996 0.01038769 0.009931866
