1 0.01121787 0.011109 0.05766811 0.06105153 0.1091006 0.1048489 0.0967026 0.09678307 0.1030564 0.1024171 0.2248308 0.2232921 0.1675654 0.1704514 0.1009328 0.04314927 0.1239569 0.2868059 0.116914 0.1951385 0.2238771 0.1374612 0.198705 0.0006053706 0.0002873711 0.0006838603 0.0007336388 0.0009985883 0.001253778 0.6096748 1.699251 0.305782 0.003693827 0.002738935 0.001210569 0.003200045 0.00572943 0.00391467 0.004734535 0.00355244 0.001905114 0.00582416 0.007166764 0.007017012
2 0.01119594 0.01111825 0.05553411 0.06430638 0.1101189 0.107843 0.08574296 0.08440303 0.1135629 0.1165103 0.2175637 0.221312 0.1765942 0.1768351 0.07336303 0.034064 0.1089014 0.2463699 0.1045268 0.189845 0.1245473 0.06503855 0.1729431 0.0006052099 0.0002916758 0.000679808 0.0007290959 0.0009998947 0.001350429 0.6831408 1.377617 0.3722048 0.003808204 0.002787814 0.001235642 0.003091918 0.005908571 0.003871194 0.004602829 0.003412336 0.001846902 0.005420539 0.006986668 0.006624085
3 0.01120969 0.01112085 0.05941436 0.07163892 0.1097708 0.09685842 0.09993776 0.09509964 0.1038964 0.1115338 0.2318579 0.2246375 0.1779616 0.177893 0.08728444 0.0553773 0.1242777 0.3185278 0.1036093 0.2248522 0.2496689 0.1334482 0.1711656 0.0005873348 0.0003238557 0.0006787802 0.0007339006 0.0009696289 0.001428329 0.5393577 1.092162 0.3945462 0.003722298 0.002778326 0.001224951 0.003128882 0.005796662 0.003859176 0.004699522 0.003546867 0.001863844 0.005401668 0.007204775 0.006556901
4 0.01122826 0.01111449 0.06270604 0.06639469 0.1126182 0.1090876 0.08962098 0.08789923 0.1061395 0.1179565 0.2217965 0.227039 0.1758487 0.1810107 0.09841468 0.0499361 0.1182885 0.2437219 0.1258061 0.2099487 0.168706 0.07498886 0.1638479 0.000569879 0.0002874172 0.0006856115 0.000670104 0.0009529655 0.001379137 0.6648631 1.083072 0.3356329 0.003829561 0.002739954 0.001260186 0.003107125 0.005926539 0.003979823 0.004839154 0.003534971 0.001896971 0.005435641 0.007339882 0.006736262
5 0.01123009 0.01111123 0.05924943 0.0664907 0.1065902 0.1061082 0.0899835 0.09458103 0.1051376 0.112846 0.2374326 0.2357929 0.1686144 0.1797169 0.08798195 0.04429659 0.1153855 0.2329252 0.1010334 0.2169844 0.1741982 0.09876651 0.1598231 0.0005989439 0.0002739118 0.0006248714 0.0006957199 0.0009743908 0.001257384 0.5218568 1.163253 0.3264674 0.003781533 0.002720238 0.001234556 0.003040851 0.005883105 0.003881413 0.00469178 0.003379259 0.00187041 0.005323179 0.00714 0.006611123
6 0.01124998 0.01111422 0.06440861 0.07170983 0.1101879 0.1016884 0.09049574 0.0863349 0.1016833 0.1105862 0.2261236 0.2162714 0.1665692 0.1739499 0.1197955 0.05836553 0.1363755 0.3203539 0.1277385 0.2369409 0.2030124 0.1106562 0.1933894 0.0006711145 0.0003096641 0.0007052071 0.0007469562 0.001070773 0.001399141 0.5700665 0.914856 0.3104882 0.003697389 0.002742707 0.001254874 0.003265525 0.005733592 0.00405152 0.004813902 0.00355774 0.001986127 0.0058742 0.007287799 0.007197076
7 0.01125766 0.01111205 0.06199987 0.0747034 0.1225593 0.115532 0.08952257 0.08624055 0.1008966 0.1119484 0.2322611 0.2308804 0.1817366 0.1749735 0.09206182 0.06520635 0.1588091 0.3922144 0.1810855 0.2845938 0.2012731 0.1159763 0.1666708 0.0005850564 0.0002793037 0.0007079352 0.0006938518 0.001019666 0.001340628 0.5469853 1.214188 0.377351 0.003805162 0.002772139 0.001265182 0.003258097 0.005892414 0.00405014 0.004825804 0.003698424 0.001905701 0.005645354 0.007402605 0.006753815
8 0.01128065 0.01112832 0.05849449 0.06886386 0.1190987 0.1056695 0.09544899 0.0967923 0.1046307 0.1147755 0.2287633 0.2234161 0.1799779 0.1891226 0.08650609 0.0585575 0.1414614 0.3356273 0.1733303 0.2157087 0.2109518 0.1449038 0.1908571 0.0005899164 0.0002913085 0.0007132501 0.0007266204 0.00100049 0.001394294 0.558568 1.321062 0.3135787 0.003862848 0.002810014 0.001277773 0.003228123 0.005983705 0.004052783 0.004984455 0.003621928 0.001976083 0.005620704 0.007570603 0.006949095
9 0.01119779 0.01111361 0.06580512 0.07091862 0.09963742 0.1017981 0.0839441 0.08811067 0.1012942 0.1134016 0.2303237 0.2330329 0.1731344 0.1712519 0.09897211 0.06460693 0.1523169 0.2488453 0.09225328 0.2412877 0.1624417 0.1114028 0.1807614 0.00057029 0.0002694147 0.0006462521 0.000710954 0.0009786426 0.001259964 0.734102 0.9005736 0.3512171 0.003783221 0.002731475 0.001252463 0.003001748 0.005919306 0.003813486 0.004706988 0.003546335 0.001924443 0.005468531 0.007255042 0.006599358
10 0.01126186 0.01111758 0.069191 0.07401 0.1077533 0.1055433 0.09831559 0.09342035 0.103467 0.1111422 0.245628 0.2362308 0.1655383 0.1675848 0.1377896 0.08041524 0.1210935 0.2230784 0.09744684 0.2041611 0.1700451 0.1051514 0.1690449 0.0006102504 0.000300575 0.000693383 0.0007201986 0.001098729 0.001341485 0.5955075 0.9902292 0.2985996 0.003823714 0.002832562 0.001260149 0.003214209 0.005943404 0.003991805 0.004794595 0.003724594 0.001938895 0.005873194 0.00727935 0.006996046
11 0.01128754 0.01110978 0.05699579 0.0643662 0.1091469 0.1009512 0.08931806 0.09433217 0.1102118 0.1254551 0.2431826 0.2394121 0.1768038 0.1766005 0.08495142 0.03236687 0.1259615 0.2484751 0.07999009 0.1751512 0.1472341 0.07416772 0.1920602 0.0006230388 0.0002913177 0.0006686884 0.0007067069 0.0009851651 0.00131506 0.5132657 1.106336 0.2635612 0.003835126 0.002806666 0.001255871 0.003163815 0.005967059 0.003942633 0.004570694 0.003449789 0.001893846 0.005610148 0.00695495 0.006743882
12 0.0111321 0.01111971 0.05989207 0.06776369 0.1094085 0.1023247 0.08861404 0.08632992 0.09865921 0.1038787 0.2336052 0.2372471 0.1748824 0.1684217 0.08596562 0.05672963 0.1279684 0.2191308 0.09788011 0.1828404 0.1818287 0.102777 0.1999774 0.0005955416 0.0002884138 0.000640954 0.0006953605 0.0009891233 0.001332327 0.9711386 1.689529 0.2539241 0.003716966 0.002762916 0.001226881 0.003179682 0.005799269 0.003925746 0.004668283 0.003652124 0.001885021 0.005753626 0.007190524 0.006816973
13 0.01124442 0.0111115 0.06018204 0.06063386 0.1258132 0.116819 0.09242301 0.09947995 0.1033842 0.1066673 0.2273232 0.2131315 0.1674859 0.1685748 0.09511865 0.03346181 0.09921394 0.3646784 0.1776713 0.2854266 0.1524032 0.1292498 0.2510255 0.0006467977 0.0003012962 0.000709934 0.000775181 0.001006023 0.001407829 0.5260629 1.43338 0.2909258 0.003568444 0.002744109 0.001185793 0.003212375 0.005549231 0.003818907 0.004600314 0.003612473 0.001900764 0.005833362 0.007010791 0.006909032
14 0.01119519 0.01111149 0.06482029 0.06949191 0.1050737 0.1018847 0.09830357 0.1052892 0.1073124 0.1064864 0.2215079 0.2210736 0.1704171 0.1734631 0.1031771 0.05948597 0.1241017 0.2487428 0.07722827 0.2188364 0.2043046 0.1303096 0.2246816 0.000623312 0.0002805792 0.0006539501 0.0007195851 0.001031465 0.001272241 0.5707833 1.037399 0.2293083 0.003727589 0.002779714 0.001246086 0.003210003 0.005794625 0.003964599 0.004737363 0.003541639 0.001917549 0.005511385 0.007248423 0.006769107
15 0.01120378 0.01111191 0.05939616 0.06984204 0.1170938 0.1129058 0.08849795 0.0891265 0.1050643 0.1134282 0.2386189 0.2273631 0.1739031 0.1765471 0.08021679 0.06417485 0.1547037 0.3121917 0.1587993 0.2795836 0.1990085 0.1161633 0.1463424 0.000591588 0.0002969977 0.0007308068 0.0007666514 0.001012008 0.001401158 0.7391955 0.9931679 0.2915945 0.003684135 0.002731793 0.001211523 0.003111026 0.005736617 0.003860377 0.004879015 0.003551703 0.001913366 0.005424027 0.007464887 0.006728788
16 0.01124519 0.01111298 0.06129325 0.07003746 0.1246386 0.122045 0.09437869 0.09271352 0.1049076 0.1151923 0.2473289 0.2442226 0.1852662 0.1876189 0.08281315 0.05259119 0.1424023 0.3695528 0.2081479 0.2927573 0.2394765 0.1568372 0.2352843 0.0006065641 0.0003088049 0.0007232856 0.000740488 0.0009832934 0.001422934 0.5076514 1.034512 0.3697651 0.003838588 0.002832121 0.001271652 0.003287038 0.005980891 0.004066334 0.005029102 0.003614923 0.00196908 0.005583188 0.007659638 0.006907727
17 0.0112037 0.01111393 0.06002893 0.06707982 0.09666263 0.09063301 0.1005736 0.09452833 0.1043667 0.106191 0.2252258 0.2205142 0.1795144 0.1730635 0.08558338 0.04723929 0.1181234 0.205953 0.07437484 0.1908923 0.2424463 0.1376027 0.1924776 0.0005574144 0.0002963429 0.0007466181 0.0007310043 0.0009266053 0.001344332 0.6154149 0.9809988 0.2436821 0.003711111 0.002794497 0.001205608 0.003183269 0.005778421 0.003874892 0.004604294 0.003680582 0.001812305 0.005591896 0.007065134 0.00658488
18 0.01122298 0.01111881 0.05801726 0.06658965 0.1115378 0.1125761 0.09874829 0.09932383 0.1096216 0.1159458 0.2255235 0.2246578 0.1707801 0.1703213 0.07900101 0.03316337 0.1324734 0.2179888 0.117855 0.2529198 0.1878779 0.1126493 0.2006686 0.0005687886 0.0002649152 0.0006391669 0.0006413692 0.0009551203 0.001295467 0.7209324 1.094176 0.2974991 0.003827482 0.002819654 0.001266057 0.003234805 0.005973288 0.004069142 0.00469431 0.003420559 0.001968943 0.005806393 0.007167918 0.007149338
19 0.01124237 0.01111134 0.06078188 0.06884085 0.1144 0.1167551 0.0905253 0.09214026 0.1110566 0.1220033 0.241807 0.2325858 0.1751604 0.1772193 0.1031398 0.0480892 0.1508023 0.2487059 0.1504672 0.3275625 0.1675197 0.1076256 0.2135083 0.0006085264 0.0002914645 0.0006708662 0.0007159595 0.001022485 0.001341428 0.6316771 1.273338 0.2666658 0.00383535 0.002847729 0.001250641 0.003201421 0.005977075 0.003970664 0.004771781 0.003521845 0.001902115 0.005551059 0.007276556 0.006819144
20 0.01121792 0.01111353 0.06543065 0.07429918 0.1089946 0.1076164 0.1000825 0.09702786 0.1040566 0.1150872 0.2265086 0.225348 0.1765936 0.180237 0.1107384 0.06248981 0.1402213 0.2048614 0.1055794 0.224172 0.2251736 0.1283772 0.2017554 0.0006310117 0.0003128133 0.0007106702 0.0007346309 0.001000771 0.00139993 0.6063076 1.146767 0.2694145 0.003838574 0.00280258 0.001299843 0.003362417 0.005928291 0.004203355 0.004883317 0.003662981 0.001962991 0.005678518 0.007406614 0.006929099
21 0.01126149 0.01111225 0.05931775 0.06643361 0.1141037 0.1100483 0.08779034 0.08763769 0.1002616 0.1126432 0.2185166 0.2160172 0.1688272 0.1609052 0.09380169 0.04609802 0.1344944 0.2163922 0.1113014 0.2087738 0.16965 0.058643 0.1656062 0.0006081848 0.0002984171 0.0007665735 0.0007281598 0.001079244 0.001275158 0.6203199 1.524869 0.3367707 0.003644805 0.00270818 0.00122351 0.003229205 0.005670027 0.003986892 0.004588736 0.003530765 0.001880066 0.005841388 0.006955579 0.007010918
22 0.01126031 0.01111136 0.05690701 0.0636572 0.1089339 0.1125498 0.0915295 0.09556717 0.1038942 0.1187321 0.2279504 0.2261049 0.1688255 0.170652 0.09336496 0.03523531 0.1292569 0.224237 0.1724951 0.3205845 0.2088791 0.1374172 0.2423055 0.0005719705 0.0002905435 0.0006798318 0.0007043902 0.001023781 0.001311004 0.690395 1.124876 0.3255003 0.003827709 0.002783619 0.001266932 0.003176935 0.005927828 0.003974469 0.004900542 0.003492103 0.002005594 0.005685898 0.007414384 0.007017098
23 0.01121248 0.01111201 0.05521804 0.06606515 0.1064366 0.1032587 0.09191207 0.09578313 0.1003356 0.1096623 0.2316002 0.2319602 0.1741603 0.1697345 0.0680204 0.03429337 0.1239114 0.2790888 0.09315325 0.2656935 0.1400685 0.1445634 0.2743002 0.0006174588 0.0002831334 0.0006485182 0.0007216196 0.0009591669 0.001313841 0.7362757 1.075096 0.2982851 0.003702514 0.002732251 0.001239883 0.003198062 0.005744754 0.003979607 0.004696267 0.003491145 0.001947052 0.005810227 0.007091634 0.007068156
24 0.01123851 0.01111338 0.05717981 0.07096451 0.1078693 0.1052444 0.09464508 0.09415609 0.1156769 0.1185634 0.2344917 0.2286517 0.1709045 0.1706733 0.07514208 0.04434317 0.1186354 0.2047317 0.09386848 0.1701954 0.2206507 0.1191412 0.2130734 0.0006222238 0.0003107855 0.0006777783 0.0007311029 0.001008765 0.001359308 0.5686952 1.026231 0.2530312 0.003795708 0.002827541 0.001250244 0.003289095 0.005898095 0.004046795 0.004653577 0.003470116 0.001899095 0.005711305 0.007062331 0.006909619
25 0.01123858 0.01111332 0.05604692 0.06776017 0.1023854 0.1010565 0.09218038 0.09422445 0.1056235 0.112865 0.2285338 0.2267266 0.1862999 0.1795725 0.11347 0.0449355 0.1445203 0.2587416 0.1005763 0.2017622 0.2112674 0.1180524 0.1937388 0.0005800071 0.0002799374 0.0006851089 0.0006981135 0.0009237315 0.001389887 0.4832238 0.7808638 0.3692406 0.00383507 0.002823878 0.001247986 0.003115842 0.005986258 0.003887993 0.004649069 0.003518963 0.001872785 0.005424266 0.007097987 0.006537674
26 0.01121015 0.01112275 0.06234401 0.06461691 0.1245084 0.1150898 0.08723233 0.08832839 0.1086324 0.1104687 0.2252018 0.2204978 0.1754832 0.1797661 0.1029409 0.04666785 0.1276341 0.293971 0.1411307 0.2557252 0.1543286 0.09004986 0.1951085 0.0006148741 0.0002921442 0.0006337336 0.0006984606 0.0009892729 0.001370918 0.5986121 1.006087 0.3042848 0.003762585 0.002790712 0.001229387 0.003067014 0.005832735 0.003801531 0.004725836 0.00351779 0.001862343 0.005284125 0.007176575 0.006492601
27 0.01126436 0.01111302 0.05902937 0.07070821 0.1040163 0.09889393 0.09600004 0.09461636 0.1067082 0.1206724 0.2350182 0.2212945 0.1787054 0.1817601 0.07586643 0.05127201 0.1451804 0.2359692 0.09176826 0.1919158 0.1912048 0.1009816 0.1760389 0.0006178176 0.0003180307 0.0006921407 0.0007478779 0.001016935 0.001459791 0.6198353 1.337955 0.4322082 0.003776747 0.002832477 0.001230644 0.003230094 0.005887994 0.003969087 0.00477332 0.00353856 0.001933698 0.005631618 0.007227977 0.00690017
28 0.01122817 0.01111136 0.05287478 0.06283661 0.1015363 0.1013436 0.08739934 0.09041547 0.118656 0.1247879 0.2274383 0.2317228 0.1779027 0.1787078 0.06565736 0.01896555 0.1299782 0.2789516 0.09556919 0.2296449 0.1505629 0.1189384 0.2546638 0.0006242194 0.0002866955 0.0007073309 0.0007069941 0.001012587 0.001398682 0.7092157 1.022117 0.2978834 0.003839531 0.002771217 0.001260711 0.003151642 0.005945962 0.003988003 0.004752547 0.003432639 0.001912228 0.005678294 0.00719573 0.006992195
29 0.01121303 0.01111288 0.05432648 0.05981656 0.1001542 0.09985314 0.08727343 0.08711108 0.1001399 0.1039617 0.2123602 0.2042827 0.1620244 0.1663139 0.07034494 0.03572078 0.1170661 0.2047119 0.09029087 0.2007716 0.1712859 0.09813128 0.1553461 0.0005484525 0.0002643585 0.0005951203 0.0006754364 0.0009445577 0.001278937 0.5937437 1.327995 0.3520346 0.003688895 0.002734637 0.001222475 0.003193403 0.005745453 0.003942078 0.004619668 0.003395728 0.001875171 0.005567131 0.006996448 0.00679155
30 0.01118525 0.01111609 0.05823728 0.0627737 0.0982793 0.09118525 0.0756229 0.0739243 0.09866389 0.107973 0.2173215 0.2219661 0.17993 0.1809081 0.07988243 0.04181232 0.1115644 0.2763418 0.07721311 0.2103253 0.1281215 0.04021209 0.1438392 0.0006101216 0.0002716882 0.0006394376 0.0007028785 0.0009246951 0.001353707 0.5747074 0.9482159 0.4206213 0.003747951 0.002716854 0.001233458 0.003134672 0.005828874 0.003950047 0.004675141 0.003510147 0.001855185 0.005517883 0.007137142 0.006661376
31 0.01119516 0.01111824 0.06291574 0.07276264 0.1212298 0.1223091 0.09302087 0.08655703 0.1019061 0.1063979 0.2346551 0.2344036 0.1772055 0.1729625 0.08998349 0.06855762 0.1657442 0.2544486 0.1808081 0.3173486 0.1983016 0.09534254 0.1596867 0.000657517 0.0003117121 0.000685685 0.0007733131 0.001025841 0.001508108 0.7748724 1.683805 0.2916371 0.003722949 0.002729588 0.001236331 0.003204351 0.005752747 0.003986841 0.004915335 0.003642058 0.001913764 0.005548365 0.007466103 0.006729568
32 0.01128048 0.01111811 0.06159821 0.06631785 0.1005746 0.09833827 0.09311035 0.09417404 0.1076069 0.1121267 0.2268689 0.2311268 0.1809364 0.1795974 0.08897523 0.04990792 0.1197399 0.3115929 0.09142523 0.2035544 0.2175605 0.1450924 0.2038183 0.0005786372 0.0002754935 0.0006705673 0.0006970812 0.0009355211 0.001289281 0.4481768 1.007584 0.3137992 0.003844465 0.002782323 0.001284834 0.003211304 0.005966346 0.004025792 0.004760454 0.003602663 0.001930006 0.005682289 0.007238412 0.006834354
33 0.01121812 0.01111331 0.06086294 0.06831592 0.1210797 0.1123464 0.07697213 0.07720707 0.09421399 0.1004843 0.2440426 0.2452797 0.1705923 0.1656406 0.08260469 0.04940024 0.1219216 0.3084186 0.1496277 0.191245 0.1254239 0.06332985 0.1375621 0.0006141412 0.0002799099 0.0006289946 0.000683952 0.0009794521 0.001282732 0.5806446 1.283683 0.3092731 0.00376618 0.002799383 0.001233739 0.003195209 0.005857379 0.003937376 0.004772671 0.003674034 0.001864255 0.005577681 0.007285975 0.006686045
34 0.0112014 0.01111161 0.06274807 0.06539373 0.1205886 0.1155871 0.08919255 0.09093481 0.1061369 0.109622 0.2371942 0.2359391 0.1740306 0.1746641 0.09573069 0.05119295 0.1155759 0.2672543 0.1744005 0.2606266 0.2168494 0.1280886 0.183674 0.0006021062 0.0002916685 0.0006725401 0.0007058443 0.001026455 0.001391984 0.6067416 1.252794 0.3500189 0.00375858 0.002806137 0.001209052 0.003077936 0.005847391 0.003761493 0.004890632 0.003601077 0.0019327 0.005546306 0.007412154 0.006735923
35 0.01125841 0.01111366 0.0606139 0.06519935 0.1098635 0.1044274 0.08045602 0.08039758 0.1035121 0.1082731 0.2116925 0.2124225 0.1780921 0.1782887 0.08415674 0.03838525 0.1230649 0.2730738 0.1416945 0.1638096 0.1503572 0.06074274 0.150972 0.000607333 0.0002870897 0.0007189691 0.0007460782 0.00104148 0.001424392 0.5544549 0.8946465 0.2532528 0.003754712 0.0027522 0.00123849 0.003153723 0.005842127 0.00395135 0.004640345 0.0035242 0.001819146 0.005517481 0.007023302 0.006635659
36 0.01121158 0.01111838 0.06303985 0.06590562 0.1095818 0.1117332 0.09916247 0.1008194 0.107532 0.1126738 0.2240932 0.2255399 0.1745679 0.1742299 0.09188951 0.04783575 0.1172623 0.2585093 0.1182163 0.2308237 0.1719784 0.1385184 0.2187228 0.0005928348 0.0002911123 0.0007056958 0.0007413802 0.0009988123 0.001417859 0.6892922 1.363022 0.2914479 0.003802598 0.002812274 0.001235817 0.003195506 0.005901555 0.003951197 0.004827308 0.003647633 0.001929518 0.00571792 0.007350657 0.006900232
37 0.01122984 0.01111244 0.05654484 0.06598624 0.1103485 0.1031328 0.09144863 0.08662006 0.1059031 0.1159254 0.2373222 0.2261622 0.1668684 0.175784 0.08689331 0.03400496 0.1260425 0.2723712 0.1129236 0.2357071 0.2104178 0.08926601 0.1495574 0.0006359146 0.0002696124 0.0006361014 0.000743469 0.0009697221 0.001397865 0.6212079 1.018368 0.3355251 0.003726399 0.002760333 0.001217277 0.003173992 0.005786672 0.003912131 0.00473652 0.003404473 0.001905 0.005561254 0.007170245 0.006839515
38 0.01119908 0.01111263 0.05944728 0.06701243 0.1166567 0.1048201 0.09958021 0.09614914 0.0919793 0.1016938 0.227491 0.2147836 0.1528031 0.1484758 0.1044622 0.06329287 0.1372113 0.3175089 0.1600185 0.2364609 0.2499924 0.1847232 0.2368094 0.0006020844 0.0002952513 0.0007230225 0.0007257866 0.0009948689 0.001351211 0.7409937 1.302225 0.3060327 0.00353975 0.002697825 0.00117201 0.003177968 0.00549133 0.00382619 0.004676452 0.003680878 0.001930925 0.005913581 0.007069831 0.007090502
39 0.01122533 0.01111237 0.0574536 0.06712184 0.1111274 0.1114435 0.09997911 0.09599145 0.1014574 0.1106612 0.2352258 0.2315509 0.1791204 0.1732791 0.07096882 0.05059714 0.1419943 0.278897 0.167255 0.2589988 0.2357309 0.1399136 0.1819593 0.0006809084 0.0002855968 0.0006879041 0.0007455463 0.001072803 0.001296497 0.6893447 1.371357 0.3491933 0.003788556 0.002805061 0.001237431 0.003234175 0.005879633 0.003972988 0.004920054 0.003681635 0.001927714 0.005703945 0.007434809 0.006913787
40 0.01122721 0.01111673 0.06229538 0.06847334 0.116885 0.1108817 0.09212843 0.08216181 0.1088984 0.116221 0.2311232 0.2124725 0.1785176 0.1733323 0.09681971 0.05009864 0.120393 0.3126479 0.1935256 0.2956782 0.1922304 0.1099698 0.1482443 0.0006492168 0.0002857259 0.0007270275 0.0007684515 0.001013609 0.001307107 0.6264419 1.16855 0.2892048 0.003696273 0.002864273 0.001215843 0.003298099 0.005765692 0.003887411 0.004695153 0.003753145 0.001921669 0.005961336 0.007172638 0.006985889
41 0.01123212 0.01111498 0.05556428 0.06565843 0.1131848 0.1097647 0.08675879 0.07987018 0.09946647 0.1137168 0.2291584 0.22841 0.1692788 0.1688334 0.0948139 0.03832572 0.1155455 0.2994226 0.163497 0.2275226 0.1556557 0.06851129 0.1719184 0.0006277464 0.0002810509 0.0006499275 0.0006941225 0.000966705 0.001372109 0.601387 1.437627 0.3459225 0.003789852 0.002714305 0.001242373 0.003049821 0.005874623 0.003889297 0.004582071 0.003438637 0.001883375 0.00547868 0.006964371 0.006642752
42 0.01122573 0.01111522 0.06082038 0.07098517 0.1105826 0.1040668 0.08552408 0.08911766 0.09993779 0.1030809 0.2103156 0.2121261 0.1577567 0.1659569 0.09191198 0.06954371 0.1698958 0.338896 0.1513887 0.2244802 0.1426597 0.08707019 0.1771699 0.0005764456 0.0002909992 0.0006783019 0.0007088117 0.0009576468 0.001263941 0.5800645 0.8407535 0.319809 0.003688117 0.002692905 0.001249131 0.003111936 0.005719906 0.003905282 0.004914806 0.003481516 0.002029588 0.005554625 0.007484557 0.006939398
43 0.01127089 0.01111154 0.06306987 0.0697889 0.1185595 0.1093521 0.08878863 0.09255753 0.09799161 0.1094437 0.2412323 0.235845 0.170463 0.1693977 0.08502019 0.05092415 0.1376426 0.3174146 0.1191292 0.2887904 0.1983373 0.09822318 0.1951312 0.0006203337 0.0002944184 0.0007209933 0.0007418384 0.001022438 0.001433529 0.7687907 1.442737 0.3012077 0.003799042 0.002824243 0.001262538 0.003315 0.005893657 0.004098284 0.004760994 0.003587339 0.002010934 0.00594775 0.00719723 0.007224778
44 0.01119289 0.01111161 0.06011265 0.06556798 0.1069979 0.1028243 0.07760008 0.07737277 0.1056732 0.1151398 0.2176001 0.2165641 0.1835446 0.1811438 0.09542468 0.0449547 0.1185642 0.2743065 0.1028897 0.229234 0.1501143 0.05156789 0.1504125 0.000564702 0.0002829221 0.0006481584 0.0006942652 0.0009813105 0.001304034 0.7794503 1.247336 0.3563034 0.003791037 0.002780265 0.001244044 0.003086215 0.005918208 0.003840832 0.004582301 0.003506678 0.001840631 0.005347328 0.007019261 0.006421035
45 0.01118708 0.01111249 0.06295141 0.07293929 0.1103976 0.115078 0.09515942 0.09045687 0.1196454 0.1196267 0.2166666 0.2166029 0.1812475 0.1842144 0.09019382 0.06852307 0.1630749 0.2402314 0.157544 0.2770631 0.2288255 0.1379998 0.1720804 0.0005811413 0.0002802609 0.0006974499 0.0007717252 0.0009987805 0.001374509 0.9204686 1.38548 0.379913 0.003835624 0.002829085 0.001232376 0.003169887 0.00597463 0.003945117 0.004907906 0.00355438 0.001921718 0.005426973 0.007498328 0.006759848
46 0.01123954 0.01111682 0.06008714 0.06626248 0.1215952 0.1122194 0.1040252 0.102109 0.1198775 0.1335977 0.2475649 0.2506022 0.1841009 0.1762225 0.09858371 0.03756099 0.1326784 0.3986297 0.1805642 0.251606 0.2544627 0.1779646 0.2571207 0.0006675265 0.0003213306 0.0007069315 0.0007446653 0.001097144 0.001477933 0.710168 1.686995 0.2759345 0.003953869 0.00288629 0.001284291 0.00315168 0.006143406 0.003992987 0.004624074 0.003630061 0.001858442 0.005576674 0.007026375 0.006635744
47 0.01120388 0.01111127 0.06108511 0.06542422 0.1264365 0.1270523 0.08658565 0.09026062 0.1000215 0.1066403 0.217874 0.2182956 0.1714129 0.1746892 0.09059322 0.05661081 0.1161559 0.3887495 0.2831718 0.4324569 0.1467195 0.1175118 0.1866579 0.0006090921 0.0002829343 0.0006445885 0.0006745783 0.000964919 0.001232264 0.6091188 1.542662 0.3033186 0.00371084 0.002706642 0.001233897 0.003113706 0.005749344 0.003880434 0.004901515 0.003625017 0.001887479 0.005449068 0.007466011 0.006685225
48 0.01121932 0.01111711 0.0636393 0.07247273 0.1171007 0.1153667 0.09726357 0.09784631 0.1163491 0.1123649 0.2219172 0.2313908 0.1804355 0.1851072 0.0949672 0.06339897 0.1344083 0.2639831 0.143383 0.2482238 0.1788896 0.113761 0.2088011 0.0006471376 0.0002822926 0.0006652453 0.0006990964 0.001028227 0.001278092 0.6408166 1.20767 0.3281833 0.003826616 0.002788787 0.001289481 0.003277198 0.005938645 0.004111355 0.004977394 0.003632707 0.001998823 0.005711223 0.007567594 0.007025256
49 0.01127393 0.01111244 0.05420599 0.06470107 0.1198267 0.1153017 0.09925639 0.09354214 0.1044898 0.1141087 0.247035 0.2486521 0.1791314 0.1726852 0.07730454 0.03729543 0.1266244 0.3220486 0.1692746 0.1976071 0.1976141 0.1364782 0.2120099 0.0005918252 0.0002981108 0.0006849058 0.0007175359 0.0009804135 0.001316745 0.4429068 1.71687 0.3487702 0.003823415 0.002797863 0.001259833 0.003229576 0.005937481 0.004029722 0.004694239 0.003545462 0.001878835 0.005558181 0.007164431 0.006726528
50 0.01122967 0.01111311 0.06070992 0.06818668 0.110089 0.1096705 0.09094976 0.08967864 0.1028937 0.119885 0.2440455 0.2393483 0.1750607 0.1715466 0.08660566 0.04977924 0.1400065 0.2767113 0.1067316 0.2532241 0.1706829 0.1121759 0.1749608 0.000571872 0.0002921387 0.000659354 0.0007059265 0.0009296268 0.001332804 0.6898452 1.37084 0.3347304 0.0038264 0.002790598 0.001251554 0.003093959 0.005950263 0.003893342 0.00460508 0.003514702 0.001845682 0.005418441 0.007063807 0.006520102
51 0.01120821 0.01111134 0.05367724 0.06207612 0.1055253 0.1064263 0.100615 0.1038994 0.1058948 0.1119642 0.2352564 0.2417961 0.1803522 0.1779795 0.06506289 0.02634992 0.09419374 0.2537921 0.09609166 0.2586959 0.1889557 0.1432254 0.2404224 0.0006034807 0.0002794171 0.0007253113 0.0007178879 0.0009809479 0.001421889 0.5519594 1.204128 0.3697201 0.003827863 0.002753594 0.001255644 0.002997008 0.005954648 0.00382618 0.004568131 0.003403226 0.001851657 0.005357075 0.006984477 0.006492213
52 0.0112433 0.01111243 0.06016381 0.07004362 0.1201144 0.1156263 0.09328234 0.09239915 0.1057785 0.1162457 0.224432 0.2286689 0.176848 0.1758215 0.09463132 0.04280199 0.1385534 0.3478655 0.1814896 0.2543386 0.2043149 0.1129097 0.2290048 0.0006504168 0.0002985445 0.0007107766 0.0007726665 0.0009980124 0.001384761 0.6884439 1.505785 0.2569057 0.003928869 0.002794374 0.001301391 0.003286469 0.0060779 0.004192058 0.004708448 0.003600567 0.00191224 0.005686202 0.007179412 0.006827661
53 0.0112359 0.01111273 0.05752942 0.06509516 0.1243442 0.1177271 0.08716082 0.09323316 0.104725 0.112753 0.2153233 0.2154749 0.1783184 0.1734831 0.08360875 0.04608919 0.1400873 0.4587158 0.2333297 0.2755075 0.145487 0.09307542 0.1996356 0.000623688 0.0002980851 0.000712112 0.0007736537 0.001064858 0.001369712 0.6479185 1.111835 0.304313 0.003810198 0.00278814 0.001272302 0.003292734 0.005901583 0.004079339 0.004817847 0.003668954 0.001952586 0.005827231 0.007293127 0.006994974
54 0.01121192 0.01111709 0.06659329 0.0745887 0.123401 0.1176926 0.106864 0.1065688 0.1050702 0.1097688 0.2274855 0.217638 0.1758513 0.1716076 0.1112069 0.07174133 0.1421278 0.4006951 0.2121721 0.2844143 0.1951989 0.1514178 0.2343311 0.0006252651 0.0003091779 0.0007224649 0.0007391317 0.001014787 0.00133966 0.7610939 1.108197 0.2399783 0.003716354 0.002811163 0.001237685 0.003230406 0.005787332 0.003905324 0.004814715 0.003788195 0.001919503 0.005748318 0.00738075 0.006799283
55 0.01119195 0.01111185 0.06168145 0.06456015 0.1004111 0.102232 0.08809415 0.08915204 0.1073229 0.1111244 0.2244969 0.2275917 0.1734268 0.1720767 0.09742008 0.04151831 0.1292766 0.1974429 0.08693168 0.2117269 0.1692432 0.102792 0.1787672 0.0005946895 0.0002872781 0.0006141777 0.0006911071 0.0009880638 0.00123996 0.7286207 1.257339 0.3010977 0.003763223 0.002766562 0.001220251 0.003085575 0.005826582 0.003828149 0.004615588 0.003439975 0.001828475 0.005219652 0.006981534 0.006343528
56 0.01116425 0.01111818 0.06096554 0.06547732 0.1045779 0.1009039 0.09945989 0.09686162 0.1017701 0.1026916 0.2297206 0.2268275 0.1721785 0.1711933 0.0825676 0.05658599 0.1062121 0.2382493 0.1106109 0.2538009 0.2299944 0.1461104 0.2129055 0.0005692957 0.0002727262 0.0006528148 0.0006841868 0.0009158625 0.001229962 0.7909016 1.199062 0.3421287 0.003677465 0.002762352 0.001178561 0.003058152 0.005744304 0.003746856 0.004683578 0.003585267 0.001851776 0.005434302 0.007199244 0.006570235
57 0.01124064 0.01111187 0.06140137 0.06733769 0.1051992 0.1072109 0.08981781 0.08490955 0.1041385 0.1092791 0.2276798 0.2352925 0.1750882 0.1726633 0.114526 0.05074011 0.1374977 0.276707 0.1065239 0.2498404 0.1981746 0.07648242 0.1361355 0.0005751359 0.0002780116 0.0006716922 0.0006482154 0.0009729928 0.001277544 0.5955776 1.290403 0.3290889 0.003737485 0.002674632 0.001238403 0.003113217 0.005793357 0.003944288 0.004651273 0.003448628 0.001842979 0.005464629 0.007027381 0.006612068
58 0.01122575 0.01111173 0.05445131 0.0602525 0.1115884 0.110949 0.0844899 0.07802187 0.1040065 0.118128 0.2415502 0.2279654 0.1790343 0.1769248 0.09869624 0.02347054 0.09596626 0.2860126 0.1561248 0.2519532 0.2154211 0.07685997 0.1648719 0.0006230174 0.0002921252 0.0006914962 0.0006920184 0.001028334 0.001303995 0.8325489 0.9816113 0.3682312 0.003760498 0.002803135 0.001224484 0.003186128 0.005866343 0.003920631 0.00450579 0.003515641 0.00186901 0.005738064 0.006868259 0.006841038
59 0.01120951 0.01111373 0.05637529 0.06354567 0.1325782 0.1223597 0.09456116 0.1013322 0.1102855 0.1212135 0.2716584 0.2505952 0.1750617 0.1830828 0.06806042 0.02379892 0.08704328 0.4023989 0.2182552 0.2556006 0.2112141 0.1180154 0.2135054 0.0006321099 0.0002755791 0.0007162425 0.0007296161 0.0009350163 0.001347929 0.6535186 1.046801 0.3549486 0.003837783 0.002899635 0.00124195 0.003214939 0.006007748 0.003920047 0.004763312 0.003545546 0.001858279 0.005585175 0.007280266 0.006781469
60 0.01118278 0.01111144 0.06257361 0.06836686 0.1013785 0.09712273 0.0781881 0.08039424 0.0987354 0.1012971 0.2156226 0.2146601 0.1734383 0.182673 0.0917035 0.0532527 0.1185013 0.2560536 0.07657892 0.1888007 0.1511345 0.06486448 0.1581178 0.0006028689 0.0002722683 0.0006288263 0.0006891708 0.0009937367 0.001303444 0.8292738 0.8699356 0.2847259 0.00373145 0.002725353 0.001241247 0.00313471 0.005795479 0.00392459 0.004754006 0.003483041 0.001871136 0.005402243 0.007244376 0.006629007
61 0.01123457 0.01111758 0.05310907 0.06266856 0.1080913 0.1031754 0.08452173 0.09130571 0.107323 0.1166131 0.2106659 0.2135059 0.1764541 0.1723064 0.06973834 0.02877884 0.1135599 0.2468373 0.1296034 0.2633335 0.1768829 0.1002259 0.2227542 0.0006261496 0.0002899683 0.0006723921 0.000699655 0.001037492 0.001386026 0.5944353 0.8607055 0.3017239 0.003809166 0.002780569 0.001242583 0.003150767 0.005888504 0.003939506 0.004612927 0.003387924 0.001856386 0.005423373 0.006954127 0.006619955
62 0.01123563 0.01111765 0.0653835 0.07157226 0.1096111 0.1051358 0.08237757 0.08715263 0.1163807 0.120495 0.2365206 0.2327664 0.1819445 0.1849223 0.09316662 0.04904042 0.148067 0.3230256 0.1187292 0.2101058 0.1775561 0.06402821 0.178127 0.0005979584 0.0002791907 0.0007028472 0.0006564519 0.0009711497 0.00133503 0.5941536 1.162272 0.2978919 0.003947381 0.002885152 0.001293663 0.003207519 0.006134684 0.004009607 0.00478768 0.003585243 0.001934752 0.005728392 0.007258425 0.006907498
63 0.01117491 0.01111138 0.06065102 0.06742915 0.1076781 0.1122368 0.08717197 0.09534358 0.1032451 0.1035027 0.2221288 0.2277369 0.1653425 0.1639711 0.07999581 0.04266033 0.1314091 0.2251308 0.1288619 0.2965148 0.1790148 0.09832718 0.1744766 0.0005596491 0.0002765608 0.0006905168 0.0007188463 0.0009556827 0.001366698 0.7326015 0.9665817 0.2648867 0.003716068 0.002717108 0.001234398 0.003199161 0.005757074 0.003967398 0.004743608 0.003425537 0.001916155 0.005631958 0.007173664 0.006901097
64 0.01121419 0.01111224 0.06048705 0.07088754 0.1078069 0.1027293 0.09079919 0.09117647 0.106161 0.1116186 0.2245271 0.2213178 0.1742053 0.1717427 0.09602508 0.05318167 0.1454579 0.2672341 0.1270145 0.1858264 0.1880942 0.1083302 0.2006704 0.0006477975 0.0003226502 0.0007236396 0.0007755564 0.001094276 0.001484984 0.8834005 1.102036 0.3157039 0.003729964 0.002758542 0.00122863 0.003192193 0.005777341 0.003953573 0.004656154 0.003531361 0.001876129 0.005617986 0.007057029 0.00678456
65 0.01118858 0.01111163 0.06086633 0.07070062 0.09852866 0.097289 0.09284061 0.09111733 0.111624 0.1125949 0.2331038 0.2362769 0.1654123 0.1632897 0.07976048 0.066678 0.1555597 0.2267523 0.08239321 0.2115656 0.185092 0.1044912 0.1773241 0.0005882839 0.0002708878 0.0006695962 0.0006875691 0.000933058 0.001304547 0.7225268 1.008348 0.3842229 0.003777168 0.002800383 0.001223427 0.00307463 0.005902783 0.003803473 0.004791684 0.00354776 0.00194197 0.005617987 0.007303049 0.006847548
66 0.01123872 0.01111279 0.05864538 0.06557713 0.1143286 0.1095487 0.07627103 0.08254838 0.1050834 0.116023 0.207851 0.2082315 0.1675812 0.1682507 0.08224856 0.04177174 0.1318691 0.3057845 0.1154422 0.2323882 0.1545676 0.06044161 0.1668191 0.0005718652 0.0002830394 0.0006283287 0.0006583189 0.0009918969 0.001349354 0.5889602 1.025878 0.2671642 0.003706364 0.002688609 0.001252007 0.003251835 0.005754057 0.004083996 0.004648531 0.003463352 0.001906751 0.005705292 0.007059871 0.006919696
67 0.01118325 0.01111295 0.06088927 0.06139039 0.108117 0.1097139 0.09646204 0.09370387 0.1129669 0.11142 0.2263013 0.2377313 0.1745437 0.1786004 0.08152149 0.04145895 0.1028591 0.2563559 0.1374032 0.2328285 0.275464 0.1623921 0.1640025 0.0005610125 0.0002866601 0.0006677367 0.0006925278 0.0009332204 0.001290425 0.6923021 1.160466 0.2719314 0.00396056 0.002830528 0.001282207 0.003055195 0.006156266 0.003923654 0.004836835 0.003521065 0.001909763 0.005486082 0.007338716 0.006741923
68 0.01124271 0.01111479 0.06014005 0.06836281 0.1052529 0.1044136 0.09520081 0.09573851 0.1080823 0.1122924 0.2313232 0.2229377 0.1797325 0.1805452 0.09882232 0.04809566 0.1462942 0.2201781 0.1118263 0.2544921 0.2380757 0.1198074 0.2104782 0.0006690842 0.0003013504 0.0006471073 0.0007010878 0.00104053 0.001360488 0.6480243 1.582606 0.3849077 0.003820135 0.002843175 0.001245004 0.003206675 0.005922827 0.003935906 0.004850329 0.003577436 0.001968295 0.005698964 0.007323221 0.006939646
69 0.01121886 0.01111278 0.0606635 0.0668875 0.1221449 0.1149149 0.09670333 0.09946717 0.1044797 0.1112601 0.2412573 0.2348702 0.1789488 0.1790199 0.08842582 0.04166006 0.1247603 0.3634613 0.1858695 0.2171609 0.1999046 0.1469758 0.2403749 0.0006734943 0.0003019668 0.0007162606 0.0007441301 0.001051418 0.001371044 0.7234682 0.8918095 0.2902694 0.003734529 0.00277466 0.001240671 0.003217628 0.005788079 0.003954823 0.004624229 0.003574351 0.001859192 0.005599874 0.007006796 0.006669478
70 0.01122183 0.0111119 0.06047207 0.06353718 0.1025147 0.09622903 0.08799803 0.08968084 0.1063946 0.1044663 0.2297759 0.2247405 0.1730065 0.1791153 0.09439947 0.04345029 0.1125835 0.2669315 0.09336053 0.1526957 0.1482586 0.09564836 0.2054388 0.0006122611 0.0002940901 0.0006658614 0.0007506408 0.001018721 0.00143666 0.6479807 0.9648993 0.3125457 0.003710854 0.002777614 0.001223672 0.003151797 0.005770442 0.003850885 0.004637899 0.003496323 0.001893536 0.005548382 0.007019749 0.006644692
71 0.01120651 0.01111177 0.05836523 0.06494921 0.1060952 0.1035721 0.08228024 0.08459643 0.1009169 0.1016719 0.2126939 0.2104728 0.1838288 0.1760872 0.09058561 0.04274177 0.1232647 0.2278024 0.08043533 0.1714143 0.1702358 0.08740427 0.2126382 0.0005967923 0.0002766028 0.0006712896 0.0007119391 0.0009838721 0.001340823 0.6227319 1.072798 0.3808778 0.00364389 0.002753398 0.001224696 0.003242933 0.005667664 0.003927695 0.004613119 0.00357177 0.001849185 0.005732107 0.007001129 0.006819933
72 0.01122133 0.01111294 0.06256318 0.06897155 0.1074856 0.1075452 0.09282265 0.09524772 0.1136553 0.1192142 0.2137237 0.2157402 0.1775352 0.1790282 0.09283456 0.050911 0.1336475 0.2615068 0.1200042 0.2385765 0.1502896 0.1155113 0.2252241 0.000556222 0.0002717771 0.0006335493 0.0006984289 0.0009727128 0.001259888 0.6378572 1.176637 0.3115613 0.00383705 0.002797212 0.001240887 0.003047092 0.005974987 0.003866502 0.00482787 0.00356075 0.001921603 0.005582901 0.007355364 0.006865836
73 0.01123941 0.01111414 0.05994239 0.06307679 0.1272994 0.1207107 0.07590723 0.08265657 0.1017477 0.1067243 0.2161526 0.2112768 0.1738754 0.1744004 0.08471185 0.04130947 0.09976476 0.3797185 0.2200375 0.3168044 0.1176871 0.05810463 0.1734756 0.0005768967 0.000256579 0.0006595261 0.0006539015 0.0009926592 0.001300312 0.5098197 1.417632 0.3710984 0.003731513 0.002801619 0.001238936 0.003288408 0.005818119 0.00404978 0.00470494 0.003567574 0.001895457 0.005726931 0.007171091 0.006947571
74 0.0111956 0.01111819 0.05784414 0.06585915 0.1138724 0.1074985 0.09681153 0.1028418 0.0997727 0.1042755 0.2296299 0.2227747 0.1649071 0.1669984 0.09116871 0.04816771 0.1485948 0.3121452 0.1551207 0.2139936 0.2294639 0.1716689 0.2453721 0.000591296 0.0002841346 0.0006530431 0.0006930928 0.0009866754 0.001325456 0.7141865 0.8668676 0.3629966 0.003679882 0.002713742 0.001199987 0.003078152 0.005708873 0.003816506 0.004635861 0.003443541 0.001856079 0.005419391 0.007027724 0.006609723
75 0.01122116 0.01111179 0.06172504 0.06705423 0.1111477 0.1091999 0.08880952 0.08611696 0.1058864 0.1153325 0.2111874 0.2106586 0.1566496 0.1596084 0.1061406 0.04746413 0.1231564 0.2958857 0.1619606 0.3248974 0.20729 0.08048921 0.1797407 0.0006356386 0.0002790295 0.0006547239 0.0007155729 0.0009929277 0.001317794 0.5803726 1.121483 0.3115317 0.003687357 0.002708759 0.001248333 0.003249823 0.005729614 0.00403687 0.004738568 0.003484622 0.00199508 0.005833659 0.007183284 0.007107282
76 0.01119037 0.01111257 0.05600036 0.06154172 0.1198537 0.1169752 0.08868501 0.08712907 0.1161006 0.1194218 0.2475656 0.2490464 0.1852615 0.1839664 0.07464845 0.03304639 0.1059638 0.3076368 0.2016847 0.3098128 0.1722926 0.08796134 0.1811595 0.00058472 0.0002929577 0.0007078185 0.0007087473 0.0009568622 0.00138438 0.6949035 1.993096 0.3133656 0.003794588 0.002767217 0.001210255 0.003006028 0.005913206 0.003788856 0.004681835 0.003543088 0.001796106 0.005337541 0.007156163 0.00649214
77 0.01119378 0.01110864 0.058168 0.06849803 0.11511 0.1155636 0.08877645 0.09387114 0.09647152 0.101613 0.2402448 0.235488 0.1630325 0.166212 0.0715224 0.05677466 0.1372457 0.271901 0.1544997 0.2407633 0.1508669 0.1181007 0.2246709 0.0006231174 0.0003201489 0.0006897643 0.0007957035 0.001006103 0.001471656 0.5707655 1.033279 0.3799388 0.003739944 0.002759835 0.001232113 0.003090417 0.005824102 0.00385551 0.004743622 0.003508994 0.001866541 0.005255669 0.007268052 0.006455613
78 0.01116772 0.01111421 0.05825128 0.06488722 0.1191553 0.1142339 0.09318151 0.09467275 0.1070727 0.1143226 0.2415967 0.2309752 0.1756789 0.1815905 0.08733541 0.05166503 0.1220478 0.3402571 0.1549818 0.2677612 0.2008372 0.150465 0.1962294 0.0005674443 0.0002832666 0.0006699845 0.0007005874 0.0009914361 0.001350424 0.764402 1.073134 0.2335456 0.003841401 0.002868368 0.001258004 0.00321243 0.006008984 0.003982651 0.004894921 0.003620144 0.00192876 0.005541131 0.00747114 0.006818981
79 0.0112359 0.01111136 0.05828422 0.06896705 0.1063555 0.1006417 0.0903537 0.09241405 0.09993272 0.09994188 0.2001915 0.1956724 0.1917596 0.1918645 0.07497507 0.05692522 0.1547919 0.2336476 0.1038323 0.2316479 0.1586947 0.0985925 0.1960114 0.0006312252 0.0002958448 0.0007100605 0.0007131788 0.001075673 0.001270611 0.524961 1.164819 0.4410809 0.003655029 0.002736933 0.001194955 0.003111699 0.005686764 0.003803873 0.004585713 0.003392057 0.001815292 0.00518103 0.007032379 0.006352763
80 0.0112011 0.01111157 0.05913664 0.06769159 0.1094387 0.1047402 0.08130564 0.08490755 0.1011072 0.1059509 0.2289939 0.2247104 0.1684095 0.1634698 0.07460812 0.05224397 0.1434156 0.3119004 0.1326947 0.2211745 0.1525727 0.08281963 0.173069 0.0005714805 0.0002816635 0.0006701509 0.0006729585 0.0008978404 0.001302135 0.6620699 0.8368913 0.2825572 0.003702693 0.002761699 0.001212287 0.00311106 0.005746106 0.003824728 0.004579115 0.003516414 0.001871907 0.005443249 0.006979383 0.006521024
81 0.01121472 0.01111281 0.05860331 0.06813186 0.1173314 0.109431 0.0868078 0.0812793 0.111628 0.1182851 0.2371805 0.2283207 0.1784187 0.1824282 0.09161902 0.0373554 0.1164807 0.2675223 0.1738127 0.2894021 0.1974149 0.06800529 0.1489425 0.0006358102 0.0002915943 0.0006831484 0.0007336083 0.0009944087 0.001289547 0.7568451 1.021783 0.3632217 0.003850205 0.002844425 0.001239991 0.00311715 0.005975042 0.003845871 0.004867226 0.003544023 0.001920494 0.005428641 0.007371832 0.00662212
82 0.01123087 0.01111161 0.06106594 0.0677789 0.1123438 0.1119458 0.08527911 0.08754187 0.09948931 0.1082381 0.2241591 0.2200999 0.1733467 0.1763951 0.09963296 0.061078 0.1219752 0.2541012 0.1553513 0.2738966 0.1551621 0.08744368 0.1936062 0.0006275876 0.0002753424 0.0006802797 0.0007286097 0.0009883491 0.001280948 0.6929974 0.8573218 0.3896297 0.00377952 0.002750602 0.001260857 0.003163543 0.00585557 0.003980034 0.004773975 0.00360122 0.001906956 0.005702676 0.007238401 0.006859607
83 0.01117403 0.01111365 0.06068956 0.07226789 0.1170566 0.1091369 0.1012959 0.09974026 0.1017406 0.108593 0.2453317 0.2380301 0.1736053 0.1749082 0.1121056 0.06022757 0.1523394 0.256442 0.1263842 0.2082083 0.2145193 0.1365879 0.2253163 0.0006809192 0.0003035245 0.0007062318 0.0008107874 0.001061425 0.001335111 1.066709 1.496597 0.3504441 0.00369346 0.002729954 0.001211153 0.003063135 0.005740049 0.003770873 0.004680433 0.003510643 0.001877627 0.005376278 0.007190205 0.00653683
84 0.01122227 0.01111171 0.06238718 0.06541178 0.1152355 0.1087462 0.0894236 0.0918167 0.1057612 0.1052989 0.2316133 0.2360305 0.1687507 0.1755725 0.0994019 0.06492992 0.1211413 0.3299473 0.1501017 0.2462149 0.1744153 0.1173659 0.1895389 0.0006248925 0.0002890998 0.0006351508 0.0007236768 0.0009363799 0.001352282 0.5410661 1.257912 0.3586384 0.003830751 0.002807155 0.001274062 0.003192257 0.005978029 0.003990087 0.00494471 0.003655551 0.001950833 0.005643952 0.007562932 0.006836918
85 0.01123399 0.01111149 0.06157543 0.0682412 0.1189652 0.1125978 0.09324623 0.09774064 0.1068212 0.1154796 0.2339201 0.231774 0.1793382 0.1836068 0.09816295 0.05445338 0.1199865 0.3847816 0.1836536 0.2520046 0.2237413 0.1566871 0.2272144 0.0005965365 0.0003183744 0.0007277073 0.0007516141 0.001058231 0.001332802 0.6698368 1.552635 0.3120353 0.003806224 0.002765926 0.001258677 0.003140548 0.005931419 0.003963845 0.004779577 0.003598366 0.001925857 0.005671712 0.007264209 0.006899658
86 0.01119048 0.01111774 0.07047405 0.06865475 0.113502 0.1041041 0.09229875 0.0862952 0.1089997 0.1132449 0.220295 0.2175832 0.1775683 0.1865057 0.1372256 0.07029169 0.1257124 0.3224955 0.1451341 0.1658136 0.210367 0.1204753 0.164303 0.0006169926 0.000296748 0.0007187542 0.000728176 0.001004938 0.001450525 0.6373819 0.8610972 0.3737154 0.003751837 0.002743274 0.001231324 0.003147359 0.005837986 0.003933898 0.004758052 0.003656791 0.001856743 0.005596996 0.007294793 0.006733041
87 0.01127178 0.01110974 0.0604616 0.06700954 0.1134526 0.1135758 0.09748639 0.09912976 0.101388 0.118565 0.2162182 0.2150711 0.1642201 0.1694759 0.0895459 0.04228385 0.1429739 0.2720237 0.120031 0.3107023 0.2245274 0.1426546 0.2297559 0.0006004876 0.0002853923 0.0007066684 0.000681 0.0009258751 0.001284255 0.5811579 1.146177 0.3257643 0.003809318 0.002706522 0.001279737 0.003126532 0.005877355 0.004023645 0.004848926 0.003458412 0.001983774 0.005655555 0.007299068 0.007040213
88 0.01119549 0.01111229 0.06008777 0.06774442 0.1082899 0.1091049 0.07841951 0.0772727 0.1064024 0.1112809 0.2260076 0.2406788 0.1766411 0.1756789 0.08061519 0.04102494 0.1368615 0.189554 0.103261 0.2023841 0.1203338 0.04634727 0.1300315 0.0006040323 0.0002754897 0.000747302 0.0006938174 0.001014292 0.001385442 0.8898579 1.551707 0.3455633 0.0038252 0.002745744 0.001273422 0.003241113 0.005939113 0.004119392 0.004676487 0.003464419 0.001861706 0.005562263 0.007154663 0.006766751
89 0.01122134 0.01111268 0.06137126 0.0673159 0.1124093 0.1076192 0.08669868 0.08915387 0.1062264 0.1169173 0.2237664 0.2289366 0.1761498 0.1697131 0.08866674 0.05653827 0.1306273 0.2926865 0.1573723 0.2820647 0.1686052 0.1143266 0.2643681 0.0005905853 0.00027766 0.0006930838 0.00073154 0.0009682281 0.001325253 0.6028753 1.046227 0.2640661 0.003818832 0.002792655 0.001247602 0.003096792 0.005942277 0.003880155 0.004707299 0.003597725 0.001861423 0.005529859 0.007157299 0.006631368
90 0.01122954 0.01111119 0.05484052 0.06367265 0.1030666 0.105695 0.08282914 0.08722693 0.0998554 0.1081395 0.2241543 0.2237774 0.1711018 0.1683836 0.07596102 0.04188499 0.1095481 0.2913664 0.1206186 0.2714493 0.1525094 0.07754124 0.1734878 0.0006026304 0.0002787064 0.0006747992 0.0006944454 0.0008694576 0.001220427 0.59729 0.9969323 0.3254865 0.003788939 0.002780256 0.001248438 0.003209592 0.005881444 0.003991315 0.004737075 0.00349334 0.001910071 0.005558915 0.007212879 0.006806129
91 0.01122119 0.01112238 0.05779388 0.06341725 0.1090574 0.1081488 0.09938653 0.09527579 0.1050676 0.1092669 0.2314565 0.2249558 0.1710023 0.1808321 0.09606707 0.03613043 0.114449 0.2955105 0.1140051 0.2784274 0.2144101 0.1421571 0.1898535 0.0005850359 0.0003013244 0.0007253963 0.0007330459 0.001070098 0.001387052 0.6662504 1.493129 0.359344 0.003782873 0.002773577 0.001236783 0.003117138 0.005855913 0.003864969 0.004840665 0.003459511 0.001964461 0.005630859 0.007319574 0.006960936
92 0.01120275 0.01111462 0.05281573 0.05651002 0.1048764 0.1058765 0.09100171 0.08861901 0.102419 0.1029966 0.2201261 0.2144942 0.1743011 0.1793079 0.08222196 0.02633106 0.1008441 0.2793789 0.09285038 0.2297738 0.2040622 0.09877264 0.1737132 0.0006289974 0.0002970221 0.0006902386 0.0007320828 0.0009899371 0.001342943 0.5939531 1.479194 0.2747467 0.003751391 0.002804969 0.001225029 0.003173822 0.005847096 0.00389155 0.004643115 0.003378636 0.001963793 0.005627746 0.007032918 0.006919388
93 0.01121619 0.01111602 0.05750104 0.0641832 0.1043452 0.105016 0.0887868 0.08501552 0.1122392 0.1202017 0.2469826 0.2532141 0.1731077 0.1753014 0.08114506 0.03060087 0.1237777 0.2613009 0.08098882 0.2388581 0.1637194 0.0853015 0.1340551 0.0005715325 0.0002837189 0.000688725 0.0007075208 0.001045039 0.001327601 0.5795005 0.9461543 0.3237953 0.003954529 0.00285841 0.001318314 0.003244992 0.006161766 0.004101711 0.004807716 0.003456541 0.001963358 0.005557528 0.007342984 0.006897215
94 0.01118132 0.01111765 0.05656293 0.06387522 0.1134116 0.1121765 0.09471825 0.09710987 0.1064129 0.1075906 0.2367237 0.2440765 0.1950082 0.1932283 0.08784988 0.04483264 0.1205797 0.2765129 0.135383 0.3031442 0.2107672 0.1112606 0.1597157 0.0006267529 0.0003029528 0.0006935476 0.0007259144 0.001039594 0.001318609 0.8264457 1.311986 0.3732864 0.003860455 0.0028134 0.00124737 0.003041865 0.006024386 0.003853741 0.004851134 0.00356852 0.00190408 0.005347746 0.007441516 0.006601476
95 0.01120871 0.01111267 0.06704537 0.0709689 0.1212457 0.111794 0.07932044 0.07752298 0.1036231 0.1064636 0.2177418 0.2187799 0.1670733 0.1628731 0.09806687 0.06140457 0.1300431 0.2933068 0.1437097 0.2463896 0.1602357 0.04290347 0.1381596 0.0005817141 0.0002814229 0.0006694726 0.0007218622 0.000922006 0.001305376 0.6667946 1.330545 0.3088708 0.003583402 0.002673481 0.001203231 0.003156036 0.005576006 0.003869524 0.004672263 0.003653781 0.001880775 0.005593276 0.007172061 0.006655018
96 0.01117802 0.01111211 0.06545746 0.07040703 0.1230407 0.1178701 0.0979459 0.0887043 0.109424 0.1142151 0.2248414 0.2245798 0.1815362 0.1808212 0.1086168 0.06474553 0.117603 0.3574317 0.1732173 0.2604845 0.2136564 0.10381 0.1540845 0.0005918038 0.0002992835 0.0007330776 0.0007238425 0.001025548 0.001448839 0.8817373 1.449186 0.3857952 0.003731302 0.002742556 0.001222005 0.003054651 0.005811229 0.003815194 0.004760871 0.003688447 0.001870166 0.005461803 0.007322826 0.006499654
97 0.01120605 0.01111141 0.06352696 0.06515817 0.1158812 0.1163195 0.09206766 0.09366517 0.1001189 0.1114912 0.2481618 0.2456623 0.1817195 0.1798886 0.1224204 0.05429438 0.1232094 0.2324329 0.211422 0.3156466 0.1790221 0.1110865 0.2041223 0.0006309959 0.0002916665 0.0006444732 0.0007163076 0.001059159 0.001367656 0.682113 1.072569 0.324684 0.003729401 0.002781709 0.001197783 0.003057461 0.005805289 0.003749825 0.004739554 0.003615285 0.0018299 0.005413609 0.007243895 0.006464923
98 0.01118932 0.01111712 0.05425787 0.06528113 0.119874 0.1173127 0.07615637 0.07944164 0.1051771 0.1015476 0.2146953 0.2166439 0.164848 0.172546 0.07078571 0.03668507 0.1510238 0.3614615 0.1663328 0.3174522 0.1407452 0.05288546 0.1809347 0.0006171382 0.0002892163 0.0006242205 0.0006780305 0.0009329471 0.00123771 0.8185273 1.427138 0.254522 0.003614372 0.002664456 0.00121459 0.003152711 0.00561501 0.003919459 0.004729959 0.003293615 0.001920027 0.005440514 0.007166143 0.006869196
99 0.01120749 0.01111189 0.05375267 0.06292021 0.1031567 0.09953644 0.08702238 0.08654384 0.1059121 0.107364 0.2300487 0.2333059 0.1769675 0.1723045 0.09296479 0.03347189 0.1279165 0.2272718 0.07507881 0.1765619 0.1653197 0.08565823 0.1700813 0.0006117816 0.000283032 0.0006573481 0.0007208415 0.0009374995 0.001324113 0.6242668 1.234163 0.3337881 0.003778747 0.002773889 0.001242554 0.003150271 0.005855817 0.003898187 0.004521654 0.003376685 0.001825272 0.005404143 0.006829854 0.00653206
100 0.0112267 0.01111692 0.05238446 0.06487324 0.1158853 0.1108366 0.08770126 0.08815332 0.1004533 0.1119306 0.2380912 0.2425194 0.1839792 0.1828108 0.06839644 0.03666478 0.151087 0.365652 0.1543641 0.232492 0.1640532 0.08564931 0.1867166 0.0005976739 0.0002867268 0.0006757567 0.0007185109 0.000955275 0.001343685 0.6982056 1.137105 0.3433518 0.003871866 0.002769791 0.001273588 0.003046903 0.006017636 0.003915334 0.004750711 0.003532595 0.001915023 0.00545755 0.00722699 0.00667635
