1 0.0279453 0.02722332 0.1529435 0.1866311 0.3078886 0.2879207 0.191119 0.1380882 0.2284536 0.2841562 0.5821743 0.5070666 0.4638494 0.5357682 0.279291 0.2369131 0.4475858 1.122539 0.5354986 0.5948972 0.4976657 0.001990427 0.1233962 0.001445279 0.000914732 0.002209126 0.002027057 0.002398441 0.004073277 0.6991923 2.167464 0.8417879 0.009151507 0.006553977 0.00314049 0.008009561 0.0141657 0.01010682 0.01258858 0.00891474 0.00505283 0.01451357 0.01918456 0.01784703
2 0.02742108 0.02721723 0.1347921 0.1825689 0.2407546 0.2182974 0.2047413 0.2277062 0.1848286 0.2431994 0.5192257 0.4707565 0.3211101 0.34302 0.1887218 0.1665174 0.481972 0.7659931 0.2653713 0.4729697 0.3740085 0.2804018 0.65651 0.001613092 0.0007486094 0.001352108 0.001582478 0.002819413 0.002991038 2.70106 4.521579 1.091254 0.00861258 0.006086517 0.00308772 0.008146949 0.01312098 0.01013017 0.01182569 0.008230342 0.004956695 0.01458664 0.01760548 0.01810206
3 0.02740122 0.02721669 0.133936 0.1381144 0.2890927 0.2956095 0.1800246 0.1760706 0.257277 0.2480359 0.4702682 0.4754452 0.3497133 0.3509534 0.2491644 0.06840392 0.2781556 0.606585 0.5854085 0.874729 0.4431039 0.2058844 0.335179 0.001382879 0.0005209357 0.001631846 0.001352384 0.002006468 0.003320427 1.229127 4.684147 1.089139 0.008289248 0.006179145 0.00297541 0.008040939 0.01287403 0.009732959 0.01093691 0.008189032 0.004749629 0.01437973 0.01656304 0.01730038
4 0.02762856 0.02721673 0.1199982 0.1370995 0.2964855 0.2844981 0.1817654 0.1979454 0.285022 0.3099704 0.5315708 0.5212498 0.4265653 0.4423489 0.3285028 0.01825182 0.544264 0.6694562 0.336256 0.8197672 0.3803223 0.1333389 0.5916704 0.001501523 0.0006930217 0.001452824 0.00257395 0.003013015 0.004128053 1.38608 3.175118 1.038816 0.009654565 0.007121157 0.003257883 0.008602411 0.01510703 0.01069347 0.01103114 0.00799589 0.004689794 0.01460376 0.01682327 0.01799313
5 0.02753015 0.02722082 0.1476816 0.1696096 0.254304 0.2498368 0.2409052 0.2653259 0.2839445 0.3371933 0.6714349 0.6719262 0.51573 0.5277847 0.2200335 0.1394829 0.377367 0.6443595 0.2329421 0.691814 0.6264082 0.5209007 0.5962813 0.001613712 0.00071003 0.001943341 0.002037176 0.002869863 0.00231692 2.124692 3.414235 0.8295681 0.01094973 0.007672258 0.003614381 0.008803391 0.01685206 0.01153851 0.01307173 0.009252181 0.0052415 0.01421503 0.01979586 0.01806125
6 0.02743258 0.02721662 0.1433965 0.1884603 0.2872543 0.2579934 0.2153833 0.243343 0.2089927 0.2702513 0.4995061 0.4929447 0.3548749 0.389952 0.1808122 0.1805121 0.4410795 0.736242 0.388505 0.4564431 0.354101 0.3832489 0.6751357 0.00147627 0.0007281549 0.002167997 0.001586123 0.002481598 0.004330656 2.066754 3.691056 0.6424509 0.009002394 0.00622535 0.003067219 0.007274471 0.01388938 0.009453963 0.0120125 0.008068881 0.005000448 0.0126813 0.0181042 0.01609637
7 0.0276075 0.0272603 0.1866104 0.1944539 0.3357576 0.3295589 0.2780247 0.2596112 0.2560703 0.2630959 0.5560059 0.5691679 0.3973387 0.3877687 0.3147391 0.2430827 0.4746308 1.164514 0.8124386 1.155281 0.6103365 0.4964081 0.6916796 0.001612878 0.0007519698 0.001933377 0.001939619 0.002924481 0.003854938 1.314929 2.397166 0.9606949 0.008705526 0.006442648 0.002988889 0.007687935 0.01352394 0.009404812 0.01194533 0.009374768 0.004758091 0.01390494 0.01819433 0.01621104
8 0.02757356 0.02721737 0.1465414 0.176789 0.247409 0.2476858 0.2138108 0.2388056 0.2865909 0.3081427 0.5172531 0.4979086 0.4348417 0.4519932 0.1660735 0.1619823 0.3037337 0.7805419 0.2294871 0.5559244 0.3637105 0.3224609 0.5361504 0.001163913 0.0005622639 0.001828009 0.001670604 0.002160674 0.002635205 1.060222 3.318305 0.6107137 0.009125235 0.006765689 0.002934484 0.007659313 0.01429814 0.009440111 0.01158026 0.008439429 0.004473576 0.01305429 0.01794937 0.0158243
9 0.02739865 0.02721672 0.1154811 0.1635621 0.2455454 0.2381928 0.168759 0.2004321 0.2771263 0.239182 0.5862877 0.6380995 0.4111928 0.3901955 0.07114416 0.05074591 0.4081192 0.9409109 0.2689185 0.51445 0.1764757 0.1220878 0.5628901 0.001563796 0.0008835438 0.002023731 0.001914417 0.002319068 0.003232585 1.578435 4.165633 0.5245081 0.00850241 0.006296564 0.003053668 0.008189255 0.013148 0.01014185 0.01183422 0.008491259 0.005157144 0.01483329 0.01784288 0.01839371
10 0.02716577 0.02721903 0.1398105 0.1716227 0.2761137 0.2865213 0.1866888 0.2113709 0.2506435 0.2731981 0.5824756 0.5413751 0.3694444 0.4006772 0.2798575 0.1564735 0.3962983 0.6745988 0.3927569 0.6058315 0.5239913 0.322867 0.508561 0.001373659 0.0006667824 0.0016621 0.00143067 0.002235498 0.002693967 7.362947 1.782584 0.437001 0.009331381 0.006884144 0.003137164 0.008603053 0.01438283 0.0106561 0.01236979 0.0084947 0.005234002 0.01511745 0.018484 0.01905643
11 0.02719915 0.02721691 0.1390945 0.1465214 0.2932752 0.2902164 0.2238062 0.2237452 0.2959046 0.2538409 0.6318643 0.6597892 0.4677178 0.4236229 0.1722249 0.09993984 0.2776604 0.4876143 0.4830269 0.6504245 0.452745 0.2599186 0.5168639 0.0009135767 0.0006642656 0.001837659 0.001367088 0.001773721 0.00319661 2.354148 2.497109 0.9276166 0.009385863 0.007489893 0.003065285 0.007632043 0.01476057 0.008882744 0.01168149 0.009175205 0.004762475 0.01293645 0.01802316 0.01539599
12 0.02766962 0.02724759 0.1232188 0.1532733 0.3449865 0.3203221 0.1853977 0.1985396 0.2622143 0.2729005 0.6204796 0.56909 0.4389954 0.456232 0.2153539 0.05587383 0.3949917 0.9324549 0.9388974 1.360398 0.6204767 0.1321497 0.6463831 0.002245335 0.0008098303 0.001801108 0.001924064 0.002606376 0.004477286 1.048746 2.525349 0.8126819 0.008785306 0.006756005 0.002882505 0.007435729 0.01380613 0.008882537 0.01129308 0.008106337 0.004533117 0.01258405 0.01718072 0.01547571
13 0.02754509 0.02721803 0.1585347 0.2144095 0.2484315 0.2191468 0.2358995 0.2799351 0.2696637 0.2946415 0.5438649 0.5276079 0.4577636 0.4753949 0.2728304 0.2667142 0.5132241 0.9726038 0.2606481 0.7300915 0.622753 0.5827045 0.8914352 0.001774668 0.0008094181 0.001542255 0.001816296 0.002423145 0.00347964 2.390206 2.546542 0.8547566 0.009637283 0.006911845 0.003250918 0.008272249 0.01487597 0.01038596 0.01211568 0.009191941 0.005075417 0.01499724 0.01836695 0.01792156
14 0.02737864 0.02721806 0.1484289 0.1538985 0.2910586 0.2971538 0.2343356 0.229051 0.1959415 0.2176223 0.5615005 0.5184622 0.3498812 0.3691952 0.2585872 0.2339557 0.326984 0.7645871 0.7355768 0.892274 0.5125563 0.403976 0.4766917 0.001236372 0.0006374642 0.001251243 0.001474576 0.001825817 0.002826476 1.138573 1.163231 0.5736726 0.007948066 0.005988121 0.002822359 0.007323625 0.01234317 0.009277467 0.01204486 0.009119376 0.004633078 0.01267691 0.01861134 0.01598706
15 0.02764841 0.0272201 0.142144 0.1700231 0.2957391 0.283543 0.2305774 0.2420499 0.205252 0.215454 0.5425153 0.5113694 0.3231162 0.3312754 0.2732786 0.1430719 0.3566158 1.811885 0.5716524 1.017796 0.4216453 0.2751941 0.4435228 0.001576308 0.0006903753 0.001794542 0.001716668 0.002699683 0.004761206 0.7844453 1.695567 0.8253775 0.008091604 0.005953793 0.002833468 0.007851283 0.01252201 0.009706991 0.01086296 0.008086986 0.004639945 0.01358488 0.01668333 0.01661656
16 0.02765332 0.0273592 0.1681824 0.1823942 0.3300631 0.1880209 0.2367003 0.2441257 0.2533781 0.2917389 0.6439591 0.6712093 0.4060428 0.4315377 0.221679 0.235424 0.5054695 0.7476031 0.04334377 0.1141492 0.4772593 0.475447 0.7182791 0.002051344 0.0008012991 0.001782003 0.001617484 0.002269849 0.002806625 0.9329116 2.383007 1.550049 0.009005689 0.006693061 0.002977478 0.007877202 0.01399597 0.009610711 0.01029816 0.009047731 0.004012386 0.01299921 0.01585159 0.01437476
17 0.02747443 0.02721665 0.1307836 0.1400534 0.2554532 0.2628831 0.2080926 0.1966382 0.2812441 0.2694104 0.4944345 0.5472468 0.467961 0.4120902 0.1678863 0.05669741 0.2558907 0.6961349 0.3160409 0.5843205 0.3835523 0.1372741 0.3920198 0.001692875 0.0007469479 0.001299067 0.001793225 0.002513906 0.003428751 1.706982 5.915284 1.171163 0.009307134 0.006908499 0.003052 0.007845346 0.01440134 0.009652315 0.01091212 0.008584915 0.004451616 0.01383535 0.01631558 0.01636363
18 0.02757744 0.02716843 0.1433357 0.1508015 0.2665799 0.2817912 0.2801658 0.2345833 0.2580401 0.2465255 0.5093378 0.5359615 0.3913729 0.3554696 0.2688811 0.06884546 0.2919444 0.790306 0.4356276 0.9636444 0.5522491 0.4092931 0.4619453 0.001356614 0.000697288 0.00172915 0.001673958 0.002363682 0.00352225 1.125282 6.477826 0.7204411 0.008738634 0.006750361 0.003025588 0.008481673 0.01352517 0.01005811 0.01127298 0.008817013 0.004772951 0.01490639 0.0169163 0.01759919
19 0.02787822 0.0272168 0.1258289 0.1948264 0.2999904 0.2610498 0.1914523 0.2476723 0.2597554 0.3382579 0.5709196 0.5276511 0.4550162 0.4659203 0.2097024 0.125625 0.6044032 1.200294 0.508538 0.6158948 0.3516448 0.4332178 1.197421 0.001346405 0.0006583881 0.001541005 0.001956942 0.001797493 0.003281877 1.33766 4.980737 0.7562895 0.009927661 0.006929225 0.00330494 0.008168982 0.01539887 0.01070509 0.01188534 0.008286609 0.004781806 0.01441725 0.01784396 0.01790062
20 0.02726934 0.02723353 0.182089 0.1574582 0.2875644 0.2803585 0.2320798 0.2103574 0.3225887 0.2471041 0.5743298 0.6457421 0.5538816 0.4894778 0.4457128 0.2994462 0.3258342 1.008619 0.5488392 1.002245 0.3351696 0.09345883 0.2082174 0.001871758 0.0008079386 0.001722089 0.001761062 0.002525357 0.003342839 0.8186158 2.054224 0.6411712 0.008961641 0.00706444 0.002752975 0.007519789 0.01397911 0.008766789 0.01233451 0.01035236 0.004274436 0.01311296 0.01905114 0.0148021
21 0.02760482 0.02722461 0.1449947 0.1818987 0.2460524 0.2116421 0.2370689 0.2590719 0.2722031 0.2677599 0.5610145 0.5490081 0.416017 0.4274344 0.2057076 0.1907568 0.4926338 0.8279803 0.2161118 0.4796018 0.595275 0.5488103 0.7203803 0.001330979 0.0006558165 0.001763226 0.00221393 0.002746319 0.002902906 0.8467694 3.137998 1.239244 0.009212233 0.00701714 0.003060537 0.008820715 0.01434905 0.01063162 0.01266254 0.008859648 0.004906868 0.01489133 0.01935359 0.0187698
22 0.02742897 0.02722271 0.1539362 0.1647611 0.3028889 0.3007156 0.2718987 0.2682217 0.2707059 0.3138251 0.6457601 0.5772348 0.3845071 0.4409636 0.2014963 0.1817965 0.4309443 0.8318277 0.4338155 0.3189595 0.5785586 0.5859656 0.8512272 0.001217841 0.000874593 0.001501144 0.001810114 0.002675223 0.004360261 0.9300503 2.071495 0.9875368 0.009351552 0.006929311 0.002985189 0.007546856 0.01459933 0.0094256 0.01179877 0.008581652 0.004599016 0.01264893 0.01813672 0.01572662
23 0.0274538 0.02721661 0.1284808 0.1753599 0.3109392 0.3163645 0.1988521 0.2243908 0.297241 0.3054973 0.5288401 0.5049979 0.5126746 0.4856779 0.1355173 0.2155558 0.503782 0.7127828 0.5265955 0.7656229 0.3444244 0.5535331 0.906672 0.0009585645 0.0007022203 0.001756804 0.001671247 0.001926945 0.00249534 1.403407 2.709361 0.6418899 0.00916515 0.006920772 0.002865907 0.007284393 0.01435636 0.008800835 0.01258122 0.009109279 0.004730614 0.01293234 0.01961893 0.01606861
24 0.02733437 0.02721678 0.1380277 0.1363558 0.2745125 0.2449234 0.1893042 0.18814 0.2069685 0.2364663 0.5032767 0.4591695 0.3229011 0.3265678 0.1045681 0.04841916 0.2396737 0.9685622 0.3323636 0.80904 0.2708651 0.2700057 0.5730136 0.001224031 0.0007286347 0.001531177 0.0019828 0.001581009 0.003565634 1.810693 2.640666 0.6675359 0.007891109 0.006111434 0.002872789 0.008255769 0.01220103 0.009841658 0.0105406 0.008869833 0.004831047 0.01532249 0.01590552 0.01783233
25 0.02725609 0.02721674 0.1547263 0.1393618 0.2937997 0.2996007 0.2176759 0.1984796 0.2670884 0.2742173 0.6839419 0.6669576 0.4394035 0.4371584 0.2330518 0.1100682 0.2129837 0.5548391 0.6646627 1.200637 0.5941944 0.2793327 0.3175039 0.00133386 0.0007423507 0.001796416 0.001598218 0.002015041 0.003474799 2.018143 5.49436 1.045923 0.009618486 0.007195586 0.002918294 0.006713304 0.01506669 0.008350169 0.01176854 0.009358112 0.00437283 0.01231234 0.01817945 0.01442539
26 0.02745345 0.02730929 0.1500654 0.1841683 0.3334487 0.2776912 0.2019126 0.2513978 0.2425201 0.2437204 0.5052461 0.4922196 0.400235 0.4355583 0.2462516 0.1980728 0.3597226 1.222656 0.7368327 0.6698693 0.4823355 0.3049191 0.5335796 0.001687924 0.0008276211 0.00258664 0.00191281 0.00282516 0.005027818 1.968328 2.346372 0.666224 0.00911092 0.006638154 0.003340254 0.009199129 0.01393037 0.01135098 0.01278444 0.009481794 0.00555574 0.01646968 0.01933911 0.01985501
27 0.02723338 0.02721662 0.1264779 0.1382766 0.2950457 0.3055854 0.1932692 0.1897085 0.2343584 0.2217865 0.460775 0.4923141 0.3602184 0.3578778 0.1481161 0.0815321 0.2475881 0.9223709 0.6550909 0.6666053 0.4701127 0.2331664 0.3446372 0.001505472 0.0005476445 0.001375252 0.001467409 0.002003794 0.002616906 1.430837 3.2848 0.9339213 0.008379119 0.005988575 0.002799162 0.006796801 0.01297396 0.008690968 0.0112799 0.008316333 0.004501298 0.01272676 0.01711545 0.01552111
28 0.02769099 0.02721729 0.1683643 0.1805558 0.2640668 0.2812331 0.2606038 0.2629879 0.2494801 0.3049202 0.5970853 0.5742673 0.3950731 0.4293677 0.5403158 0.269726 0.4056575 0.6518609 0.2912979 0.7389864 1.019636 0.5767454 0.5802758 0.001718467 0.0008806191 0.001587832 0.002114537 0.002393076 0.005224302 1.771979 2.624777 0.9557695 0.00926233 0.006403934 0.003268466 0.008550914 0.01422422 0.011214 0.01190329 0.009024084 0.0050392 0.01586059 0.01793565 0.01963411
29 0.02727905 0.02721656 0.1241052 0.1412432 0.2397419 0.295857 0.1807139 0.1863357 0.2440014 0.2418003 0.5609539 0.5302646 0.3558141 0.365652 0.1993798 0.09763821 0.301532 0.3407711 0.613722 1.108854 0.4008397 0.2247148 0.4162695 0.001564088 0.0006095441 0.001549375 0.001464178 0.002174664 0.00324355 1.510757 1.677782 0.7864362 0.008227611 0.006286249 0.002790111 0.007347118 0.01291932 0.008855098 0.01164357 0.007860085 0.004757165 0.01276414 0.01773733 0.01618154
30 0.02726847 0.02737239 0.1435112 0.183879 0.405381 0.3420666 0.23263 0.2890868 0.2634224 0.3276378 0.5181424 0.4415225 0.3573463 0.4489408 0.2695393 0.1791551 0.3972981 1.537738 1.129347 1.280042 0.6987569 0.5414984 0.7279564 0.001450932 0.0006709476 0.002176261 0.001967525 0.003179481 0.003690278 3.615804 26.28987 1.21252 0.008922821 0.006307457 0.003435882 0.009445443 0.01360935 0.01187411 0.01341117 0.008758933 0.005887218 0.01630543 0.02018946 0.02058236
31 0.02772463 0.02721835 0.1775883 0.2013621 0.3699851 0.300772 0.3003039 0.3219587 0.3298645 0.3568628 0.6789358 0.7040783 0.5494479 0.5498107 0.3523546 0.2384727 0.5708264 0.8965654 0.3529866 0.4481372 0.7199229 0.5022536 0.8606009 0.001583878 0.001071604 0.001863967 0.002673323 0.002495832 0.005395214 1.080779 3.584882 0.8475467 0.009469007 0.006991853 0.002979162 0.006993193 0.01483066 0.008980821 0.01224365 0.009551953 0.004318484 0.01179211 0.01897077 0.01432696
32 0.02760745 0.02721823 0.1437584 0.1920099 0.3284294 0.3170817 0.2339436 0.262631 0.2309886 0.2440027 0.5033083 0.4942778 0.3888103 0.3740127 0.1944027 0.1377195 0.3193433 1.552852 1.036186 0.4849088 0.4003801 0.2069357 0.4691803 0.001672719 0.0006689301 0.001134301 0.001671958 0.002276917 0.003077008 1.821653 3.221963 0.960294 0.009120713 0.00662176 0.003244493 0.008697389 0.01399652 0.01060498 0.01072979 0.00829419 0.004613224 0.01399494 0.01617426 0.01636595
33 0.02736129 0.0272166 0.10145 0.1261222 0.2143612 0.2047309 0.1773437 0.19805 0.2735651 0.2615685 0.4948516 0.523875 0.4323273 0.3796645 0.1362097 0.01474344 0.2429759 0.4000938 0.1244867 0.6840444 0.2835537 0.05652762 0.3457156 0.002267273 0.0008178013 0.001576221 0.001994318 0.002229136 0.003323698 1.548304 2.499977 0.732094 0.009111458 0.006785136 0.003103213 0.00802564 0.01416769 0.009781429 0.01070771 0.007800719 0.004712786 0.01365215 0.01599601 0.01641546
34 0.02732711 0.0272166 0.1485101 0.1584156 0.2501076 0.2735757 0.2414008 0.2497103 0.2848165 0.2653911 0.4468738 0.4776787 0.4525924 0.4274562 0.2741883 0.1555632 0.3508073 0.4908096 0.3187708 0.5103135 0.6332403 0.3113948 0.5449468 0.002548774 0.0006805699 0.001895125 0.001753887 0.002867792 0.002688306 3.934346 2.149218 1.145295 0.009537465 0.007116116 0.003182601 0.00764987 0.01493651 0.009407564 0.0112269 0.008527594 0.004564622 0.0125361 0.01715839 0.01522044
35 0.0278116 0.02722594 0.148346 0.1709198 0.2427867 0.1821601 0.2272978 0.2443403 0.3156095 0.3211379 0.7276542 0.726602 0.4608562 0.4883218 0.3627543 0.04638271 0.6416632 0.743181 0.1050179 0.3427529 0.608553 0.1382419 0.7866633 0.001363171 0.000747911 0.002250566 0.001997154 0.002789054 0.002542601 0.7340843 2.643008 1.776632 0.009647213 0.007005365 0.00312492 0.007508442 0.01499999 0.009498133 0.01096176 0.008206392 0.004300826 0.0124003 0.01669184 0.01514809
36 0.02739451 0.02721665 0.1297474 0.1319353 0.2703337 0.315352 0.1959423 0.1774743 0.2658629 0.2386977 0.5976305 0.6474768 0.4946517 0.4563166 0.2151947 0.07732785 0.2097828 0.4014355 0.9255321 1.685319 0.3448155 0.1584118 0.3534051 0.001497714 0.000797299 0.001612294 0.002042668 0.00240563 0.002598907 1.257159 6.74756 0.6571692 0.008874728 0.0066571 0.002882189 0.007347014 0.01385537 0.009026346 0.0117297 0.008709629 0.004560993 0.01279645 0.01777728 0.01555838
37 0.02763445 0.02721852 0.1540813 0.1797403 0.3143357 0.3050144 0.2366971 0.2443462 0.2836301 0.2930525 0.5583942 0.5558346 0.446261 0.4147037 0.2077891 0.1523747 0.4259847 0.8698929 0.6583867 0.5171823 0.4205076 0.3844984 0.6983311 0.001885581 0.0007660303 0.001546504 0.00192886 0.002229101 0.002994987 1.509855 4.385929 0.9976594 0.009878397 0.007395884 0.003253129 0.00932468 0.01530871 0.0112352 0.01206657 0.009541594 0.004554245 0.01504663 0.01827992 0.01758131
38 0.02760062 0.02721658 0.1536409 0.1479127 0.2014801 0.2558295 0.1565155 0.1647275 0.250935 0.2447592 0.5189801 0.5410065 0.4701613 0.4253184 0.4153165 0.1817995 0.1956852 0.219689 0.2440838 0.5699064 0.2639662 0.02547112 0.4435421 0.00174619 0.001030932 0.001303374 0.002903779 0.002476092 0.00468937 1.255934 0.8912536 0.9506053 0.008593242 0.006463281 0.002874452 0.007739513 0.01338079 0.009367061 0.01140613 0.008934612 0.004318706 0.01352491 0.01740006 0.01597593
39 0.02730888 0.02721708 0.1966374 0.1843844 0.347899 0.3719464 0.3338453 0.2964648 0.2647895 0.2485781 0.5763447 0.6197784 0.4900075 0.4681831 0.4056564 0.2511687 0.3755363 1.212146 0.8840806 1.235161 0.8656119 0.5466736 0.6623356 0.001997231 0.0007898668 0.001283548 0.001835656 0.002718597 0.003473213 1.262285 4.989464 0.7452532 0.00883689 0.006350643 0.002785256 0.006818358 0.0136672 0.008705264 0.01230188 0.00957732 0.004148236 0.01240315 0.01872827 0.01468603
40 0.02745739 0.02721665 0.1002014 0.1340069 0.2135815 0.1673471 0.1502082 0.1740076 0.2402782 0.2844551 0.5238601 0.5378112 0.4652243 0.486388 0.1125958 0.02746265 0.3401615 0.626327 0.09059469 0.2030843 0.189524 0.05592207 0.4395885 0.001578754 0.000772779 0.00126933 0.002158769 0.002692702 0.003288472 1.317479 2.02052 1.232634 0.008794446 0.006185215 0.002853823 0.007015876 0.01364081 0.009112015 0.01078183 0.007281903 0.004277277 0.011852 0.01639685 0.01512846
41 0.02733332 0.02721663 0.116912 0.1631809 0.2663757 0.2629523 0.2101792 0.2203546 0.2608331 0.2350265 0.5483502 0.5825002 0.3966475 0.3933005 0.1325447 0.1020539 0.386749 0.8743721 0.3525938 0.5930062 0.3598851 0.1851083 0.4652999 0.001381863 0.0008211193 0.001286684 0.001742962 0.002183811 0.003677645 3.453657 2.882336 1.512024 0.009086604 0.006653973 0.003009004 0.007668902 0.01422637 0.009920241 0.01167478 0.007856975 0.004608433 0.01259692 0.01774259 0.01687778
42 0.02736863 0.02721659 0.1334472 0.1435692 0.1935088 0.211143 0.1782977 0.1820967 0.2438086 0.2502414 0.5448523 0.5343585 0.4060423 0.4227953 0.1180211 0.03380742 0.1767672 0.4574843 0.1162947 0.7858255 0.2878324 0.02783328 0.2025887 0.001043913 0.0005675583 0.001960991 0.001540276 0.002051073 0.00363251 1.282135 2.178135 0.4222342 0.009585147 0.007077242 0.003189431 0.008009427 0.01496693 0.009754014 0.01122671 0.008102683 0.004731577 0.01341029 0.01706437 0.01613956
43 0.02733129 0.02722269 0.193095 0.2095899 0.4019101 0.3107803 0.3094271 0.3143263 0.2916654 0.2691161 0.6571705 0.6937573 0.4914678 0.4834099 0.4102661 0.3142116 0.4852791 0.8086494 0.1456223 0.3315957 0.8537364 0.6611469 0.9953963 0.001811491 0.0007797536 0.00166704 0.002032171 0.002320274 0.004305929 2.148934 3.708428 0.9472774 0.008422056 0.006340061 0.002777742 0.007286104 0.01307539 0.008805619 0.01302562 0.01129367 0.004301331 0.01325854 0.02024644 0.01406529
44 0.02737983 0.02721658 0.08697715 0.1387546 0.2389946 0.2590655 0.1823262 0.1868122 0.2402836 0.2212382 0.5261346 0.5356566 0.379746 0.3319809 0.05007451 0.0232209 0.2807389 0.5293408 0.431492 0.9336852 0.2515616 0.1333914 0.3245816 0.001466185 0.0005954958 0.001438461 0.001549738 0.001839652 0.003032428 1.629973 2.340825 1.064197 0.008510595 0.006443646 0.002821127 0.007548839 0.0131743 0.009106582 0.01037426 0.007693062 0.004412836 0.01253223 0.0156459 0.01528204
45 0.02760282 0.02723963 0.1381865 0.1559288 0.2138549 0.1876369 0.1957879 0.1921281 0.2565618 0.2673555 0.5670508 0.6066147 0.4281345 0.4167467 0.1998024 0.1112126 0.3224047 0.8073607 0.1080198 0.4211346 0.3509852 0.2583905 0.3773328 0.001454956 0.0005449207 0.001712708 0.002293569 0.002165316 0.002512189 1.18636 2.431311 0.5985058 0.009476495 0.006856765 0.003087493 0.007723044 0.01472974 0.009811546 0.01132299 0.008421639 0.004578457 0.01351275 0.01713849 0.01634786
46 0.02750453 0.02721934 0.1612861 0.1352723 0.2567309 0.2592727 0.2521513 0.2122319 0.2819851 0.2531848 0.5030298 0.5566997 0.4477192 0.4146406 0.2011641 0.09853127 0.1805895 0.511063 0.3693133 0.6420316 0.713309 0.173493 0.3726731 0.002135879 0.0007084063 0.001864741 0.002072326 0.003617359 0.003404968 1.084532 2.056622 0.5459586 0.009404199 0.007022004 0.003201403 0.008279014 0.014661 0.01001219 0.01133939 0.009179837 0.004732762 0.0149581 0.01709898 0.01717658
47 0.02731673 0.02721812 0.1396907 0.1665562 0.2803712 0.2578947 0.2336674 0.2383569 0.2728988 0.2714969 0.5977017 0.5756867 0.4153977 0.4435405 0.1496922 0.1114837 0.3348758 0.7748407 0.2901863 0.6318801 0.4527509 0.2675193 0.5178801 0.001863139 0.0006340123 0.001591908 0.001787308 0.002225129 0.003637768 1.614792 2.571106 0.7043412 0.0091619 0.006807963 0.002974848 0.00728095 0.01435128 0.009060413 0.01193833 0.008269723 0.004753002 0.01336716 0.01830757 0.01677998
48 0.02734727 0.02721685 0.1517995 0.1566978 0.2472929 0.2510725 0.2321998 0.2207657 0.2551758 0.2741517 0.5471996 0.5223781 0.4232538 0.4303463 0.299362 0.1323087 0.2362408 0.6816592 0.2909326 0.8960101 0.7608833 0.4614302 0.3946138 0.001305909 0.0007442397 0.001705714 0.001716981 0.002921865 0.003362741 1.643054 2.33314 0.6070984 0.009293367 0.006961282 0.003066074 0.007926409 0.01434877 0.009526792 0.01211427 0.009100212 0.004938965 0.01444268 0.01811833 0.01711847
49 0.02756598 0.0272221 0.1827297 0.1979211 0.27761 0.2624076 0.2759145 0.2868122 0.2640174 0.2700595 0.5329851 0.5291665 0.4820641 0.4539333 0.3739503 0.2455257 0.4423994 1.030642 0.4825928 0.7282616 0.5198751 0.419144 0.8123142 0.001585934 0.001032151 0.002139768 0.002000696 0.002545807 0.003681062 0.9402645 2.106579 1.032798 0.008830569 0.006774746 0.00289934 0.007252759 0.01378294 0.008523089 0.01202004 0.009356153 0.004780088 0.013015 0.01863197 0.01515718
50 0.02733408 0.0272169 0.1438631 0.1414278 0.2207057 0.2144154 0.2460671 0.2132327 0.2877295 0.2665901 0.616469 0.6607769 0.4161246 0.3804055 0.2248764 0.09566142 0.2406489 0.5619321 0.1094694 0.4880663 0.7115887 0.5464104 0.6479351 0.001701165 0.0008456941 0.001335366 0.001783514 0.002852373 0.00413931 1.359392 2.739629 0.8863146 0.009525784 0.007077626 0.003053736 0.007474 0.01487785 0.009324688 0.01144216 0.009313082 0.004601344 0.01429131 0.0177113 0.01680039
51 0.02737028 0.02721703 0.1244786 0.1123459 0.2649388 0.236974 0.1869829 0.1513099 0.2559089 0.2683259 0.5162923 0.5499603 0.4047355 0.402959 0.1671128 0.01702955 0.1787006 0.8305012 0.451037 0.4429652 0.3825009 0.09864734 0.2097935 0.001380029 0.0007060645 0.001354963 0.002048542 0.002374291 0.003379365 2.475481 5.32442 1.321902 0.008955768 0.00656273 0.003063356 0.008095381 0.01383015 0.009871055 0.01072842 0.008596695 0.004468324 0.01428105 0.01608072 0.01654168
52 0.02721379 0.02721658 0.1671097 0.1874154 0.3367737 0.3533252 0.2734621 0.2831756 0.2873129 0.2403606 0.4691193 0.5289797 0.4295273 0.4100387 0.338155 0.3327659 0.5415251 0.9912473 0.7426012 1.01442 0.5957614 0.6082051 1.014815 0.002018942 0.001006 0.002011411 0.002429286 0.002460095 0.003679664 2.84596 10.43584 0.5966603 0.008110351 0.005767204 0.002754156 0.007380047 0.01246819 0.009194053 0.01295379 0.009451503 0.004877646 0.0136677 0.01974106 0.01668078
53 0.02771609 0.02721739 0.1570313 0.1711111 0.3053099 0.320998 0.2677985 0.2551435 0.2527313 0.3536218 0.5783594 0.5281729 0.4651948 0.4995823 0.3598623 0.2279982 0.3140708 0.6366984 0.8541947 1.495375 0.7998809 0.6388939 0.5809025 0.001589896 0.0005688711 0.001555209 0.001889925 0.002286551 0.002547378 1.317378 4.913921 0.7733102 0.009568245 0.006720661 0.003137547 0.008181583 0.01472475 0.01027849 0.01250523 0.009166216 0.00476612 0.0144913 0.01880703 0.0173797
54 0.02728726 0.02721656 0.1392434 0.1581864 0.2384338 0.265347 0.2287998 0.2350117 0.2486595 0.2294102 0.5172564 0.5083029 0.4114595 0.3959323 0.1573805 0.1519392 0.3584983 0.577578 0.3810628 0.926059 0.4150201 0.3621548 0.6612703 0.001061501 0.0005663089 0.001520788 0.001440848 0.001695466 0.002483104 1.251215 3.048171 1.05107 0.008647131 0.006572769 0.002776572 0.007248329 0.01347235 0.008664668 0.01145751 0.008394088 0.004434204 0.01271989 0.01754426 0.01562436
55 0.02778643 0.02730885 0.1579726 0.1773238 0.3153431 0.2911275 0.2291054 0.2207963 0.2775449 0.2837399 0.5330834 0.5535912 0.4344284 0.4171701 0.2752982 0.07790325 0.3188617 1.195483 0.7306935 0.7410801 0.5648976 0.2996934 0.493657 0.001312681 0.0008660252 0.001927033 0.002084166 0.002802576 0.002910565 1.042008 2.68963 1.307181 0.009150989 0.006811632 0.00314328 0.008412408 0.01421296 0.01025887 0.01153012 0.00923579 0.004801771 0.01433806 0.01770286 0.01694602
56 0.02748965 0.02721961 0.1320222 0.1643993 0.2970179 0.2876642 0.2111609 0.2118276 0.2635911 0.3175842 0.5525275 0.521744 0.4294436 0.4533816 0.1098249 0.06466093 0.2894627 0.7273636 0.5525858 0.8384241 0.2365914 0.1401265 0.3123698 0.001557901 0.0008702123 0.001881472 0.002195014 0.002677067 0.004044728 1.622097 2.766905 1.191449 0.009745761 0.007087025 0.003241257 0.008236902 0.01509036 0.0104061 0.01159802 0.008400764 0.004737515 0.01335082 0.01776153 0.01675213
57 0.02744144 0.02722723 0.1479937 0.1706981 0.2615039 0.2480692 0.2432421 0.2650572 0.2223562 0.2584389 0.5086443 0.4890065 0.3731997 0.3983192 0.1285081 0.0838421 0.2825517 0.5505852 0.3094106 0.3499778 0.2426431 0.2293325 0.4530557 0.001211501 0.000520576 0.001681989 0.001507362 0.002530057 0.003031474 1.828502 3.526052 0.8317072 0.008577104 0.006279874 0.002879317 0.007499407 0.0132579 0.009359052 0.01092473 0.008178413 0.004406041 0.01355941 0.01672767 0.01641681
58 0.02764821 0.02725863 0.1611603 0.1792232 0.3225255 0.2709209 0.246478 0.2575056 0.2152817 0.268317 0.4376256 0.4479286 0.3659551 0.3989612 0.3818344 0.2497892 0.3163312 1.345858 0.5279324 0.3952203 0.8213186 0.5688128 0.6176288 0.001418652 0.0006886903 0.001688752 0.001452624 0.002817128 0.002433403 1.162858 2.324417 0.7236017 0.009077996 0.006204317 0.003326378 0.00927701 0.01389569 0.01196496 0.01259198 0.009489882 0.005342671 0.01679519 0.01907118 0.02039611
59 0.02739968 0.02716131 0.132667 0.140467 0.2630203 0.253769 0.2069234 0.1761909 0.2342139 0.2668403 0.4647989 0.4924324 0.3977619 0.3955711 0.2187281 0.05900658 0.1891049 1.172738 0.5602833 0.450614 0.5063223 0.249392 0.2471208 0.001278826 0.0005912467 0.001219695 0.001622129 0.002208226 0.002344219 2.166136 8.11141 1.216986 0.008864846 0.006207091 0.003054506 0.008136498 0.01373428 0.01047903 0.01082874 0.008775812 0.004608801 0.0156059 0.01662766 0.01866273
60 0.02753572 0.02721966 0.1819662 0.1931878 0.3303516 0.3130562 0.2216148 0.2259776 0.2685769 0.2576864 0.6616869 0.7082682 0.5317786 0.4674 0.2444373 0.2368769 0.3485975 1.153955 0.3623527 1.153037 0.2874403 0.3016287 0.630536 0.001703074 0.0007093771 0.002171705 0.00204107 0.003742769 0.003976157 1.893924 1.694385 1.200425 0.009326607 0.006885063 0.00314669 0.007903327 0.01448267 0.009849035 0.01186092 0.01000229 0.004765523 0.01454946 0.01797407 0.01659769
61 0.02797034 0.02722344 0.1206792 0.1356785 0.3186101 0.2591738 0.2409257 0.2545751 0.3085725 0.3663092 0.5714453 0.5527858 0.4648829 0.4947699 0.4795369 0.01253342 0.5519668 1.152222 0.3536643 0.508651 0.6960944 0.3327008 0.7426251 0.001555728 0.0006748922 0.001948361 0.001473885 0.002298481 0.003962315 0.9895852 2.379923 0.8009009 0.009801058 0.007035525 0.003250808 0.007962702 0.01522229 0.01025 0.01122722 0.008084112 0.004833572 0.01420065 0.01710071 0.01761088
62 0.0279967 0.02721887 0.1536229 0.1596636 0.2577925 0.2314872 0.2103397 0.1868282 0.2588935 0.3197588 0.5758591 0.6363845 0.4695053 0.479682 0.3266694 0.09058816 0.3233963 0.8439082 0.3014917 0.6834891 0.7407601 0.1674068 0.3714625 0.001406442 0.0006728065 0.001551147 0.001827587 0.002432626 0.002794538 0.5436733 1.541122 1.937522 0.009853929 0.006869656 0.003412772 0.008707525 0.01519764 0.01114966 0.01195254 0.008617126 0.004871506 0.01452527 0.01809726 0.01774734
63 0.0273231 0.02721727 0.1145593 0.1350485 0.2739775 0.2633316 0.1726044 0.1702804 0.2205311 0.1908373 0.4260505 0.4659428 0.3531023 0.2976612 0.1146561 0.03465037 0.1701478 0.8148483 0.3419071 0.4264089 0.2423684 0.0824238 0.2324426 0.001508933 0.0009067633 0.001518605 0.001943523 0.002381851 0.002902012 1.178084 1.884724 0.9314444 0.008047389 0.006192682 0.002730735 0.007814913 0.01255587 0.00941165 0.009345313 0.007549967 0.003887673 0.01252153 0.01419372 0.01491696
64 0.02742129 0.0272486 0.1506737 0.1527779 0.3319699 0.3224925 0.2302202 0.2193731 0.2656093 0.2668623 0.5998754 0.6121658 0.4401214 0.4243212 0.1106109 0.06004559 0.3392199 0.703032 0.4408694 0.6191757 0.2279882 0.146005 0.4529529 0.001334272 0.000788187 0.001989124 0.002032728 0.002412752 0.00388531 2.175579 4.101062 0.7804822 0.009008437 0.006825202 0.003022795 0.007862559 0.01408252 0.009472262 0.01132275 0.008960997 0.004608055 0.01367265 0.01728839 0.01610938
65 0.02729124 0.02721796 0.1606915 0.1701257 0.2580077 0.2718987 0.2534674 0.244538 0.2795207 0.2804225 0.5015451 0.5269716 0.4482231 0.4312013 0.2319128 0.1366483 0.381139 0.5343669 0.4175516 0.6429215 0.4180621 0.2535626 0.5559865 0.001664274 0.0006347421 0.001370694 0.001441574 0.002774695 0.002823831 2.170133 3.663654 1.164401 0.008850575 0.006530851 0.002816442 0.007474433 0.01373743 0.00927449 0.01199518 0.009375886 0.00444621 0.01373137 0.0184554 0.01633877
66 0.02758383 0.02722286 0.1473943 0.1418136 0.3106661 0.3360619 0.1997244 0.1925231 0.2680186 0.2290991 0.5026927 0.5309011 0.3769344 0.3934235 0.3068432 0.07517923 0.2143436 1.095096 0.95435 1.4917 0.6366114 0.3563453 0.3771796 0.001459323 0.0007118631 0.001822845 0.001890418 0.002711441 0.003609312 0.9157529 1.683566 0.4195386 0.008049059 0.006006646 0.002921777 0.007931604 0.01245401 0.009738687 0.01184722 0.008668387 0.005103878 0.01511402 0.01796022 0.01840919
67 0.02776338 0.02721934 0.1476822 0.1663328 0.3004014 0.2930278 0.2305773 0.2330388 0.2153301 0.238323 0.51049 0.5113609 0.4410287 0.4212499 0.2649435 0.1611401 0.2842883 0.6349457 0.5493225 0.8581388 0.5514791 0.3308125 0.4031372 0.001587781 0.0008379929 0.002048023 0.00194292 0.002274291 0.002810798 1.361132 5.586298 1.155527 0.008168667 0.006167764 0.00291911 0.007627673 0.01270827 0.00917439 0.01213829 0.009259376 0.004835318 0.01273156 0.01898764 0.01536882
68 0.02754037 0.02721856 0.1471764 0.1765861 0.3140021 0.2864748 0.210683 0.2162209 0.2589903 0.2960059 0.6572067 0.6042489 0.4162625 0.4423731 0.248877 0.122424 0.3331214 1.035197 0.4554801 0.9586276 0.5873921 0.248736 0.5105633 0.001943482 0.0008615367 0.001254452 0.001941973 0.002508035 0.002681583 1.763389 2.13872 0.7006401 0.009582457 0.006983782 0.003113631 0.007945003 0.01486129 0.009862665 0.01268834 0.008687194 0.004963977 0.01364928 0.01963088 0.01720177
69 0.02735781 0.02722185 0.1446559 0.1482977 0.2315581 0.196295 0.2185137 0.203984 0.2168013 0.2116847 0.4722274 0.5181618 0.3807 0.357165 0.1935261 0.1440776 0.2975702 0.4983543 0.2379894 0.1906913 0.3358033 0.2428795 0.4337756 0.001694362 0.0008195651 0.001733596 0.00170544 0.003339133 0.003162327 1.240235 1.740455 0.7214243 0.008382163 0.006329562 0.002829791 0.007428633 0.0131213 0.009107199 0.01106562 0.008967593 0.004466997 0.01293026 0.01698315 0.01516763
70 0.02751713 0.02723524 0.1170091 0.1452771 0.3564067 0.3231819 0.187481 0.1414036 0.2279076 0.2400469 0.5677557 0.5649255 0.3910756 0.4153403 0.1564385 0.04545655 0.2317295 1.084279 0.8254358 0.9736472 0.4835014 0.05897993 0.201735 0.001009828 0.0006984766 0.001405103 0.001414847 0.002539595 0.003992507 1.223552 1.404199 0.9134666 0.007975258 0.00578323 0.002780289 0.007372156 0.01232561 0.00908485 0.01105185 0.007641877 0.004701776 0.01312774 0.01652158 0.01621991
71 0.02718327 0.02721658 0.1139324 0.135563 0.3176468 0.2906597 0.1713235 0.1806836 0.171904 0.2055597 0.4656344 0.42597 0.3517779 0.3549574 0.1632825 0.07345269 0.2883729 1.293996 0.8933933 0.8682318 0.4473958 0.2196116 0.5343818 0.0017288 0.0007172466 0.001522969 0.001457433 0.002218016 0.002964814 4.409198 26.41321 0.63758 0.007242387 0.005350406 0.002560097 0.006935508 0.01123938 0.008726073 0.01048252 0.008054729 0.004259236 0.01311213 0.01605886 0.0161185
72 0.02771101 0.02723409 0.1531143 0.1841639 0.2807474 0.2472321 0.2577739 0.2718257 0.2547725 0.2768476 0.6033544 0.6186585 0.4052953 0.408245 0.228192 0.1838537 0.4710764 0.7539651 0.211899 0.4939529 0.5715404 0.5391158 0.8352884 0.001207443 0.0008505654 0.001245374 0.001684352 0.00253213 0.003121584 1.074344 1.479604 0.7426049 0.00880426 0.006359412 0.002887506 0.007649239 0.01371445 0.009648987 0.01172811 0.008672953 0.004411067 0.01346811 0.01788263 0.01633059
73 0.02719691 0.02722645 0.1804328 0.1726951 0.299562 0.2603965 0.2305233 0.2005855 0.2358825 0.2659606 0.5100459 0.472197 0.3976931 0.4249376 0.3002562 0.2141247 0.2314949 0.998136 0.4377887 0.6284317 0.5728907 0.3300637 0.3334726 0.002342415 0.00114807 0.002222692 0.002711586 0.003337436 0.003713328 3.09947 6.233895 0.5099107 0.008536337 0.006432749 0.002921653 0.007463784 0.01320708 0.009087914 0.01091925 0.009028404 0.004549034 0.01357876 0.01680584 0.01593945
74 0.02745385 0.02721764 0.1524599 0.184124 0.2832343 0.2567138 0.2350962 0.2618352 0.2567987 0.2636333 0.5409517 0.5254836 0.4554212 0.4677083 0.2704322 0.1230506 0.4846211 0.9814894 0.4197887 0.2372961 0.4266839 0.2554642 0.5996613 0.001839431 0.000868185 0.00193184 0.002041004 0.002797792 0.003831791 2.936341 3.026147 0.8555346 0.009361385 0.006904398 0.003137226 0.007933917 0.01455191 0.009908211 0.01110977 0.008209885 0.004652235 0.01283753 0.01723756 0.01605437
75 0.02764672 0.02722432 0.1612804 0.1757382 0.2952342 0.290325 0.2509399 0.2471738 0.2182459 0.2719227 0.5047892 0.5158425 0.334693 0.371632 0.2955995 0.1471159 0.2152587 0.9210308 0.3887546 0.6991579 0.5891951 0.3905347 0.3316959 0.001510508 0.0006812084 0.001482529 0.001790606 0.002038941 0.003146951 1.552776 2.10803 0.7893175 0.009387538 0.006450654 0.003287177 0.008289066 0.01443676 0.01060412 0.0118186 0.008421884 0.004869009 0.01408194 0.01780515 0.01722506
76 0.02803537 0.0272196 0.1556767 0.1231726 0.3131025 0.3204872 0.157862 0.0999075 0.2624487 0.2717482 0.5159983 0.5185625 0.3767574 0.4132804 0.3732945 0.0202753 0.212006 0.9559054 1.012304 1.534662 0.3850157 0.008299036 0.1155598 0.001517711 0.0007453769 0.001998022 0.001928409 0.002204422 0.003569341 0.7364446 3.938825 0.9310865 0.008478392 0.006365715 0.003022652 0.008270998 0.01310505 0.01009862 0.01046312 0.007923933 0.004496387 0.01374079 0.01590551 0.01656516
77 0.02735724 0.02721716 0.1566095 0.1545001 0.2539328 0.2355324 0.2274813 0.2138145 0.2415374 0.2376154 0.6006193 0.5867847 0.4532718 0.4415133 0.2057523 0.1760708 0.2324606 0.7397176 0.3857103 0.6038101 0.3988808 0.2710889 0.3567356 0.001137663 0.0004542063 0.001359597 0.001625087 0.001893017 0.003261847 1.149375 1.444978 0.9782544 0.00883078 0.006750362 0.002829477 0.007321808 0.01384045 0.008708553 0.01162872 0.009263973 0.004197573 0.0126439 0.01789678 0.0146366
78 0.02760817 0.0272176 0.1462151 0.1450528 0.3029433 0.261121 0.2175243 0.204055 0.2162527 0.2443699 0.4362006 0.4293289 0.3588304 0.3387767 0.3192739 0.08185372 0.2394958 1.556122 0.916015 0.61664 0.5340762 0.2885423 0.3353387 0.001781441 0.0006664384 0.001645409 0.001740233 0.002389224 0.003328843 1.149415 7.255892 0.9342742 0.008364051 0.006023257 0.002895605 0.007940585 0.0128731 0.009821532 0.01055148 0.008669815 0.0044162 0.01431606 0.01567947 0.01644731
79 0.02781668 0.02722027 0.1709399 0.1774029 0.2268077 0.2506091 0.2709373 0.2054547 0.209135 0.267599 0.6245335 0.5713508 0.372058 0.4018066 0.426092 0.3092634 0.4159557 0.4467709 0.2844453 0.7675338 0.5274919 0.1132287 0.2019325 0.001543484 0.0005295801 0.001200159 0.001295479 0.001823362 0.003028692 1.059248 1.870712 0.7411356 0.007931061 0.006173497 0.002845036 0.008407622 0.01222357 0.01011616 0.01271742 0.009124368 0.005170692 0.01527867 0.01907403 0.01896653
80 0.02738025 0.02721733 0.1520013 0.1596869 0.2120981 0.2273135 0.2482811 0.2303218 0.2161463 0.2338456 0.5042046 0.5028643 0.372053 0.3908445 0.3248579 0.2163614 0.2973703 0.5134374 0.1805023 0.5012537 0.6417046 0.3602632 0.3222939 0.001494179 0.0006392284 0.001593626 0.001937976 0.001986091 0.003250103 1.357582 2.569833 0.7667268 0.008499039 0.006137832 0.002803194 0.007156741 0.01320681 0.009170124 0.01166228 0.008393391 0.004481843 0.01284789 0.01796364 0.01611067
81 0.02757146 0.02721685 0.09220021 0.163232 0.3674123 0.2775825 0.1755326 0.2380851 0.2907559 0.2798112 0.4888833 0.5063791 0.4609915 0.4426229 0.05369263 0.02287284 0.3590379 0.6970635 0.2098854 0.2502351 0.1377642 0.2987673 0.6203141 0.001752724 0.0007604572 0.001905823 0.001585005 0.003227318 0.003136914 1.475189 9.488188 1.984178 0.008064067 0.00591488 0.002715389 0.006802983 0.01251683 0.008369852 0.0104248 0.007438785 0.004279222 0.01146832 0.01608349 0.01415693
82 0.02771918 0.02721764 0.1639027 0.1585512 0.2588184 0.2409617 0.2376723 0.2188603 0.2400141 0.2556384 0.5773167 0.554145 0.3877035 0.4110569 0.4459453 0.1642228 0.3093353 1.071553 0.3064053 0.6611778 0.9088062 0.4917963 0.4060348 0.001601565 0.0006664033 0.001454441 0.001863215 0.002029036 0.003320979 0.989331 3.420301 0.9906451 0.008862168 0.006482547 0.003098036 0.008098 0.0138257 0.01008781 0.01133108 0.00893311 0.004968192 0.0150039 0.01744144 0.01793289
83 0.02725106 0.02721681 0.1380062 0.1400843 0.2114068 0.1816343 0.2047858 0.1944056 0.2592834 0.2580547 0.5373224 0.5626606 0.4318756 0.4694134 0.1983497 0.1282746 0.2545558 0.5562519 0.191907 0.2390416 0.4718278 0.2871375 0.368295 0.001808886 0.0004868146 0.001531144 0.00137897 0.002083218 0.002806634 0.8144713 2.35347 0.7429643 0.009666983 0.006718933 0.002973369 0.006182582 0.01512206 0.008460161 0.0127588 0.008521982 0.004404835 0.01084381 0.0197678 0.01434889
84 0.02752651 0.02721672 0.09389298 0.1378921 0.2852781 0.2510131 0.1427293 0.1789706 0.2409411 0.2313368 0.4740486 0.4911488 0.4075968 0.3692983 0.1116301 0.0270292 0.3520867 0.9060181 0.388588 0.5277122 0.2368127 0.1484032 0.5007579 0.002131505 0.0008850458 0.002472029 0.001923458 0.002387875 0.002877541 1.627688 4.823164 0.6832741 0.008135879 0.006068102 0.002781854 0.007384075 0.01252381 0.008956037 0.009819063 0.007184983 0.004261887 0.01228515 0.01489296 0.01495944
85 0.0273029 0.02721883 0.1539293 0.1688245 0.2552811 0.2563598 0.2382699 0.2392812 0.2572942 0.2551948 0.4871288 0.4908887 0.3914628 0.3830374 0.2417292 0.2486198 0.3831326 0.5186937 0.3133942 0.7093098 0.5791514 0.6457176 0.8260602 0.00193901 0.0008893722 0.002137673 0.001908657 0.002455426 0.00297093 2.824485 4.003666 0.9441636 0.008714544 0.006504809 0.003082558 0.007611839 0.0136155 0.009182507 0.01168628 0.009238422 0.004858258 0.01376993 0.01791954 0.01581295
86 0.02732189 0.02728684 0.1297616 0.1651008 0.3139066 0.266219 0.2029205 0.2348446 0.2317759 0.2486782 0.4901671 0.4871364 0.3778057 0.3981711 0.1616191 0.1460004 0.3995647 1.333296 0.7212675 0.4950341 0.3394729 0.2912144 0.7938296 0.001530035 0.0006136535 0.001069869 0.001936612 0.002212199 0.002916031 2.168135 1.959774 1.104387 0.008899188 0.006462401 0.003046598 0.008155514 0.01382912 0.0101842 0.01120847 0.007812406 0.004577081 0.01310718 0.01692583 0.01648885
87 0.02744453 0.02721662 0.137493 0.1459706 0.2902135 0.3217871 0.220724 0.213832 0.2323137 0.2194334 0.5487621 0.5766069 0.3728786 0.3595873 0.2694994 0.138004 0.3043639 0.8138025 0.7185599 1.234986 0.6797972 0.3461813 0.5313304 0.0009376204 0.0004851042 0.001891017 0.001364118 0.002289769 0.002615896 1.113173 2.736206 0.7996109 0.008333801 0.006221088 0.002792074 0.007316774 0.01298095 0.009125505 0.01156127 0.008480818 0.004546844 0.0129528 0.01783031 0.01619837
88 0.02757434 0.02721726 0.1644972 0.1819663 0.278214 0.2276026 0.2527861 0.25731 0.2286747 0.2748484 0.5448317 0.5270941 0.3924581 0.4156541 0.300067 0.2349868 0.3299429 1.010578 0.4749529 0.4503662 0.6749401 0.4703863 0.5329345 0.001435665 0.0006084552 0.00157898 0.001818207 0.002650454 0.003437118 2.483371 3.946111 1.307339 0.008954144 0.006483807 0.002967208 0.007500131 0.01392483 0.00956901 0.01231502 0.00907677 0.004818698 0.0137099 0.01863194 0.01689776
89 0.02758275 0.02721661 0.1342504 0.2000621 0.2660113 0.2892808 0.2444116 0.2632144 0.3033561 0.2610164 0.5793341 0.6186758 0.4559756 0.4061963 0.2104649 0.2206835 0.6135506 0.7106121 0.4643508 0.7884951 0.5540801 0.4411797 0.7870132 0.001755267 0.001080671 0.002069762 0.002377332 0.002980979 0.003683979 1.941012 2.843894 0.922149 0.009025261 0.006760869 0.003112839 0.008726306 0.01400276 0.01067116 0.01308313 0.008683633 0.005079867 0.01502583 0.01940339 0.01911174
90 0.02756267 0.02721869 0.1553683 0.1565215 0.2623567 0.2243664 0.241223 0.223004 0.2499027 0.3139117 0.6880405 0.6309914 0.4315985 0.4678444 0.2858824 0.12096 0.1998454 0.5739087 0.1866982 0.5355557 0.6142638 0.3566532 0.3028781 0.001613236 0.0005753932 0.001744975 0.001609628 0.00271446 0.003088367 1.845557 1.778638 0.5878249 0.009106824 0.006699701 0.003018204 0.007747943 0.01411779 0.009730648 0.01168697 0.008766856 0.004848856 0.0144373 0.01745822 0.01755452
91 0.0273229 0.02721757 0.1375768 0.1424504 0.2585293 0.2392041 0.2044005 0.1841839 0.2529379 0.2471976 0.5327846 0.5818794 0.4048656 0.4180522 0.2865932 0.1285327 0.3316286 0.800589 0.4890354 0.3835156 0.5728523 0.2727437 0.3943245 0.001129601 0.0005873902 0.001475261 0.001780336 0.002209272 0.003037102 1.0805 2.287456 0.6838535 0.00938248 0.006463407 0.003041656 0.006674478 0.0144889 0.008959902 0.01201266 0.008782523 0.004748001 0.01273345 0.01840372 0.01555184
92 0.0278097 0.02722059 0.1365486 0.1688136 0.3002562 0.2915061 0.1843342 0.1713942 0.2560229 0.2669354 0.5683651 0.5661933 0.4674632 0.4746564 0.2704379 0.1092964 0.300341 0.4199167 0.362225 0.5210642 0.4900417 0.1384787 0.3622273 0.001334529 0.0007303008 0.002180327 0.001558342 0.00219105 0.003176439 0.9677978 2.101425 0.7844897 0.009824519 0.007194681 0.00342173 0.008016418 0.0153289 0.01022893 0.01227674 0.008693573 0.005172331 0.01308031 0.0189438 0.0167296
93 0.02719618 0.02721658 0.1219366 0.1605972 0.263327 0.2526918 0.1830963 0.2228613 0.2293046 0.2565413 0.6226274 0.563257 0.4086705 0.4275741 0.1495316 0.1020113 0.2361335 0.7171566 0.338827 0.717342 0.3530837 0.1921178 0.346841 0.001487821 0.0007740083 0.001275091 0.001902141 0.002545688 0.004302595 3.552594 2.004934 1.730867 0.008456883 0.006259659 0.002712322 0.006729658 0.0131835 0.008504746 0.01063262 0.007695982 0.004161418 0.01158311 0.0163877 0.01467589
94 0.02742502 0.02721824 0.1638319 0.1552922 0.2678035 0.2689392 0.2597415 0.2306263 0.2649648 0.2520516 0.5196208 0.5523098 0.4382359 0.3960474 0.3257655 0.1580432 0.2926024 0.5031611 0.3566921 0.6542272 0.6830678 0.4966486 0.5182734 0.001643446 0.000749561 0.001725066 0.001711724 0.002924378 0.002757438 1.629011 3.695702 0.7947065 0.009206327 0.006891558 0.00306849 0.007812585 0.01440194 0.009692868 0.01146381 0.009425167 0.004625052 0.01424044 0.0176731 0.01683898
95 0.02738032 0.02723305 0.1465222 0.1746185 0.3165309 0.29097 0.2228855 0.2345653 0.2486081 0.2838542 0.5914736 0.5724471 0.4398216 0.4476806 0.1729598 0.1986851 0.3857365 1.384833 0.88962 0.6629503 0.3559243 0.4888708 0.8451088 0.00156056 0.0006898735 0.001809285 0.001512781 0.002476783 0.002620838 2.890357 2.507768 0.6007472 0.009430967 0.007091547 0.003167266 0.008330199 0.01475295 0.01026706 0.01276107 0.009696293 0.004906848 0.01401754 0.01961939 0.01688525
96 0.02721994 0.02721723 0.1420081 0.1380914 0.2330991 0.2324454 0.1859743 0.1932013 0.2457351 0.2017946 0.6163837 0.6729459 0.3489633 0.3363043 0.2088516 0.07202068 0.2213348 0.2953701 0.0890539 0.3181574 0.247875 0.08366129 0.3883089 0.001462937 0.0007049433 0.001458784 0.001472066 0.002357695 0.003136029 2.35023 2.442464 0.4245113 0.008280992 0.006238796 0.002972025 0.008570804 0.01279444 0.01039365 0.01078052 0.008701465 0.00473418 0.01619235 0.016124 0.01906094
97 0.0278235 0.02722492 0.1601971 0.1869609 0.2732731 0.2655086 0.2474374 0.2475464 0.2743123 0.2860612 0.534339 0.52737 0.4569177 0.4257731 0.3259199 0.1832203 0.5128757 1.109096 0.522871 0.6249407 0.6962422 0.4986618 0.8200139 0.001850567 0.0007288308 0.001777652 0.001652412 0.003370378 0.002589301 1.727876 5.433059 0.690349 0.009445813 0.007015772 0.003374534 0.008974451 0.0146447 0.01104129 0.01162999 0.009669314 0.005224214 0.01626271 0.0174954 0.01906437
98 0.02743019 0.02729369 0.1463593 0.1660707 0.2031792 0.2248191 0.2140462 0.2344761 0.2335533 0.2529013 0.4783431 0.4767287 0.3825492 0.3739498 0.227403 0.1396655 0.400821 0.554015 0.1247503 0.8744044 0.3975537 0.3907641 0.7404263 0.001445922 0.0005737754 0.001276741 0.001388828 0.002715918 0.002706189 2.546371 0.7463438 1.193678 0.009330655 0.006913506 0.003299157 0.009229267 0.01445212 0.01130593 0.01176834 0.008435501 0.00509413 0.01579643 0.0176217 0.01930541
99 0.02736547 0.02724808 0.1719792 0.1626898 0.341673 0.3369753 0.2681133 0.2477542 0.2385209 0.268034 0.5406612 0.5435215 0.4200807 0.4195816 0.3332887 0.1776438 0.2568207 1.13728 0.9153673 1.165126 0.7504357 0.4371724 0.5158204 0.00119403 0.0007919801 0.001629072 0.0020848 0.002645594 0.003647469 2.838813 3.362072 0.702088 0.00868621 0.006464788 0.002968766 0.008126731 0.01340651 0.009888714 0.01217704 0.009382161 0.004728931 0.01440038 0.01851299 0.01701622
100 0.02748867 0.02721704 0.1284437 0.1767445 0.2456472 0.2471241 0.2172182 0.2520704 0.2834906 0.261082 0.5464491 0.5820244 0.4647423 0.4271409 0.07559277 0.2252175 0.4328584 0.8077993 0.3290076 0.4920159 0.1639574 0.1909345 0.4311545 0.001563395 0.0005737396 0.002310185 0.001693141 0.002676209 0.003140534 1.476753 1.716708 0.7539804 0.009412167 0.006978237 0.003044913 0.007033135 0.01479648 0.008901099 0.01125449 0.008384255 0.004559663 0.01241039 0.01731168 0.01554555
